utc,sample,kind,route_key,base,venue_a,venue_b,mid_basis_bps,z,baseline_mean_bps,baseline_sd_bps,exec_high_bps,exec_low_bps,fee_bps,exit_spread_bps,expected_high_bps,expected_low_bps,position
2026-09-30T06:37:28.299277+00:00,0,PERP,ICP|HTX|MEXC,ICP,HTX,MEXC,-54.17276720351527,-1.0247943117666456,-35.000367523026505,18.708534444768155,-73.07804735457447,-35.200938691699605,26.0,38.08329951230749,-108.16097934385544,-69.8827283436344,FLAT
2026-09-30T06:37:28.748441+00:00,0,PERP,APT|GATE|HTX,APT,GATE,HTX,35.73867173674916,2.5333179212674963,5.7155269574765075,11.851313460195774,10.186790552582092,61.31035332123113,20.0,50.9414969561086,-72.47023336100303,-132.53632331986324,FLAT
2026-09-30T06:37:29.222340+00:00,0,PERP,ICP|BITGET|HTX,ICP,BITGET,HTX,45.03566068243315,0.9823505262429303,27.26546670645022,18.089463487077573,13.918094204177223,76.181961060382,21.999999999999996,61.98470139794867,-103.33207390022167,-138.90119575188044,FLAT
2026-09-30T06:37:29.541109+00:00,0,SPOT,ICP|GATE|HTX,ICP,GATE,HTX,23.35142068921936,1.4562235349039967,-7.156530113428108,20.95004652198451,-32.514247915944594,79.31810558339025,60.0,111.57172642094902,-202.92944422346548,-264.04636211776733,FLAT
2026-09-30T06:37:30.064600+00:00,0,PERP,APT|HTX|OKX,APT,HTX,OKX,-38.341019824850164,-2.968419144224357,-4.505018097025733,11.398660392572602,-62.780560490171,-13.795683087618471,20.0,49.1731839092743,-133.44872630241957,-65.88251891868157,FLAT
2026-09-30T06:37:30.512646+00:00,0,PERP,DOT|GATE|HTX,DOT,GATE,HTX,4.327738772580414,-0.17160318584760537,7.134657042578646,16.357028898583245,-25.38344260817893,34.063845641072454,20.0,59.421561698664185,-117.93966134942177,-112.350750297158,FLAT
2026-09-30T06:37:30.963089+00:00,0,PERP,ICP|GATE|HTX,ICP,GATE,HTX,57.44427667157215,1.2309586826490202,34.24219566418796,18.848789430895735,32.400589101619914,82.50267609784645,20.0,49.81591873443138,-77.65752529699942,-124.07639916808986,FLAT
2026-09-30T06:37:31.415976+00:00,0,PERP,HBAR|GATE|HTX,HBAR,GATE,HTX,96.22679048274962,4.026090220891044,21.902016960389947,18.460781911119295,19.562757720807955,173.00973665858032,20.0,151.98438978284292,-180.32364902242492,-329.0921094810333,FLAT
2026-09-30T06:37:32.023468+00:00,0,PERP,ICP|HTX|OKX,ICP,HTX,OKX,-55.66134466090445,-1.1969461103276873,-34.76190775406013,17.46063312835587,-78.92429114293998,-32.29594832648175,20.0,46.88910880250009,-117.05149219137994,-75.35506823007847,FLAT
2026-09-30T06:37:32.526910+00:00,0,PERP,HBAR|BITGET|HTX,HBAR,BITGET,HTX,89.8800850584336,4.157976140043826,11.864109697005148,18.762968505299344,17.602399218212827,162.18052079947532,21.999999999999996,143.29022424714506,-165.55193472593737,-321.6066353496152,FLAT
2026-09-30T06:37:43.274572+00:00,1,PERP,ICP|HTX|MEXC,ICP,HTX,MEXC,-57.11775043936718,-1.1822082045836468,-35.000367523026505,18.708534444768155,-78.92429114293998,-35.22160258291773,26.0,43.953557665000936,-119.87748128491441,-75.73232260510972,FLAT
2026-09-30T06:37:43.743850+00:00,1,PERP,APT|GATE|HTX,APT,GATE,HTX,39.30726999791246,2.8344320782045234,5.7155269574765075,11.851313460195774,13.330986243791365,65.30584042469201,20.0,51.771345598478504,-70.15588631216364,-137.361659065694,FLAT
2026-09-30T06:37:44.222728+00:00,1,PERP,ICP|BITGET|HTX,ICP,BITGET,HTX,51.75762407251483,1.3539460351359165,27.26546670645022,18.089463487077573,26.952801000590387,76.58321060382667,21.999999999999996,49.3748484322229,-77.68751413808272,-126.69259232959934,FLAT
2026-09-30T06:37:44.552874+00:00,1,SPOT,ICP|GATE|HTX,ICP,GATE,HTX,21.46622325575498,1.3662381770439989,-7.156530113428108,20.95004652198451,-29.604588560429022,72.60529682754591,60.0,101.99090384756585,-190.43896229456675,-247.75273078853985,FLAT
2026-09-30T06:37:45.046444+00:00,1,PERP,APT|HTX|OKX,APT,HTX,OKX,-45.9817667893303,-3.6387388749059433,-4.505018097025733,11.398660392572602,-70.43632002920575,-21.42135248976551,20.0,49.24115845032228,-141.1724603825023,-58.3248240575825,FLAT
2026-09-30T06:37:45.503406+00:00,1,PERP,DOT|GATE|HTX,DOT,GATE,HTX,8.166956393425018,0.06311044366595107,7.134657042578646,16.357028898583245,-25.14484306803899,41.50672545981004,20.0,66.59716717468545,-124.87666728530309,-126.96923559191686,FLAT
2026-09-30T06:37:45.969118+00:00,1,PERP,ICP|GATE|HTX,ICP,GATE,HTX,63.37509211496118,1.545611009003073,34.24219566418796,18.848789430895735,41.26142057176763,85.49528301886822,20.0,43.9552944030764,-62.93606949549674,-121.20838175775667,FLAT
2026-09-30T06:37:46.420270+00:00,1,PERP,HBAR|GATE|HTX,HBAR,GATE,HTX,67.08137098484058,2.4473153001844525,21.902016960389947,18.460781911119295,-40.888418602581524,175.2233178731455,20.0,214.6715531235799,-303.46198868655136,-393.9928540363355,FLAT
2026-09-30T06:37:46.963844+00:00,1,PERP,ICP|HTX|OKX,ICP,HTX,OKX,-57.11775043936718,-1.2803569332776032,-34.76190775406013,17.46063312835587,-78.92429114293998,-35.22160258291773,20.0,43.953557665000936,-114.11594105388079,-69.49386283614334,FLAT
2026-09-30T06:37:47.457616+00:00,1,PERP,HBAR|BITGET|HTX,HBAR,BITGET,HTX,89.8067718055251,4.154068802412908,11.864109697005148,18.762968505299344,20.357151310073096,159.278018651694,21.999999999999996,137.68436513884168,-157.19132352577373,-313.09827409353056,FLAT
2026-09-30T06:37:58.188797+00:00,2,PERP,ICP|HTX|MEXC,ICP,HTX,MEXC,-58.59088911674415,-1.260949737317064,-35.000367523026505,18.708534444768155,-81.84741303712495,-35.23194362889059,26.0,46.88997691564859,-125.73702242974704,-78.6584008097845,FLAT
2026-09-30T06:37:58.642777+00:00,2,PERP,APT|GATE|HTX,APT,GATE,HTX,43.372744198113544,3.1774720470531688,5.7155269574765075,11.851313460195774,20.39515615041454,66.36498631982235,20.0,45.771302797259665,-57.091673604321635,-132.42076215960552,FLAT
2026-09-30T06:37:59.113348+00:00,2,PERP,ICP|BITGET|HTX,ICP,BITGET,HTX,53.732205073180324,1.463102451083579,27.26546670645022,18.089463487077573,27.93136343832714,79.55215085444722,21.999999999999996,51.3448929143835,-78.67899618250658,-131.6315770623805,FLAT
2026-09-30T06:37:59.441983+00:00,2,SPOT,ICP|GATE|HTX,ICP,GATE,HTX,19.738838047898,1.2837856055881647,-7.156530113428108,20.95004652198451,-26.544216538608723,66.08318477359099,60.0,92.44488529288607,-177.83257171806667,-231.68460017990515,FLAT
2026-09-30T06:37:59.946643+00:00,2,PERP,APT|HTX|OKX,APT,HTX,OKX,-45.069887094892906,-3.5587400274070236,-4.505018097025733,11.398660392572602,-68.28568400768175,-21.762449214831612,20.0,46.73368245865353,-136.51434836930954,-55.476251340847654,FLAT
2026-09-30T06:38:00.418254+00:00,2,PERP,DOT|GATE|HTX,DOT,GATE,HTX,-6.9783881729168495,-0.8628122688416776,7.134657042578646,16.357028898583245,-32.7437188673263,18.81161176470636,20.0,51.59132125439788,-117.46969716430283,-89.2682759765256,FLAT
2026-09-30T06:38:00.867653+00:00,2,PERP,ICP|GATE|HTX,ICP,GATE,HTX,54.4918998527244,1.074323858451324,34.24219566418796,18.848789430895735,29.44640753828054,79.55215085444722,20.0,49.834183037849726,-80.62997116375715,-121.14413822810899,FLAT
2026-09-30T06:38:01.375044+00:00,2,PERP,HBAR|GATE|HTX,HBAR,GATE,HTX,88.91237422669063,3.6298764369205307,21.902016960389947,18.460781911119295,19.830962229796523,158.09161245866176,20.0,137.0421071008388,-165.11316183143222,-299.2317025991106,FLAT
2026-09-30T06:38:02.012138+00:00,2,PERP,ICP|HTX|OKX,ICP,HTX,OKX,-46.87271129339421,-0.6936062083376732,-34.76190775406013,17.46063312835587,-70.15492546039282,-23.487962419259656,20.0,46.886507529243175,-108.27952523557586,-84.16045286404365,FLAT
2026-09-30T06:38:02.865202+00:00,2,PERP,HBAR|BITGET|HTX,HBAR,BITGET,HTX,85.98574896262701,3.9504217706642324,11.864109697005148,18.762968505299344,16.269865380416082,155.72592979038012,21.999999999999996,138.26715964875203,-161.86140396534108,-310.128979742127,FLAT
2026-09-30T06:38:13.541929+00:00,3,PERP,ICP|HTX|MEXC,ICP,HTX,MEXC,-55.66134466090445,-1.1043610710862384,-35.000367523026505,18.708534444768155,-78.92429114293998,-32.29594832648175,26.0,46.88910880250009,-122.81303242241356,-81.59352799904485,FLAT
2026-09-30T06:38:14.017216+00:00,3,PERP,APT|GATE|HTX,APT,GATE,HTX,41.40726988814514,3.011627618368558,5.7155269574765075,11.851313460195774,15.817263949042815,67.01722697604495,20.0,50.98882445108307,-66.88708745951676,-138.29052446965153,FLAT
2026-09-30T06:38:14.450384+00:00,3,PERP,ICP|BITGET|HTX,ICP,BITGET,HTX,52.92040468389159,1.41822547671291,27.26546670645022,18.089463487077573,26.90374807182927,78.95745727754866,21.999999999999996,51.77968104651097,-80.14139968113193,-131.47167161760942,FLAT
2026-09-30T06:38:14.787717+00:00,3,SPOT,ICP|GATE|HTX,ICP,GATE,HTX,25.765655992904257,1.571461240994599,-7.156530113428108,20.95004652198451,-25.176264870192533,76.7793628537583,60.0,101.69355705931694,-185.71329181608138,-251.62945002650338,FLAT
2026-09-30T06:38:15.266130+00:00,3,PERP,APT|HTX|OKX,APT,HTX,OKX,-47.17147175721581,-3.7431112245428118,-4.505018097025733,11.398660392572602,-72.1549679543132,-22.079824764795752,20.0,50.31223984877478,-143.96218970606225,-58.73743318100476,FLAT
2026-09-30T06:38:15.655930+00:00,3,PERP,DOT|GATE|HTX,DOT,GATE,HTX,-0.9406575826409469,-0.4936907964941624,7.134657042578646,16.357028898583245,-27.736975424593744,25.878159266736755,20.0,53.62016907172997,-114.49180153890237,-98.36367129588808,FLAT
2026-09-30T06:38:16.057324+00:00,3,PERP,ICP|GATE|HTX,ICP,GATE,HTX,60.41850869437093,1.3887530085765838,34.24219566418796,18.848789430895735,35.35651149086716,85.49528301886822,20.0,49.837655490665824,-74.72333966398662,-127.09074284534609,FLAT
2026-09-30T06:38:16.512547+00:00,3,PERP,HBAR|GATE|HTX,HBAR,GATE,HTX,59.9774922427776,2.062506098913072,21.902016960389947,18.460781911119295,-51.35878689824458,171.4653065478422,20.0,221.4955158338504,-320.7563196924849,-397.0588054213026,FLAT
2026-09-30T06:38:17.060315+00:00,3,PERP,ICP|HTX|OKX,ICP,HTX,OKX,-55.66134466090445,-1.1969461103276873,-34.76190775406013,17.46063312835587,-78.92429114293998,-32.29594832648175,20.0,46.88910880250009,-117.05149219137994,-75.35506823007847,FLAT
2026-09-30T06:38:17.566313+00:00,3,PERP,HBAR|BITGET|HTX,HBAR,BITGET,HTX,86.56188339372318,3.9811277024539407,11.864109697005148,18.762968505299344,16.939045636858996,156.20412527348694,21.999999999999996,138.06991772121154,-160.9949817813577,-310.4099332976933,FLAT
2026-09-30T06:38:28.488947+00:00,4,PERP,ICP|HTX|MEXC,ICP,HTX,MEXC,-49.80225574923169,-0.7911837386249427,-35.000367523026505,18.708534444768155,-73.07804735457447,-26.42395772166961,26.0,46.887374109746155,-116.96505394129412,-87.46378391110306,FLAT
2026-09-30T06:38:28.881102+00:00,4,PERP,APT|GATE|HTX,APT,GATE,HTX,41.38849809465661,3.010043676339552,5.7155269574765075,11.851313460195774,14.473681870301736,68.32455575720874,20.0,53.6289035310758,-70.87074861825056,-142.23793233080804,FLAT
2026-09-30T06:38:29.328806+00:00,4,PERP,ICP|BITGET|HTX,ICP,BITGET,HTX,45.677619079091954,1.017838499510761,27.26546670645022,18.089463487077573,19.95752894117686,71.41644478798614,21.999999999999996,51.22492576078899,-86.53286352606236,-123.3759038423249,FLAT
2026-09-30T06:38:29.649046+00:00,4,SPOT,ICP|GATE|HTX,ICP,GATE,HTX,21.050530551298685,1.3463960872414737,-7.156530113428108,20.95004652198451,-31.47363260266878,73.66199390929751,60.0,104.91470300545856,-195.23180549469924,-251.73322702818416,FLAT
2026-09-30T06:38:30.112401+00:00,4,PERP,APT|HTX|OKX,APT,HTX,OKX,-45.17202156879563,-3.567700244694423,-4.505018097025733,11.398660392572602,-70.74120348865343,-19.485618335797206,20.0,51.487898313508154,-143.72408370513585,-62.50729807473668,FLAT
2026-09-30T06:38:30.507732+00:00,4,PERP,DOT|GATE|HTX,DOT,GATE,HTX,-9.292701679746163,-1.0042996698347617,7.134657042578646,16.357028898583245,-36.03016026226369,17.46718765661459,20.0,53.54709823492266,-122.71191553976499,-89.8796288489586,FLAT
2026-09-30T06:38:30.959785+00:00,4,PERP,ICP|GATE|HTX,ICP,GATE,HTX,57.39903116776857,1.2285582365105845,34.24219566418796,18.848789430895735,32.400589101619914,82.41193339227681,20.0,49.72591815706924,-77.56752471963728,-123.89565588515808,FLAT
2026-09-30T06:38:31.348994+00:00,4,PERP,HBAR|GATE|HTX,HBAR,GATE,HTX,55.01373289947375,1.793624782444343,21.902016960389947,18.460781911119295,-46.71407475055123,156.88182391739414,20.0,202.48187363738617,-297.09796534832736,-363.4616805943904,FLAT
2026-09-30T06:38:32.000989+00:00,4,PERP,ICP|HTX|OKX,ICP,HTX,OKX,-53.38609610387124,-1.066638776091437,-34.76190775406013,17.46063312835587,-77.30689216636333,-29.359953024076233,20.0,48.20405028431689,-116.74903469662009,-79.60600501430079,FLAT
2026-09-30T06:38:32.439594+00:00,4,PERP,HBAR|BITGET|HTX,HBAR,BITGET,HTX,81.55987993815783,3.714538572159734,11.864109697005148,18.762968505299344,17.444339184224944,145.69745086223662,21.999999999999996,127.21553948123264,-149.63530999401286,-289.0488806464641,FLAT
2026-09-30T06:38:43.101667+00:00,5,PERP,ICP|HTX|MEXC,ICP,HTX,MEXC,-55.66134466090445,-1.1043610710862384,-35.000367523026505,18.708534444768155,-78.92429114293998,-32.29594832648175,26.0,46.88910880250009,-122.81303242241356,-81.59352799904485,FLAT
2026-09-30T06:38:43.498093+00:00,5,PERP,APT|GATE|HTX,APT,GATE,HTX,44.65830369289936,3.2859460570524432,5.7155269574765075,11.851313460195774,17.197944215336936,72.1435706886031,20.0,54.70132832909451,-69.21891107123407,-147.1293720602211,FLAT
2026-09-30T06:38:43.934712+00:00,5,PERP,ICP|BITGET|HTX,ICP,BITGET,HTX,51.73627035559791,1.3527655845972826,27.26546670645022,18.089463487077573,26.902945952311796,76.58321060382667,21.999999999999996,49.424556697078515,-77.78707745121693,-126.74230059445497,FLAT
2026-09-30T06:38:44.249413+00:00,5,SPOT,ICP|GATE|HTX,ICP,GATE,HTX,21.37810886159608,1.362032248715084,-7.156530113428108,20.95004652198451,-25.840814245275958,68.66865588267545,60.0,94.3078035986514,-178.99208773049924,-236.13298959475495,FLAT
2026-09-30T06:38:44.745881+00:00,5,PERP,APT|HTX|OKX,APT,HTX,OKX,-34.13395471687397,-2.599334974411075,-4.505018097025733,11.398660392572602,-70.14119665361585,2.1201238168333525,20.0,72.50797570012935,-164.14415425671947,-105.13311761398843,FLAT
2026-09-30T06:38:45.222753+00:00,5,PERP,DOT|GATE|HTX,DOT,GATE,HTX,-14.859887073372935,-1.3446539865107547,7.134657042578646,16.357028898583245,-45.644020734034726,15.950050555153528,20.0,61.68572476939093,-140.4644025460043,-96.50111828196582,FLAT
2026-09-30T06:38:45.681042+00:00,5,PERP,ICP|GATE|HTX,ICP,GATE,HTX,60.41850869437093,1.3887530085765838,34.24219566418796,18.848789430895735,35.35651149086716,85.49528301886822,20.0,49.837655490665824,-74.72333966398662,-127.09074284534609,FLAT
2026-09-30T06:38:46.078170+00:00,5,PERP,HBAR|GATE|HTX,HBAR,GATE,HTX,88.94738091763665,3.631772710389041,21.902016960389947,18.460781911119295,20.47543205711877,157.51352908651484,20.0,135.82986123651918,-163.25644613979034,-297.4413733626441,FLAT
2026-09-30T06:38:46.496080+00:00,5,PERP,ICP|HTX|OKX,ICP,HTX,OKX,-55.66134466090445,-1.1969461103276873,-34.76190775406013,17.46063312835587,-78.92429114293998,-32.29594832648175,20.0,46.88910880250009,-117.05149219137994,-75.35506823007847,FLAT
2026-09-30T06:38:46.930644+00:00,5,PERP,HBAR|BITGET|HTX,HBAR,BITGET,HTX,77.69026537991941,3.508301773481236,11.864109697005148,18.762968505299344,14.883016537974303,140.51372208484514,21.999999999999996,124.66219951951058,-149.64329267854143,-281.3118119073506,FLAT
2026-09-30T06:41:36.665513+00:00,0,PERP,ICP|HTX|MEXC,ICP,HTX,MEXC,-52.30847599993038,-0.9306544632216733,-34.921359589936216,18.682676650799785,-66.34608976239575,-38.2352941176467,26.0,28.25856689783807,-91.6832970702976,-56.94463237012758,FLAT
2026-09-30T06:41:37.061725+00:00,0,PERP,APT|GATE|HTX,APT,GATE,HTX,26.839620376195583,1.8126285416079206,5.396942627944354,11.829603945897356,-5.708502843042584,59.412970803420784,20.0,64.94714819356916,-102.0525936645561,-144.96317636904558,FLAT
2026-09-30T06:41:37.527509+00:00,0,PERP,ICP|BITGET|HTX,ICP,BITGET,HTX,47.5960100163264,1.152129085684644,27.021455537023584,17.85785528283625,31.981929203539483,63.219123929487694,21.999999999999996,31.089219831925675,-54.12874616540978,-95.28688822438978,FLAT
2026-09-30T06:41:37.813006+00:00,0,SPOT,ICP|GATE|HTX,ICP,GATE,HTX,15.359940637644787,1.0629524158387875,-6.829540380905703,20.87532864868699,-33.052113797170655,63.850283244040185,60.0,96.75372065104334,-188.9762940673083,-233.43354427598922,FLAT
2026-09-30T06:41:38.233942+00:00,0,PERP,APT|HTX|OKX,APT,HTX,OKX,-30.340360567441273,-2.2735087968422754,-4.292714114258528,11.457024705319316,-62.18858986417608,1.6905612154216598,20.0,64.07302846310316,-147.96890421302072,-96.05630379278334,FLAT
2026-09-30T06:41:38.629016+00:00,0,PERP,DOT|GATE|HTX,DOT,GATE,HTX,-3.4603250134701558,-0.6415583107016543,7.030025919383367,16.351360052339626,-24.398849265436784,17.495794637027995,20.0,41.90913843654909,-99.33801362136924,-78.37490715419372,FLAT
2026-09-30T06:41:39.018670+00:00,0,PERP,ICP|GATE|HTX,ICP,GATE,HTX,52.583532444416825,0.9821467634387682,34.16233328748169,18.75605545187301,38.38204901092324,66.78921005494276,20.0,28.25856689783807,-50.03885117439651,-86.88544366529914,FLAT
2026-09-30T06:41:39.483239+00:00,0,PERP,HBAR|GATE|HTX,HBAR,GATE,HTX,96.98265397620531,4.039252560944412,22.009662793720704,18.56110506864549,22.66023889852864,171.40593284281857,20.0,147.3169070865244,-172.66633098171647,-322.71317713562223,FLAT
2026-09-30T06:41:39.930793+00:00,0,PERP,ICP|HTX|OKX,ICP,HTX,OKX,-49.37102095076362,-0.8291499133983543,-34.84548248035557,17.518591313449786,-63.41234672924689,-35.29411764705892,20.0,28.25769519267795,-82.82455944156928,-53.8090600259746,FLAT
2026-09-30T06:41:40.406562+00:00,0,PERP,HBAR|BITGET|HTX,HBAR,BITGET,HTX,87.96146159851136,4.003914392536079,12.064486926522632,18.95569366155094,19.126225112813255,156.81551827773976,21.999999999999996,136.4887158982582,-157.42697771196757,-309.23974724947533,FLAT
2026-09-30T06:41:51.089373+00:00,1,PERP,ICP|HTX|MEXC,ICP,HTX,MEXC,-58.18338609826279,-1.2451120866201337,-34.921359589936216,18.682676650799785,-72.21357582869015,-44.1176470588256,26.0,28.260311853501246,-97.55252809225519,-51.06402438461187,FLAT
2026-09-30T06:41:51.480515+00:00,1,PERP,APT|GATE|HTX,APT,GATE,HTX,30.743636789016815,2.1426494307836053,5.396942627944354,11.829603945897356,-0.49257715002082314,62.00771684270023,20.0,62.3087218969738,-94.19824167493897,-144.91949611172967,FLAT
2026-09-30T06:41:51.955775+00:00,1,PERP,ICP|BITGET|HTX,ICP,BITGET,HTX,56.28012390116011,1.638420062248906,27.021455537023584,17.85785528283625,39.833599055210115,72.73884906797701,21.999999999999996,32.72109078488285,-47.908947266696316,-106.43848431583628,FLAT
2026-09-30T06:41:52.293515+00:00,1,SPOT,ICP|GATE|HTX,ICP,GATE,HTX,19.757471348305078,1.273609253135425,-6.829540380905703,20.87532864868699,-25.409522713863986,64.99762191242597,60.0,90.2288161039297,-174.808798436888,-228.05597839726138,FLAT
2026-09-30T06:41:52.732567+00:00,1,PERP,APT|HTX|OKX,APT,HTX,OKX,-34.964276618614235,-2.677096654082921,-4.292714114258528,11.457024705319316,-65.15035654808821,-4.616596953546104,20.0,60.74572121104446,-147.60336364487415,-86.42183837175689,FLAT
2026-09-30T06:41:53.238573+00:00,1,PERP,DOT|GATE|HTX,DOT,GATE,HTX,-3.4603250134701558,-0.6415583107016543,7.030025919383367,16.351360052339626,-24.398849265436784,17.495794637027995,20.0,41.90913843654909,-99.33801362136924,-78.37490715419372,FLAT
2026-09-30T06:41:53.634689+00:00,1,PERP,ICP|GATE|HTX,ICP,GATE,HTX,61.496714237629924,1.4573629844658291,34.16233328748169,18.75605545187301,47.28132387706863,75.71630660538898,20.0,28.26118510492433,-41.14219451533739,-95.81515842283162,FLAT
2026-09-30T06:41:54.096547+00:00,1,PERP,HBAR|GATE|HTX,HBAR,GATE,HTX,99.4263986507926,4.170911999622739,22.009662793720704,18.56110506864549,21.4281815107209,177.52676229291887,20.0,154.56176200389416,-181.14324328689395,-336.0788615030923,FLAT
2026-09-30T06:41:54.535597+00:00,1,PERP,ICP|HTX|OKX,ICP,HTX,OKX,-58.18338609826279,-1.332179237493239,-34.84548248035557,17.518591313449786,-72.21357582869015,-44.1176470588256,20.0,28.260311853501246,-91.62840520183583,-44.988147275031224,FLAT
2026-09-30T06:41:54.944984+00:00,1,PERP,HBAR|BITGET|HTX,HBAR,BITGET,HTX,90.17779276549342,4.120836052410631,12.064486926522632,18.95569366155094,17.556205254400936,162.81745582133357,21.999999999999996,143.96302156524692,-166.4713032373686,-322.71599046005787,FLAT
2026-09-30T06:42:05.587381+00:00,2,PERP,ICP|HTX|MEXC,ICP,HTX,MEXC,-61.120841147428436,-1.4023408983193342,-34.921359589936216,18.682676650799785,-75.14731886183901,-47.058823529412265,26.0,28.26118510492433,-100.48714437682713,-48.12372116544828,FLAT
2026-09-30T06:42:05.998874+00:00,2,PERP,APT|GATE|HTX,APT,GATE,HTX,31.289172556330236,2.188765578865014,5.396942627944354,11.829603945897356,-1.876820255889422,64.48040189064974,20.0,66.15023394031907,-99.42399682415285,-151.23369320302447,FLAT
2026-09-30T06:42:06.395904+00:00,2,PERP,ICP|BITGET|HTX,ICP,BITGET,HTX,53.92898394301015,1.506761477222197,27.021455537023584,17.85785528283625,38.10460448642195,69.76315073738081,21.999999999999996,31.488727716034678,-48.40557876663631,-102.2304229163919,FLAT
2026-09-30T06:42:06.683115+00:00,2,SPOT,ICP|GATE|HTX,ICP,GATE,HTX,22.485567393937256,1.4042944313926675,-6.829540380905703,20.87532864868699,-22.06032526564483,67.09794163487048,60.0,88.95818979080927,-170.18897467554842,-228.88567180658546,FLAT
2026-09-30T06:42:07.186259+00:00,2,PERP,APT|HTX|OKX,APT,HTX,OKX,-32.15116606415158,-2.431560781828358,-4.292714114258528,11.457024705319316,-64.43337138075434,0.32061941899863555,20.0,64.96229712645238,-151.1029543929482,-95.57563065970955,FLAT
2026-09-30T06:42:07.579266+00:00,2,PERP,DOT|GATE|HTX,DOT,GATE,HTX,-9.638068327859628,-1.0193705107030562,7.030025919383367,16.351360052339626,-32.276194470854946,13.027991512619685,20.0,45.3478753522065,-110.65409574244481,-77.34584094544282,FLAT
2026-09-30T06:42:08.047167+00:00,2,PERP,ICP|GATE|HTX,ICP,GATE,HTX,60.01008647252392,1.3781017683257617,34.16233328748169,18.75605545187301,44.31314623338345,75.71630660538898,20.0,31.21583115701599,-47.06501821111423,-98.76980447492329,FLAT
2026-09-30T06:42:08.448579+00:00,2,PERP,HBAR|GATE|HTX,HBAR,GATE,HTX,95.60730523477056,3.965154131117728,22.009662793720704,18.56110506864549,21.264517987737985,170.0618360934536,20.0,147.38809631738886,-174.1332411233716,-321.44026961712177,FLAT
2026-09-30T06:42:08.930303+00:00,2,PERP,ICP|HTX|OKX,ICP,HTX,OKX,-55.24593104909714,-1.1645027961283196,-34.84548248035557,17.518591313449786,-69.27983279554351,-41.17647058823559,20.0,28.259439117960785,-88.69378943314872,-47.928451010080764,FLAT
2026-09-30T06:42:09.322654+00:00,2,PERP,HBAR|BITGET|HTX,HBAR,BITGET,HTX,83.49673472006324,3.768379520630852,12.064486926522632,18.95569366155094,15.90721559843411,151.1113308096612,21.999999999999996,134.08454836360127,-158.24181969168978,-301.1313922467399,FLAT
2026-09-30T06:42:19.993006+00:00,3,PERP,ICP|HTX|MEXC,ICP,HTX,MEXC,-64.05829619659187,-1.559569710018416,-34.921359589936216,18.682676650799785,-78.08106189498343,-50.00000000000115,26.0,28.26205887267576,-103.42176117772297,-45.183418462610824,FLAT
2026-09-30T06:42:20.449920+00:00,3,PERP,APT|GATE|HTX,APT,GATE,HTX,28.448228950728183,1.9486101502813442,5.396942627944354,11.829603945897356,-3.8279954064046606,60.747425415070836,20.0,64.39222816441593,-99.61716619876495,-145.7427109515424,FLAT
2026-09-30T06:42:20.850295+00:00,3,PERP,ICP|BITGET|HTX,ICP,BITGET,HTX,52.583532444416825,1.4314191991443541,27.021455537023584,17.85785528283625,35.41912632821776,69.76315073738081,21.999999999999996,34.164369348746746,-53.76669855755257,-104.90606454910397,FLAT
2026-09-30T06:42:21.160809+00:00,3,SPOT,ICP|GATE|HTX,ICP,GATE,HTX,32.43513183888602,1.880912769354718,-6.829540380905703,20.87532864868699,-27.238810619469866,92.21951620129288,60.0,119.07201307051656,-205.4812833090807,-284.12106965271516,FLAT
2026-09-30T06:42:21.631875+00:00,3,PERP,APT|HTX|OKX,APT,HTX,OKX,-29.15021903801773,-2.1696300359916525,-4.292714114258528,11.457024705319316,-61.35578721522816,3.2403441057438087,20.0,64.78444960894664,-147.8475227099163,-98.31750782894898,FLAT
2026-09-30T06:42:22.108692+00:00,3,PERP,DOT|GATE|HTX,DOT,GATE,HTX,-7.332448094526933,-0.8783657119613885,7.030025919383367,16.351360052339626,-32.276194470854946,17.632241813601013,20.0,49.94504944399432,-115.25126983423263,-86.54726533821197,FLAT
2026-09-30T06:42:22.584318+00:00,3,PERP,ICP|GATE|HTX,ICP,GATE,HTX,60.01008647252392,1.3781017683257617,34.16233328748169,18.75605545187301,44.31314623338345,75.71630660538898,20.0,31.21583115701599,-47.06501821111423,-98.76980447492329,FLAT
2026-09-30T06:42:22.979249+00:00,3,PERP,HBAR|GATE|HTX,HBAR,GATE,HTX,94.51851134836042,3.9064941600447014,22.009662793720704,18.56110506864549,22.029374865841778,167.1094538562623,20.0,143.7215726413228,-169.70186056920173,-314.8213637038644,FLAT
2026-09-30T06:42:23.431789+00:00,3,PERP,ICP|HTX|OKX,ICP,HTX,OKX,-58.18338609826279,-1.332179237493239,-34.84548248035557,17.518591313449786,-72.21357582869015,-44.1176470588256,20.0,28.260311853501246,-91.62840520183583,-44.988147275031224,FLAT
2026-09-30T06:42:23.828201+00:00,3,PERP,HBAR|BITGET|HTX,HBAR,BITGET,HTX,84.94692490439215,3.8448837209108144,12.064486926522632,18.95569366155094,18.654355287581748,151.2513820386996,21.999999999999996,131.4801423078796,-152.89027394682049,-298.66703742005654,FLAT
2026-09-30T06:42:34.648838+00:00,4,PERP,ICP|HTX|MEXC,ICP,HTX,MEXC,-58.7630380490689,-1.276138259241994,-34.921359589936216,18.682676650799785,-76.26870049868062,-41.20070629782258,26.0,35.27519035952723,-108.62253126827163,-60.99584365164087,FLAT
2026-09-30T06:42:35.116137+00:00,4,PERP,APT|GATE|HTX,APT,GATE,HTX,23.64900226997202,1.5429138393392867,5.396942627944354,11.829603945897356,-9.541455152611844,56.86503893782779,20.0,66.24981004670406,-107.18820782726026,-143.7179063565875,FLAT
2026-09-30T06:42:35.501289+00:00,4,PERP,ICP|BITGET|HTX,ICP,BITGET,HTX,53.65710097810394,1.4915366385951574,27.021455537023584,17.85785528283625,33.45307776793538,73.87706855791932,21.999999999999996,40.20823874840492,-61.776616517493125,-115.06385176930065,FLAT
2026-09-30T06:42:35.815567+00:00,4,SPOT,ICP|GATE|HTX,ICP,GATE,HTX,-5.760557923467635,0.05120793427629723,-6.829540380905703,20.87532864868699,-114.52194657909031,103.16987030463798,60.0,217.817160459998,-391.5095666581826,-393.81657114554173,FLAT
2026-09-30T06:42:36.234912+00:00,4,PERP,APT|HTX|OKX,APT,HTX,OKX,-23.470482724791133,-1.6738873401947598,-4.292714114258528,11.457024705319316,-55.63313070805265,8.881017432558203,20.0,64.66536805429169,-142.0057846480858,-103.83909960110842,FLAT
2026-09-30T06:42:36.627636+00:00,4,PERP,DOT|GATE|HTX,DOT,GATE,HTX,-14.578131098140767,-1.3214898912602897,7.030025919383367,16.351360052339626,-40.49988719948217,11.37131557636284,20.0,51.94691689015188,-125.47683000901742,-82.28820654713135,FLAT
2026-09-30T06:42:37.018777+00:00,4,PERP,ICP|GATE|HTX,ICP,GATE,HTX,51.114628654169714,0.903830520771634,34.16233328748169,18.75605545187301,32.4771183938588,69.76315073738081,20.0,37.09641215817298,-64.78162705179587,-98.6972296080721,FLAT
2026-09-30T06:42:37.410229+00:00,4,PERP,HBAR|GATE|HTX,HBAR,GATE,HTX,93.25214878891153,3.838267480934517,22.009662793720704,18.56110506864549,21.750904791804082,164.85518518646546,20.0,141.78205981433157,-168.0408178162482,-310.62758220707633,FLAT
2026-09-30T06:42:37.830599+00:00,4,PERP,ICP|HTX|OKX,ICP,HTX,OKX,-46.44720956062276,-0.6622522823145054,-34.84548248035557,17.518591313449786,-63.41234672924689,-29.4290759270166,20.0,34.14176713623316,-88.70863138512448,-65.55817368957213,FLAT
2026-09-30T06:42:38.279230+00:00,4,PERP,HBAR|BITGET|HTX,HBAR,BITGET,HTX,82.68983296866317,3.725811743064539,12.064486926522632,18.95569366155094,16.780635221345097,148.62014171762138,21.999999999999996,130.75826520493783,-154.04211691011537,-295.3139199960366,FLAT
2026-09-30T06:42:48.989693+00:00,5,PERP,ICP|HTX|MEXC,ICP,HTX,MEXC,-48.47238542890597,-0.7253257170936293,-34.921359589936216,18.682676650799785,-64.53505426811334,-32.36245954692629,26.0,32.32923281054102,-93.94292748871814,-66.88813285355094,FLAT
2026-09-30T06:42:49.384344+00:00,5,PERP,APT|GATE|HTX,APT,GATE,HTX,16.57398883486927,0.9448368904016642,5.396942627944354,11.829603945897356,-15.892959092647096,49.065535204080305,20.0,64.85100100514664,-112.1409027257381,-134.5195935812826,FLAT
2026-09-30T06:42:49.795879+00:00,5,PERP,ICP|BITGET|HTX,ICP,BITGET,HTX,42.06046515591755,0.8421509403398756,27.021455537023584,17.85785528283625,23.99270424653377,60.142235538955816,21.999999999999996,35.998116112315266,-67.02686740280507,-97.11889611424749,FLAT
2026-09-30T06:42:50.117927+00:00,5,SPOT,ICP|GATE|HTX,ICP,GATE,HTX,-24.31755330918439,-0.8377359332916966,-6.829540380905703,20.87532864868699,-122.49763602527052,74.02266729389373,60.0,196.9992267479332,-378.66732239229805,-343.85143442273267,FLAT
2026-09-30T06:42:50.585237+00:00,5,PERP,APT|HTX|OKX,APT,HTX,OKX,-18.79201666093011,-1.2655382108009057,-4.292714114258528,11.457024705319316,-50.583450782837325,13.182033562006978,20.0,63.88501418103312,-136.17575084961192,-107.35976185729862,FLAT
2026-09-30T06:42:51.041808+00:00,5,PERP,DOT|GATE|HTX,DOT,GATE,HTX,-9.852135121212191,-1.032462191925129,7.030025919383367,16.351360052339626,-37.148558215236434,17.46718765661459,20.0,54.66959749646309,-124.8481816310829,-91.10675923369432,FLAT
2026-09-30T06:42:51.441029+00:00,5,PERP,ICP|GATE|HTX,ICP,GATE,HTX,49.62330458311737,0.824318915846014,34.16233328748169,18.75605545187301,32.467532467532756,66.78921005494276,20.0,34.15220009283182,-61.84700091278075,-92.77907686029289,FLAT
2026-09-30T06:42:52.196968+00:00,5,PERP,HBAR|GATE|HTX,HBAR,GATE,HTX,57.9888085005753,1.9384161435319218,22.009662793720704,18.56110506864549,-53.584508631725484,169.73289439691897,20.0,222.02974838727616,-323.62391981272236,-395.7529799904744,FLAT
2026-09-30T06:42:52.679716+00:00,5,PERP,ICP|HTX|OKX,ICP,HTX,OKX,-39.65922444183256,-0.2747790547394797,-34.84548248035557,17.518591313449786,-55.734819595187886,-23.536334215945587,20.0,32.326620780291535,-79.21595789512385,-69.63576904470152,FLAT
2026-09-30T06:42:53.163127+00:00,5,PERP,HBAR|BITGET|HTX,HBAR,BITGET,HTX,28.014622605485595,0.8414429966926327,12.064486926522632,18.95569366155094,-93.89744572439685,149.95857044017401,21.999999999999996,243.1747670642867,-377.1366997152062,-409.06885057793806,FLAT
2026-09-30T06:53:10.837337+00:00,0,PERP,ICP|HTX|MEXC,ICP,HTX,MEXC,-52.370340364993325,-0.9282435854637265,-35.003058936341446,18.70983188100959,-72.25663046668495,-32.41013553329619,26.0,40.05613315523056,-109.30970468557406,-74.64905655827582,FLAT
2026-09-30T06:53:11.237855+00:00,0,PERP,APT|GATE|HTX,APT,GATE,HTX,25.792601492942158,1.6278445923617513,5.92951942099749,12.202075164390479,0.0,51.60285495011463,20.0,51.470094149127746,-83.39961357012524,-123.14342967824489,FLAT
2026-09-30T06:53:11.723193+00:00,0,PERP,ICP|BITGET|HTX,ICP,BITGET,HTX,49.38554645506521,1.2440984545524,27.103783251848725,17.909967753503064,26.9852414180205,71.80265223761361,21.999999999999996,44.59715901465248,-72.71570084848071,-117.29602800041737,FLAT
2026-09-30T06:53:12.131198+00:00,0,SPOT,ICP|GATE|HTX,ICP,GATE,HTX,-23.639740123478916,-0.7977029984670324,-6.993711644367739,20.86745130844475,-92.3428089406153,45.16423806367076,60.0,137.83280612380028,-289.18190342004783,-255.99075583183878,FLAT
2026-09-30T06:53:12.663839+00:00,0,PERP,APT|HTX|OKX,APT,HTX,OKX,-29.994840600052754,-2.1277263810200906,-4.823838361286661,11.829999601122783,-55.98901900236264,-3.884394307126504,20.0,52.2611216527806,-129.42630229385657,-79.20056570694076,FLAT
2026-09-30T06:53:13.067682+00:00,0,PERP,DOT|GATE|HTX,DOT,GATE,HTX,-21.29247180925553,-1.699438108744901,6.785864709749006,16.52212950534659,-59.77452810187689,17.23218766493284,20.0,77.1710083490094,-169.7314011606353,-113.61733130419323,FLAT
2026-09-30T06:53:13.487027+00:00,0,PERP,ICP|GATE|HTX,ICP,GATE,HTX,52.646049518207946,0.9896320473958118,34.121933084722144,18.718185695614324,32.51551877032411,72.7825325223752,20.0,40.05613315523056,-67.66254746962859,-104.71673259288362,FLAT
2026-09-30T06:53:13.888999+00:00,0,PERP,HBAR|GATE|HTX,HBAR,GATE,HTX,97.49108766156533,4.104920161405674,21.848464473297255,18.42730679623384,22.7378760346042,172.35770595861678,20.0,148.1751681350765,-173.28575657376956,-324.684409620396,FLAT
2026-09-30T06:53:14.390854+00:00,0,PERP,ICP|HTX|OKX,ICP,HTX,OKX,-48.08340882561879,-0.7555731945243688,-34.84629851378031,17.519295824372385,-69.32116524802079,-26.76671445028922,20.0,42.75990858544092,-103.23477531968139,-76.83949264893201,FLAT
2026-09-30T06:53:14.861721+00:00,0,PERP,HBAR|BITGET|HTX,HBAR,BITGET,HTX,72.75084737401016,3.2507338802508254,11.824078854211912,18.742465782864134,16.402861977939942,129.1117143282361,21.999999999999996,111.89480667779888,-135.31602355407085,-257.18244215182307,FLAT
2026-09-30T06:53:25.514283+00:00,1,PERP,ICP|HTX|MEXC,ICP,HTX,MEXC,-52.370340364993325,-0.9282435854637265,-35.003058936341446,18.70983188100959,-72.25663046668495,-32.41013553329619,26.0,40.05613315523056,-109.30970468557406,-74.64905655827582,FLAT
2026-09-30T06:53:25.904749+00:00,1,PERP,APT|GATE|HTX,APT,GATE,HTX,26.290741098911052,1.6686687635996587,5.92951942099749,12.202075164390479,0.5860000000001975,52.01589663553774,20.0,51.29503009669455,-82.63854951769184,-123.3814073112348,FLAT
2026-09-30T06:53:26.363989+00:00,1,PERP,ICP|BITGET|HTX,ICP,BITGET,HTX,48.88940084138093,1.216396248690682,27.103783251848725,17.909967753503064,25.995581866509188,71.80265223761361,21.999999999999996,45.58420368681111,-74.69240507215065,-118.283072672576,FLAT
2026-09-30T06:53:26.687054+00:00,1,SPOT,ICP|GATE|HTX,ICP,GATE,HTX,-30.437335861689398,-1.1234541234000326,-6.993711644367739,20.86745130844475,-106.73582569576956,45.98039940294507,60.0,153.18237833804588,-318.9244923894477,-272.15648938535867,FLAT
2026-09-30T06:53:27.194037+00:00,1,PERP,APT|HTX|OKX,APT,HTX,OKX,-26.20247449937496,-1.8071544259442966,-4.823838361286661,11.829999601122783,-51.24624286345192,-1.0498897615751623,20.0,50.32798899300107,-122.75039349516632,-80.10193759271257,FLAT
2026-09-30T06:53:27.593225+00:00,1,PERP,DOT|GATE|HTX,DOT,GATE,HTX,-22.6389000445415,-1.7809305238025521,6.785864709749006,16.52212950534659,-59.77452810187689,14.527803852171228,20.0,74.47091291240926,-167.03130572403515,-108.21285205483149,FLAT
2026-09-30T06:53:27.983965+00:00,1,PERP,ICP|GATE|HTX,ICP,GATE,HTX,54.13224792884197,1.0690306832893666,34.121933084722144,18.718185695614324,32.51551877032411,75.7617642681696,20.0,43.01340051082132,-70.61981482521936,-110.65323169426878,FLAT
2026-09-30T06:53:28.903876+00:00,1,PERP,HBAR|GATE|HTX,HBAR,GATE,HTX,49.55295446648744,1.5034475900109512,21.848464473297255,18.42730679623384,-49.33588963022206,148.6208434282288,20.0,196.98047466949305,-294.16482877301235,-349.7528536244246,FLAT
2026-09-30T06:53:29.342550+00:00,1,PERP,ICP|HTX|OKX,ICP,HTX,OKX,-46.488519428034,-0.664537035675677,-34.84629851378031,17.519295824372385,-66.38570002935218,-26.517383618152035,20.0,40.054386136056046,-97.59378765162792,-74.38330103168433,FLAT
2026-09-30T06:53:29.756239+00:00,1,PERP,HBAR|BITGET|HTX,HBAR,BITGET,HTX,75.02495838362266,3.3720685560591535,11.824078854211912,18.742465782864134,17.47525439296682,132.59099423231112,21.999999999999996,114.25851350025358,-136.60733796149867,-263.0254288783528,FLAT
2026-09-30T06:53:40.494491+00:00,2,PERP,ICP|HTX|MEXC,ICP,HTX,MEXC,-49.429429896514776,-0.771058289134925,-35.003058936341446,18.70983188100959,-69.32116524802079,-29.463759575723003,26.0,40.05525938747913,-106.37336569915848,-77.59455874809758,FLAT
2026-09-30T06:53:40.897435+00:00,2,PERP,APT|GATE|HTX,APT,GATE,HTX,21.432344202709785,1.270507235273755,5.92951942099749,12.202075164390479,-5.161478288633337,48.052090920716054,20.0,53.09975136492756,-90.19074907455838,-121.22232286464612,FLAT
2026-09-30T06:53:41.396625+00:00,2,PERP,ICP|BITGET|HTX,ICP,BITGET,HTX,45.221643277797426,1.0116076296343401,27.103783251848725,17.909967753503064,23.62669816893259,66.82935135658319,21.999999999999996,43.00815945272157,-74.4852445356377,-110.73372755745604,FLAT
2026-09-30T06:53:41.803477+00:00,2,SPOT,ICP|GATE|HTX,ICP,GATE,HTX,-37.22282165371959,-1.4486249212963818,-6.993711644367739,20.86745130844475,-118.51707944810718,44.19580468128848,60.0,163.32071485323993,-340.84408265697937,-280.51023117889616,FLAT
2026-09-30T06:53:42.243498+00:00,2,PERP,APT|HTX|OKX,APT,HTX,OKX,-22.269625135350466,-1.4747073002781868,-4.823838361286661,11.829999601122783,-46.56717935237587,2.133503119166047,20.0,48.80914975344951,-116.55249074453872,-81.76649123390222,FLAT
2026-09-30T06:53:42.744147+00:00,2,PERP,DOT|GATE|HTX,DOT,GATE,HTX,-0.5653447591591476,-0.44493111293730564,6.785864709749006,16.52212950534659,-25.898078529658086,24.788570226863538,20.0,50.68950560983259,-109.37344884923968,-94.69221112694713,FLAT
2026-09-30T06:53:43.215152+00:00,2,PERP,ICP|GATE|HTX,ICP,GATE,HTX,52.646049518207946,0.9896320473958118,34.121933084722144,18.718185695614324,32.51551877032411,72.7825325223752,20.0,40.05613315523056,-67.66254746962859,-104.71673259288362,FLAT
2026-09-30T06:53:43.611888+00:00,2,PERP,HBAR|GATE|HTX,HBAR,GATE,HTX,85.84125097971906,3.4727150968963416,21.848464473297255,18.42730679623384,20.07758915098412,151.70664346183082,20.0,130.5086729127777,-158.27954823509086,-286.3668519013113,FLAT
2026-09-30T06:53:44.041323+00:00,2,PERP,ICP|HTX|OKX,ICP,HTX,OKX,-46.488519428034,-0.664537035675677,-34.84629851378031,17.519295824372385,-66.38570002935218,-26.517383618152035,20.0,40.054386136056046,-97.59378765162792,-74.38330103168433,FLAT
2026-09-30T06:53:44.452637+00:00,2,PERP,HBAR|BITGET|HTX,HBAR,BITGET,HTX,42.27555642805969,1.6247316615986014,11.824078854211912,18.742465782864134,-49.2407591915589,133.82022406752014,21.999999999999996,182.29033632801708,-271.3551743737879,-332.2864815413253,FLAT
2026-09-30T06:53:55.194113+00:00,3,PERP,ICP|HTX|MEXC,ICP,HTX,MEXC,-58.25216130195599,-1.2426141781216269,-35.003058936341446,18.70983188100959,-78.12756090402218,-38.302887448439236,26.0,40.05788224158154,-115.18238420926227,-68.75805372948375,FLAT
2026-09-30T06:53:55.636503+00:00,3,PERP,APT|GATE|HTX,APT,GATE,HTX,23.62301660654209,1.4500400093567554,5.92951942099749,12.202075164390479,-2.032086739909289,49.298275063938135,20.0,51.20938188198675,-85.17098804289354,-120.5781375249274,FLAT
2026-09-30T06:53:56.039196+00:00,3,PERP,ICP|BITGET|HTX,ICP,BITGET,HTX,55.42258289075397,1.5811753560173936,27.103783251848725,17.909967753503064,32.51551877032411,78.34908318081979,21.999999999999996,45.580934854378455,-68.16919933590307,-124.82623478334952,FLAT
2026-09-30T06:53:56.354107+00:00,3,SPOT,ICP|GATE|HTX,ICP,GATE,HTX,-35.63024936355741,-1.37230643531445,-6.993711644367739,20.86745130844475,-121.47982982287698,50.34786581020967,60.0,172.44201468182393,-352.92813286033316,-295.78359213640135,FLAT
2026-09-30T06:53:56.848963+00:00,3,PERP,APT|HTX|OKX,APT,HTX,OKX,-25.163980920415163,-1.719369674128985,-4.823838361286661,11.829999601122783,-49.27834906392259,-0.9448346916818284,20.0,48.455219855599594,-118.90973055823552,-78.33422352520442,FLAT
2026-09-30T06:53:57.301947+00:00,3,PERP,DOT|GATE|HTX,DOT,GATE,HTX,-9.382796102677116,-0.9786063477588597,6.785864709749006,16.52212950534659,-31.92166377170458,13.18467257839906,20.0,45.148680300940114,-109.85620878239371,-77.54748816959017,FLAT
2026-09-30T06:53:57.697466+00:00,3,PERP,ICP|GATE|HTX,ICP,GATE,HTX,58.593480992559236,1.3073675144472352,34.121933084722144,18.718185695614324,38.450162673766556,78.74275887298276,20.0,40.05788224158154,-61.729652652537126,-110.67870802984216,FLAT
2026-09-30T06:53:58.102049+00:00,3,PERP,HBAR|GATE|HTX,HBAR,GATE,HTX,86.30553893304693,3.4979107458569785,21.848464473297255,18.42730679623384,20.905981673389196,151.78605475885786,20.0,129.76012128691076,-156.7026040868188,-285.69771157247135,FLAT
2026-09-30T06:53:58.544326+00:00,3,PERP,ICP|HTX|OKX,ICP,HTX,OKX,-56.78170606771449,-1.252071303198055,-34.84629851378031,17.519295824372385,-78.12756090402218,-35.35651149086494,20.0,43.01514959705757,-112.29641198729944,-68.50493661997294,FLAT
2026-09-30T06:53:59.016097+00:00,3,PERP,HBAR|BITGET|HTX,HBAR,BITGET,HTX,41.15296117374933,1.5648358470715331,11.824078854211912,18.742465782864134,-54.487808631097366,136.81868915513152,21.999999999999996,190.52243827961584,-284.8343257649251,-343.51704858053546,FLAT
2026-09-30T06:54:09.818284+00:00,4,PERP,ICP|HTX|MEXC,ICP,HTX,MEXC,-53.85663435321098,-1.0076827807312285,-35.003058936341446,18.70983188100959,-78.12756090402218,-29.48113207546954,26.0,48.909614744806106,-124.03411671248683,-86.431541605678,FLAT
2026-09-30T06:54:10.209696+00:00,4,PERP,APT|GATE|HTX,APT,GATE,HTX,22.09466816835537,1.3247868522014112,5.92951942099749,12.202075164390479,-3.095678972917515,47.30248018409711,20.0,50.28704554632164,-85.31224394023666,-117.66000630942126,FLAT
2026-09-30T06:54:10.615254+00:00,4,PERP,ICP|BITGET|HTX,ICP,BITGET,HTX,49.49251474905658,1.2500710110339968,27.103783251848725,17.909967753503064,23.640661938533203,75.3662906189212,21.999999999999996,51.47087707438329,-82.93399838769881,-127.73338444145575,FLAT
2026-09-30T06:54:10.984220+00:00,4,SPOT,ICP|GATE|HTX,ICP,GATE,HTX,-38.656953895953585,-1.5173507192405524,-6.993711644367739,20.86745130844475,-129.27298213066928,52.09852938750981,60.0,182.07525175361374,-370.3545222399153,-307.1674927854913,FLAT
2026-09-30T06:54:11.496922+00:00,4,PERP,APT|HTX|OKX,APT,HTX,OKX,-23.222727316325464,-1.5552738440745653,-4.823838361286661,11.829999601122783,-47.739676072025006,1.4007487566503052,20.0,49.25457645704382,-118.17041416778216,-81.47916357498077,FLAT
2026-09-30T06:54:11.896321+00:00,4,PERP,DOT|GATE|HTX,DOT,GATE,HTX,-6.069020372609923,-0.7780404504273536,6.785864709749006,16.52212950534659,-29.338372995286743,17.23163415859874,20.0,46.59826669738109,-108.72250440241685,-83.04403614623082,FLAT
2026-09-30T06:54:12.292538+00:00,4,PERP,ICP|GATE|HTX,ICP,GATE,HTX,54.14825864990868,1.0698860397500338,34.121933084722144,18.718185695614324,29.56830277941913,78.74275887298276,20.0,48.909614744806106,-79.46324505010912,-119.53044053306672,FLAT
2026-09-30T06:54:12.691020+00:00,4,PERP,HBAR|GATE|HTX,HBAR,GATE,HTX,51.45502085081466,1.6066675778995754,21.848464473297255,18.42730679623384,-54.84478842246898,157.92140715056968,20.0,211.6768813238129,-314.37013421957914,-373.7498240010853,FLAT
2026-09-30T06:54:13.161266+00:00,4,PERP,ICP|HTX|OKX,ICP,HTX,OKX,-52.385746544035825,-1.001150286294903,-34.84629851378031,17.519295824372385,-75.19209568535467,-29.48113207546954,20.0,45.95147258753272,-112.29726975910708,-77.3166390258435,FLAT
2026-09-30T06:54:13.674892+00:00,4,PERP,HBAR|BITGET|HTX,HBAR,BITGET,HTX,79.6832467004327,3.620610469955511,11.824078854211912,18.742465782864134,17.663975714168334,141.7161528030486,21.999999999999996,123.07150190537168,-145.23160504541525,-280.96357585420833,FLAT
2026-09-30T06:54:24.336786+00:00,5,PERP,ICP|HTX|MEXC,ICP,HTX,MEXC,-52.37804232164356,-0.9286552383689595,-35.003058936341446,18.70983188100959,-75.19209568535467,-29.472443265545767,26.0,45.9601996436055,-118.14923639261873,-83.49081531440119,FLAT
2026-09-30T06:54:24.877001+00:00,5,PERP,APT|GATE|HTX,APT,GATE,HTX,22.30505121928017,1.3420284318581868,5.92951942099749,12.202075164390479,-3.9887820922224204,48.62292365729104,20.0,52.49460527970253,-88.41290679292246,-121.18800951599609,FLAT
2026-09-30T06:54:25.295725+00:00,5,PERP,ICP|BITGET|HTX,ICP,BITGET,HTX,51.36569345177699,1.354659624955651,27.103783251848725,17.909967753503064,26.99029122340324,75.7617642681696,21.999999999999996,48.52222650451866,-76.63571853296415,-125.18020752083953,FLAT
2026-09-30T06:54:25.613817+00:00,5,SPOT,ICP|GATE|HTX,ICP,GATE,HTX,-40.12685717187936,-1.5877907195165286,-6.993711644367739,20.86745130844475,-130.08402285388576,49.956956814585226,60.0,180.76624872319363,-369.85655993271166,-303.7169171821466,FLAT
2026-09-30T06:54:26.044057+00:00,5,PERP,APT|HTX|OKX,APT,HTX,OKX,-23.392790301396403,-1.569649413880569,-4.823838361286661,11.829999601122783,-47.58637986797321,0.9059215712836632,20.0,48.6057760262175,-117.36831753290404,-80.33553595878783,FLAT
2026-09-30T06:54:26.506265+00:00,5,PERP,DOT|GATE|HTX,DOT,GATE,HTX,-7.708857591913754,-0.8772914107090276,6.785864709749006,16.52212950534659,-32.60767767700901,17.23163415859874,20.0,49.877727022540824,-115.27126940929884,-86.32349647139056,FLAT
2026-09-30T06:54:26.960517+00:00,5,PERP,ICP|GATE|HTX,ICP,GATE,HTX,55.62711106043672,1.1488922230723058,34.121933084722144,18.718185695614324,32.52513305735949,78.74275887298276,20.0,45.961948729841744,-73.5587487572044,-116.58277451810235,FLAT
2026-09-30T06:54:27.429567+00:00,5,PERP,HBAR|GATE|HTX,HBAR,GATE,HTX,89.2358841358476,3.6569326384864302,21.848464473297255,18.42730679623384,21.480882542046498,157.10285187277685,20.0,134.42234719430274,-160.7899291255535,-295.6767345937823,FLAT
2026-09-30T06:54:27.840602+00:00,5,PERP,ICP|HTX|OKX,ICP,HTX,OKX,-50.90737083174312,-0.9167647192542447,-34.84629851378031,17.519295824372385,-72.25663046668495,-29.472443265545767,20.0,43.00293228801475,-106.41326424091939,-74.3767875362493,FLAT
2026-09-30T06:54:28.251293+00:00,5,PERP,HBAR|BITGET|HTX,HBAR,BITGET,HTX,41.40791163286694,1.5784386708446305,11.824078854211912,18.742465782864134,-61.08528285010184,143.92401326891013,21.999999999999996,204.1638935133085,-305.07325521762226,-364.2638279280067,FLAT
2026-09-30T07:07:34.687149+00:00,0,PERP,ICP|HTX|MEXC,ICP,HTX,MEXC,-47.190679840731775,-0.6596313960262713,-34.92859445197997,18.589299209559517,-61.855670103092564,-32.48670998227898,26.0,29.508159395891447,-88.43523504700404,-63.950043865592434,FLAT
2026-09-30T07:07:35.149325+00:00,0,PERP,APT|GATE|HTX,APT,GATE,HTX,29.68757337870276,1.9070439446199656,6.277706649911113,12.275473145143883,1.2787723785168126,58.12331694828643,20.0,56.676273696398695,-87.675207967793,-134.52188399477402,FLAT
2026-09-30T07:07:35.675831+00:00,0,PERP,ICP|BITGET|HTX,ICP,BITGET,HTX,44.23660573626531,0.9620450230581565,27.036705146760475,17.878477802244277,26.650873556408605,61.837268672197965,21.999999999999996,35.03142166133262,-63.417253251684485,-97.83198518677011,FLAT
2026-09-30T07:07:36.006890+00:00,0,SPOT,ICP|GATE|HTX,ICP,GATE,HTX,-4.647853309602823,0.04475728882876614,-5.621614957752951,21.756493157473773,-72.83255416907663,63.6246434021337,60.0,136.52059385321198,-269.73153306453565,-271.7668522130986,FLAT
2026-09-30T07:07:36.552847+00:00,0,PERP,APT|HTX|OKX,APT,HTX,OKX,-39.02701939306197,-2.8340714329594476,-5.189156027578956,11.939664954086286,-66.2442097533389,-11.681068510689396,20.0,54.77661418626873,-141.83166791202868,-74.28470170315829,FLAT
2026-09-30T07:07:37.020575+00:00,0,PERP,DOT|GATE|HTX,DOT,GATE,HTX,0.5444604909676798,-0.4033657471754399,7.124342892523468,16.31244707224467,-28.735940807246287,29.861079529527323,20.0,58.59380774992034,-120.45409144969008,-107.33054438692419,FLAT
2026-09-30T07:07:37.487860+00:00,0,PERP,ICP|GATE|HTX,ICP,GATE,HTX,50.39276715577357,0.8806227166827475,34.00713289211104,18.606872106804403,35.56609365737762,65.22383634746554,20.0,29.509037831342567,-53.950077066075984,-86.72574128669706,FLAT
2026-09-30T07:07:37.884915+00:00,0,PERP,HBAR|GATE|HTX,HBAR,GATE,HTX,85.64381903511942,3.3737333146778483,22.25215823653842,18.789766376253766,19.917461896243882,151.47006954004505,20.0,130.43543292925753,-158.77012926955206,-285.6533442327642,FLAT
2026-09-30T07:07:38.360577+00:00,0,PERP,ICP|HTX|OKX,ICP,HTX,OKX,-48.605697558299354,-0.8092834350982241,-34.64758294009422,17.247498234671042,-64.68195438669389,-32.48670998227898,20.0,32.35243897696672,-88.38681042356639,-60.51331193478195,FLAT
2026-09-30T07:07:38.777923+00:00,0,PERP,HBAR|BITGET|HTX,HBAR,BITGET,HTX,79.75153152071313,3.55838867452487,12.17555920665141,18.990610215755794,21.41528601760756,138.10536919658168,21.999999999999996,115.76682238830604,-134.52709557734988,-269.6966323782363,FLAT
2026-09-30T07:07:49.579802+00:00,1,PERP,ICP|HTX|MEXC,ICP,HTX,MEXC,-41.27966976264052,-0.3416522182500847,-34.92859445197997,18.589299209559517,-58.87547836325946,-23.62669816892926,26.0,35.394796042222545,-91.34167995350202,-78.69669232527325,FLAT
2026-09-30T07:07:50.048541+00:00,1,PERP,APT|GATE|HTX,APT,GATE,HTX,21.73218280600908,1.2589719331683507,6.277706649911113,12.275473145143883,-5.11182108626107,48.59335038363221,20.0,53.58870602895953,-90.97823376513172,-121.90434976268064,FLAT
2026-09-30T07:07:50.469919+00:00,1,PERP,ICP|BITGET|HTX,ICP,BITGET,HTX,36.48399067949892,0.5284166603687331,27.036705146760475,17.878477802244277,16.523886660748666,56.45878214391331,21.999999999999996,39.78972129924253,-78.30253978525434,-97.21179829639536,FLAT
2026-09-30T07:07:50.814903+00:00,1,SPOT,ICP|GATE|HTX,ICP,GATE,HTX,-15.082551034920622,-0.4348557466816593,-5.621614957752951,21.756493157473773,-84.35898411831234,54.29235194606363,60.0,138.86070349597597,-283.59807265653535,-264.77467039979257,FLAT
2026-09-30T07:07:51.358806+00:00,1,PERP,APT|HTX|OKX,APT,HTX,OKX,-23.58161285506921,-1.540449995725846,-5.189156027578956,11.939664954086286,-50.11650201118489,3.0788089565603194,20.0,53.32075366722522,-124.24809965083116,-87.5887186513645,FLAT
2026-09-30T07:07:51.760215+00:00,1,PERP,DOT|GATE|HTX,DOT,GATE,HTX,-11.819299445176012,-1.1612998499735665,7.124342892523468,16.31244707224467,-41.084240617805804,17.470192852595545,20.0,58.62371229745176,-132.83229580778104,-94.96956225752383,FLAT
2026-09-30T07:07:52.173725+00:00,1,PERP,ICP|GATE|HTX,ICP,GATE,HTX,41.45077720207002,0.4000481256189693,34.00713289211104,18.606872106804403,23.68265245707324,59.22416345868875,20.0,35.394796042222545,-71.71927647726034,-86.61182660880026,FLAT
2026-09-30T07:07:52.571644+00:00,1,PERP,HBAR|GATE|HTX,HBAR,GATE,HTX,91.33242076712733,3.6764833126340273,22.25215823653842,18.789766376253766,20.505071551766285,162.26540424116865,20.0,140.4772413236049,-168.22432800837703,-306.4904873282351,FLAT
2026-09-30T07:07:53.101959+00:00,1,PERP,ICP|HTX|OKX,ICP,HTX,OKX,-39.80041721454053,-0.29875835928993166,-34.64758294009422,17.247498234671042,-58.86553722879828,-20.673360897813797,20.0,38.34468935221936,-88.56264364092343,-78.31891139449978,FLAT
2026-09-30T07:07:53.594463+00:00,1,PERP,HBAR|BITGET|HTX,HBAR,BITGET,HTX,83.07721533499013,3.733511210161866,12.17555920665141,18.990610215755794,18.426327296172662,147.74537085145755,21.999999999999996,128.25354649962222,-150.00277841010097,-291.82335814442837,FLAT
2026-09-30T07:08:04.261359+00:00,2,PERP,ICP|HTX|MEXC,ICP,HTX,MEXC,-48.572269649692636,-0.7339531761744106,-34.92859445197997,18.589299209559517,-79.24860581156601,-17.714791851196622,26.0,61.83362064990672,-138.15363200949275,-111.04742325069006,FLAT
2026-09-30T07:08:04.660501+00:00,2,PERP,APT|GATE|HTX,APT,GATE,HTX,16.24007019673357,0.8115665627734698,6.277706649911113,12.275473145143883,-12.76976120546669,45.27001750798787,20.0,57.945667570620714,-102.99313542599852,-122.93797842869748,FLAT
2026-09-30T07:08:05.084090+00:00,2,PERP,ICP|BITGET|HTX,ICP,BITGET,HTX,41.20060032763328,0.792231605930949,27.036705146760475,17.878477802244277,26.60360626662861,55.80996473372846,21.999999999999996,29.086515039538167,-57.51961391967003,-85.85977462650615,FLAT
2026-09-30T07:08:05.431769+00:00,2,SPOT,ICP|GATE|HTX,ICP,GATE,HTX,-8.706501618940266,-0.1417915396042398,-5.621614957752951,21.756493157473773,-82.71843583079198,65.42619850342658,60.0,148.27363034741546,-291.37045122045447,-285.321443808595,FLAT
2026-09-30T07:08:05.896918+00:00,2,PERP,APT|HTX|OKX,APT,HTX,OKX,-19.065594970755217,-1.162213428646264,-5.189156027578956,11.939664954086286,-47.06780307848768,9.079828624039,20.0,56.254518990926876,-124.1331660418356,-96.52350364254482,FLAT
2026-09-30T07:08:06.295755+00:00,2,PERP,DOT|GATE|HTX,DOT,GATE,HTX,-14.045554907232694,-1.2977757234091722,7.124342892523468,16.31244707224467,-45.66728606663961,17.6026823134956,20.0,63.35894843470433,-142.15057739386742,-99.83728785567646,FLAT
2026-09-30T07:08:06.749025+00:00,2,PERP,ICP|GATE|HTX,ICP,GATE,HTX,48.80934772962809,0.7955240812400695,34.00713289211104,18.606872106804403,32.53475303164777,65.08875739644981,20.0,32.39588146827519,-59.86826132873846,-89.47750597261395,FLAT
2026-09-30T07:08:07.231935+00:00,2,PERP,HBAR|GATE|HTX,HBAR,GATE,HTX,90.47918059957638,3.631073478873174,22.25215823653842,18.789766376253766,21.018909496925975,160.02623097401082,20.0,137.76081870316048,-164.99406744277292,-301.5348914406329,FLAT
2026-09-30T07:08:07.769523+00:00,2,PERP,ICP|HTX|OKX,ICP,HTX,OKX,-45.62849573152894,-0.6366669903094014,-34.64758294009422,17.247498234671042,-61.72839506172978,-29.48113207546954,20.0,32.39500666647783,-85.4758187881134,-63.56145753110251,FLAT
2026-09-30T07:08:08.191317+00:00,2,PERP,HBAR|BITGET|HTX,HBAR,BITGET,HTX,81.24853283272503,3.63721717424153,12.17555920665141,18.990610215755794,16.874907937503014,145.63803632176243,21.999999999999996,127.72537648170437,-151.02602775085276,-289.1878535968154,FLAT
2026-09-30T07:08:19.166371+00:00,3,PERP,ICP|HTX|MEXC,ICP,HTX,MEXC,-46.54409908618984,-0.6248489791501455,-34.92859445197997,18.589299209559517,-63.5451499118167,-29.489826010027365,26.0,34.214488981668104,-94.83104444150483,-71.6532574236207,FLAT
2026-09-30T07:08:19.568077+00:00,3,PERP,APT|GATE|HTX,APT,GATE,HTX,24.98835836753477,1.5242305935087723,6.277706649911113,12.275473145143883,-6.388959877331457,56.39815223231537,20.0,62.63059174502681,-101.29725827226937,-138.75103732743105,FLAT
2026-09-30T07:08:20.050464+00:00,3,PERP,ICP|BITGET|HTX,ICP,BITGET,HTX,41.49225308397453,0.8085446701396166,27.036705146760475,17.878477802244277,21.08299958628823,61.92072609404686,21.999999999999996,40.66897273152988,-74.62267829200212,-103.55299367881626,FLAT
2026-09-30T07:08:20.418552+00:00,3,SPOT,ICP|GATE|HTX,ICP,GATE,HTX,16.811444117061924,1.0310971953266599,-5.621614957752951,21.756493157473773,-91.32713201073561,125.11023860480641,60.0,216.07400041514606,-367.77951746812874,-412.80585397770545,FLAT
2026-09-30T07:08:20.908022+00:00,3,PERP,APT|HTX|OKX,APT,HTX,OKX,-26.159620524213167,-1.756369594731147,-5.189156027578956,11.939664954086286,-55.383667702888495,3.2176277712414603,20.0,58.75459475137785,-134.9491064266874,-93.16137855019826,FLAT
2026-09-30T07:08:21.310648+00:00,3,PERP,DOT|GATE|HTX,DOT,GATE,HTX,-13.41068287801006,-1.2588562390172289,7.124342892523468,16.31244707224467,-44.247937787892376,17.45242052718643,20.0,61.783202980452586,-139.1554836608684,-98.11128061511555,FLAT
2026-09-30T07:08:21.710715+00:00,3,PERP,ICP|GATE|HTX,ICP,GATE,HTX,49.73460191630252,0.8452505576388661,34.00713289211104,18.606872106804403,32.544378698224904,66.92991250437873,20.0,34.215364301178866,-61.678118495065,-93.13814391344656,FLAT
2026-09-30T07:08:22.112650+00:00,3,PERP,HBAR|GATE|HTX,HBAR,GATE,HTX,85.99397982459678,3.3923690327844813,22.25215823653842,18.789766376253766,21.355314903315215,150.71005657442794,20.0,128.2518070138315,-155.1486503470547,-282.709705351721,FLAT
2026-09-30T07:08:22.660400+00:00,3,PERP,ICP|HTX|OKX,ICP,HTX,OKX,-44.16310908287979,-0.5517047175953552,-34.64758294009422,17.247498234671042,-61.72839506172978,-26.540843409021964,20.0,35.34354747895825,-88.42435960059382,-69.45028701003051,FLAT
2026-09-30T07:08:23.085067+00:00,3,PERP,HBAR|BITGET|HTX,HBAR,BITGET,HTX,76.61105741372465,3.3930188379946595,12.17555920665141,18.990610215755794,16.472602065997766,136.768146932289,21.999999999999996,119.38095188390943,-143.08390902456307,-271.973539609547,FLAT
2026-09-30T07:08:33.756952+00:00,4,PERP,ICP|HTX|MEXC,ICP,HTX,MEXC,-45.62849573152894,-0.5755946557709162,-34.92859445197997,18.589299209559517,-61.72839506172978,-29.48113207546954,26.0,32.39500666647783,-91.19480727622764,-69.84246904298826,FLAT
2026-09-30T07:08:34.234263+00:00,4,PERP,APT|GATE|HTX,APT,GATE,HTX,25.87376000194208,1.5963582926970983,6.277706649911113,12.275473145143883,-5.11182108626107,56.88896149417921,20.0,61.8407631231784,-99.23029085935057,-138.4520179674465,FLAT
2026-09-30T07:08:34.659978+00:00,4,PERP,ICP|BITGET|HTX,ICP,BITGET,HTX,40.81631120353979,0.7707370956966799,27.036705146760475,17.878477802244277,22.009713441655254,59.63803105589971,21.999999999999996,37.47535097817253,-70.50234268327775,-98.07667688731176,FLAT
2026-09-30T07:08:34.994392+00:00,4,SPOT,ICP|GATE|HTX,ICP,GATE,HTX,-17.0776060306832,-0.5265550376162023,-5.621614957752951,21.756493157473773,-90.38990600581886,56.347096605526836,60.0,146.98793671673684,-297.75622776480276,-274.9566482800166,FLAT
2026-09-30T07:08:35.509235+00:00,4,PERP,APT|HTX|OKX,APT,HTX,OKX,-28.45677873806407,-1.9487668037554013,-5.189156027578956,11.939664954086286,-57.63665837831944,0.8760704796428875,20.0,58.67931136825969,-137.12681371900018,-90.74453787548153,FLAT
2026-09-30T07:08:35.911508+00:00,4,PERP,DOT|GATE|HTX,DOT,GATE,HTX,-13.302550164210336,-1.2522273921421507,7.124342892523468,16.31244707224467,-44.03176292370414,17.45242052718643,20.0,61.566071235070396,-138.722177051298,-97.89414886973336,FLAT
2026-09-30T07:08:36.313717+00:00,4,PERP,ICP|GATE|HTX,ICP,GATE,HTX,48.80934772962809,0.7955240812400695,34.00713289211104,18.606872106804403,32.53475303164777,65.08875739644981,20.0,32.39588146827519,-59.86826132873846,-89.47750597261395,FLAT
2026-09-30T07:08:36.773316+00:00,4,PERP,HBAR|GATE|HTX,HBAR,GATE,HTX,51.93189540618981,1.5795692493101037,22.25215823653842,18.789766376253766,-48.985287514266005,153.0035735006785,20.0,200.94519635430976,-298.18264210511416,-357.6966116184498,FLAT
2026-09-30T07:08:37.264416+00:00,4,PERP,ICP|HTX|OKX,ICP,HTX,OKX,-45.62849573152894,-0.6366669903094014,-34.64758294009422,17.247498234671042,-61.72839506172978,-29.48113207546954,20.0,32.39500666647783,-85.4758187881134,-63.56145753110251,FLAT
2026-09-30T07:08:37.751396+00:00,4,PERP,HBAR|BITGET|HTX,HBAR,BITGET,HTX,78.93247607522191,3.515259178622117,12.17555920665141,18.990610215755794,19.37772665740356,138.50357588716554,21.999999999999996,118.1929209947518,-138.99075354399966,-272.52093767526594,FLAT
2026-09-30T07:08:48.496365+00:00,5,PERP,ICP|HTX|MEXC,ICP,HTX,MEXC,-45.62849573152894,-0.5755946557709162,-34.92859445197997,18.589299209559517,-61.72839506172978,-29.48113207546954,26.0,32.39500666647783,-91.19480727622764,-69.84246904298826,FLAT
2026-09-30T07:08:48.899303+00:00,5,PERP,APT|GATE|HTX,APT,GATE,HTX,27.10923371309626,1.6970040027683981,6.277706649911113,12.275473145143883,-3.834355828220559,58.082119498463754,20.0,61.74906448288467,-97.86112696101635,-139.5534773314373,FLAT
2026-09-30T07:08:49.320177+00:00,5,PERP,ICP|BITGET|HTX,ICP,BITGET,HTX,49.5169474937085,1.2573912944717303,27.036705146760475,17.878477802244277,30.980265405085028,68.06747558449233,21.999999999999996,36.90446536282757,-60.96090510450301,-105.93523580055941,FLAT
2026-09-30T07:08:49.671904+00:00,5,SPOT,ICP|GATE|HTX,ICP,GATE,HTX,18.23071291740419,1.0963314584990187,-5.621614957752951,21.756493157473773,-89.67928873833687,126.29527119159434,60.0,215.58142901121377,-365.6391027917977,-413.4983151605611,FLAT
2026-09-30T07:08:50.150715+00:00,5,PERP,APT|HTX|OKX,APT,HTX,OKX,-30.86400152981339,-2.1503824103076994,-5.189156027578956,11.939664954086286,-60.033326552350054,-1.5417622602587056,20.0,58.67225057216971,-139.5164210969408,-88.31964433948995,FLAT
2026-09-30T07:08:50.625182+00:00,5,PERP,DOT|GATE|HTX,DOT,GATE,HTX,-14.120654325359139,-1.302379534093973,7.124342892523468,16.31244707224467,-45.66728606663961,17.45242052718643,20.0,63.20895069015362,-142.0005796493167,-99.53702832481657,FLAT
2026-09-30T07:08:51.051419+00:00,5,PERP,ICP|GATE|HTX,ICP,GATE,HTX,57.73501110288626,1.2752212233510276,34.00713289211104,18.606872106804403,41.444641799881495,74.03020432336317,20.0,32.398508981779244,-50.96100007400879,-98.42158041303136,FLAT
2026-09-30T07:08:51.446167+00:00,5,PERP,HBAR|GATE|HTX,HBAR,GATE,HTX,88.39965037219733,3.5203999246768256,22.25215823653842,18.789766376253766,22.110375677377725,154.7682885107915,20.0,131.49545017165656,-157.63723273081726,-290.01158044590966,FLAT
2026-09-30T07:08:51.960771+00:00,5,PERP,ICP|HTX|OKX,ICP,HTX,OKX,-51.51604356785411,-0.9780236181645635,-34.64758294009422,17.247498234671042,-67.60728982951214,-35.37735849056589,20.0,32.39675678778596,-91.35646367720389,-57.66698123731429,FLAT
2026-09-30T07:08:52.500757+00:00,5,PERP,HBAR|BITGET|HTX,HBAR,BITGET,HTX,81.86888469518206,3.6698834158951206,12.17555920665141,18.990610215755794,20.054792836101676,143.7022225039475,21.999999999999996,122.64335916913296,-142.7641255396827,-282.17002246642903,FLAT
2026-09-30T07:20:13.293237+00:00,0,PERP,ICP|HTX|MEXC,ICP,HTX,MEXC,-37.851215606347075,-0.1576562574808942,-34.92107370330878,18.585636560562087,-58.12263876780022,-17.502917152858455,26.0,40.773910330884064,-95.9754753953755,-90.19206688133438,FLAT
2026-09-30T07:20:13.782843+00:00,0,PERP,APT|GATE|HTX,APT,GATE,HTX,12.656032409390505,0.5734116662621952,5.267608921264726,12.885024708840486,-34.310860083872626,59.66143287056358,20.0,93.85349588607319,-159.43196489121055,-174.24731983537205,FLAT
2026-09-30T07:20:14.261246+00:00,0,PERP,ICP|BITGET|HTX,ICP,BITGET,HTX,30.038932095768356,0.16828937998021526,27.03064598860261,17.875674077112947,7.174291418561296,52.92131987141957,21.999999999999996,45.6100139568369,-93.46636852687821,-99.50068783965385,FLAT
2026-09-30T07:20:14.577573+00:00,0,SPOT,ICP|GATE|HTX,ICP,GATE,HTX,100.91324253437506,4.906453703268,-6.192283114893215,21.829519267231525,-50.60122053675564,252.69139810513596,60.0,300.2623446975875,-410.6712821194499,-625.1460259176167,FLAT
2026-09-30T07:20:15.145926+00:00,0,PERP,APT|HTX|OKX,APT,HTX,OKX,-8.440683784535219,-0.33669355858114847,-4.285074019652613,12.342409466918978,-45.9683219896756,29.346640599603457,20.0,75.37769111619747,-143.06093908622046,-135.00940573545353,FLAT
2026-09-30T07:20:15.627418+00:00,0,PERP,DOT|GATE|HTX,DOT,GATE,HTX,-16.357345796981228,-1.2129360007982906,5.978574312689475,18.414755679582747,-50.102028536229696,17.44333642590634,20.0,67.65598577038453,-149.7365886193037,-105.1207478836014,FLAT
2026-09-30T07:20:16.084352+00:00,0,PERP,ICP|GATE|HTX,ICP,GATE,HTX,37.98392987582222,0.22119562032417422,33.87717837619161,18.566151959120816,14.607069821794827,61.36762127410877,20.0,46.583607605842374,-91.85371616023916,-100.07405050375954,FLAT
2026-09-30T07:20:16.547046+00:00,0,PERP,HBAR|GATE|HTX,HBAR,GATE,HTX,53.5237393820287,1.6757311108656163,22.154233338867027,18.719892373996345,-47.05297242136752,154.263709231115,20.0,200.24476439990516,-295.4519701601397,-358.3542402921531,FLAT
2026-09-30T07:20:17.093682+00:00,0,PERP,ICP|HTX|OKX,ICP,HTX,OKX,-36.384805705138575,-0.10605586025847195,-34.55912461048544,17.214334881671903,-60.99331977926226,-11.66861143523934,20.0,49.50459477488225,-101.93878994365906,-98.39510795012835,FLAT
2026-09-30T07:20:17.558961+00:00,0,PERP,HBAR|BITGET|HTX,HBAR,BITGET,HTX,79.30508846160755,3.5447998444082915,12.119068728445885,18.953402923198492,19.990510495528913,138.63666627996096,21.999999999999996,117.71263227708259,-137.84119050999954,-272.23022982859766,FLAT
2026-09-30T07:20:28.643364+00:00,1,PERP,ICP|HTX|MEXC,ICP,HTX,MEXC,-37.84019793334426,-0.15706345168880217,-34.92107370330878,18.585636560562087,-60.99331977926226,-14.585764294049453,26.0,46.583607605842374,-104.65585368179586,-98.9189170151017,FLAT
2026-09-30T07:20:29.096604+00:00,1,PERP,APT|GATE|HTX,APT,GATE,HTX,25.184610326278722,1.545748017956755,5.267608921264726,12.885024708840486,-2.3794174196112294,52.771349153835075,20.0,55.01221111102398,-88.65923745189994,-128.51595134359434,FLAT
2026-09-30T07:20:29.570366+00:00,1,PERP,ICP|BITGET|HTX,ICP,BITGET,HTX,32.125642740277186,0.28502403488089634,27.03064598860261,17.875674077112947,5.846016462345283,58.42827928717709,21.999999999999996,52.41386982974022,-101.59849935599755,-111.8115031283147,FLAT
2026-09-30T07:20:29.886922+00:00,1,SPOT,ICP|GATE|HTX,ICP,GATE,HTX,17.93221090398589,1.1051317128679323,-6.192283114893215,21.829519267231525,-54.76612656751034,90.75447602958863,60.0,145.26001373811633,-259.83385719073345,-308.20677288259816,FLAT
2026-09-30T07:20:30.440529+00:00,1,PERP,APT|HTX|OKX,APT,HTX,OKX,-34.54123290368649,-2.4513980811549505,-4.285074019652613,12.342409466918978,-61.49470076478592,-7.4580930727263794,20.0,54.22359148770517,-137.43321823283847,-77.05057243463139,FLAT
2026-09-30T07:20:30.888519+00:00,1,PERP,DOT|GATE|HTX,DOT,GATE,HTX,-4.46631826546362,-0.5672023435930681,5.978574312689475,18.414755679582747,-40.10527868525404,31.22562411549845,20.0,71.36273631697718,-143.4465893149207,-122.60978611978615,FLAT
2026-09-30T07:20:31.375819+00:00,1,PERP,ICP|GATE|HTX,ICP,GATE,HTX,40.91772614350564,0.37921416256938956,33.87717837619161,18.566151959120816,17.53360607831711,64.3086816720273,20.0,46.584461570702395,-88.92803386857689,-103.01596486653808,FLAT
2026-09-30T07:20:31.825379+00:00,1,PERP,HBAR|GATE|HTX,HBAR,GATE,HTX,205.5972738724199,9.799364059826122,22.154233338867027,18.719892373996345,18.846346193146513,392.46337535500555,20.0,366.09027735601666,-395.39816450173714,-762.3994193721552,FLAT
2026-09-30T07:20:32.340194+00:00,1,PERP,ICP|HTX|OKX,ICP,HTX,OKX,-43.66176684616696,-0.52878268595629,-34.55912461048544,17.214334881671903,-66.80220737728781,-20.420070011668567,20.0,46.58531603488018,-104.82839880168255,-86.72437063369705,FLAT
2026-09-30T07:20:32.835062+00:00,1,PERP,HBAR|BITGET|HTX,HBAR,BITGET,HTX,50.91786947929444,2.0470625200163814,12.119068728445885,18.953402923198492,-47.63622632591225,149.50371569957932,21.999999999999996,196.14122756943362,-283.8965226237917,-361.5258745405671,FLAT
2026-09-30T07:20:43.553956+00:00,2,PERP,ICP|HTX|MEXC,ICP,HTX,MEXC,-37.84019793334426,-0.15706345168880217,-34.92107370330878,18.585636560562087,-60.99331977926226,-14.585764294049453,26.0,46.583607605842374,-104.65585368179586,-98.9189170151017,FLAT
2026-09-30T07:20:44.022408+00:00,2,PERP,APT|GATE|HTX,APT,GATE,HTX,26.68656749882814,1.662314125239337,5.267608921264726,12.885024708840486,-14.436840474055801,67.83741914107466,20.0,82.05527310250169,-127.75972249782221,-170.62508332231164,FLAT
2026-09-30T07:20:44.492502+00:00,2,PERP,ICP|BITGET|HTX,ICP,BITGET,HTX,37.75801947915048,0.6001101521694568,27.03064598860261,17.875674077112947,11.429661197079888,64.10960964630341,21.999999999999996,52.48177740658835,-96.08276219811107,-117.56074106428915,FLAT
2026-09-30T07:20:44.809817+00:00,2,SPOT,ICP|GATE|HTX,ICP,GATE,HTX,34.47977182993833,1.8631676880711114,-6.192283114893215,21.829519267231525,-55.55041749271017,124.66253010034566,60.0,179.5935838482996,-294.95171822611655,-376.4483970635385,FLAT
2026-09-30T07:20:45.354610+00:00,2,PERP,APT|HTX|OKX,APT,HTX,OKX,-37.93195878776356,-2.726119633147302,-4.285074019652613,12.342409466918978,-71.74346069110382,-3.9099865855840577,20.0,68.09110396377632,-161.54949063522753,-94.46619139784488,FLAT
2026-09-30T07:20:45.804748+00:00,2,PERP,DOT|GATE|HTX,DOT,GATE,HTX,-8.071736157312381,-0.7629919568023407,5.978574312689475,18.414755679582747,-33.59011900200937,17.467876623198375,20.0,51.09923275025194,-116.66792606495079,-88.58853506076085,FLAT
2026-09-30T07:20:46.262097+00:00,2,PERP,ICP|GATE|HTX,ICP,GATE,HTX,40.91772614350564,0.37921416256938956,33.87717837619161,18.566151959120816,14.607069821794827,67.25146198830467,20.0,52.4298510197725,-97.69995957416928,-111.80413463188556,FLAT
2026-09-30T07:20:46.717038+00:00,2,PERP,HBAR|GATE|HTX,HBAR,GATE,HTX,82.0713691059205,3.200720098705476,22.154233338867027,18.719892373996345,19.369442546592897,144.88231108287897,20.0,124.49105868709975,-153.27584947937387,-273.2191364311117,FLAT
2026-09-30T07:20:47.217640+00:00,2,PERP,ICP|HTX|OKX,ICP,HTX,OKX,-43.66176684616696,-0.52878268595629,-34.55912461048544,17.214334881671903,-66.80220737728781,-20.420070011668567,20.0,46.58531603488018,-104.82839880168255,-86.72437063369705,FLAT
2026-09-30T07:20:47.729883+00:00,2,PERP,HBAR|BITGET|HTX,HBAR,BITGET,HTX,79.61943124894066,3.5613848760570597,12.119068728445885,18.953402923198492,20.828307807978508,138.42895463669348,21.999999999999996,116.67171042713139,-135.96247134759875,-270.981596335379,FLAT
2026-09-30T07:25:19.601286+00:00,0,PERP,ICP|HTX|MEXC,ICP,HTX,MEXC,-43.52241404323443,-0.4701662745465853,-34.79783478290005,18.556369805018683,-66.58946149391997,-20.3547542890381,26.0,46.436591516640426,-110.22821822766034,-92.87967201050236,FLAT
2026-09-30T07:25:20.271054+00:00,0,PERP,APT|GATE|HTX,APT,GATE,HTX,32.20996729227377,2.229242169091333,5.886329543259171,11.8083347399374,-1.8683491982707245,66.31231078843226,20.0,67.96174695488266,-101.71642569641256,-154.38772820005573,FLAT
2026-09-30T07:25:20.821105+00:00,0,PERP,ICP|BITGET|HTX,ICP,BITGET,HTX,35.984718910251345,0.5062235901188777,26.94765101937457,17.85192959647451,10.8152007275919,61.17098747451255,21.999999999999996,50.17522703096697,-94.30767732274964,-112.39856348610495,FLAT
2026-09-30T07:25:21.166987+00:00,0,SPOT,ICP|GATE|HTX,ICP,GATE,HTX,3.7980157310313345,0.45137249038465793,-5.988342485379913,21.68133509437261,-70.99521057495339,78.71250415776521,60.0,149.650778910068,-280.6576469996415,-300.3516255532131,FLAT
2026-09-30T07:25:21.845642+00:00,0,PERP,APT|HTX|OKX,APT,HTX,OKX,-35.83037325449734,-2.692135501728166,-4.834791657203352,11.513380948840409,-70.02502150843526,-1.4267963961533958,20.0,68.84426033593401,-160.03449018716591,-98.25225559698397,FLAT
2026-09-30T07:25:22.400642+00:00,0,PERP,DOT|GATE|HTX,DOT,GATE,HTX,-11.18483034901474,-1.083226296472648,6.683782778461723,16.495734257617936,-39.73617157393194,17.39024432663161,20.0,57.19037250178758,-129.61032685418124,-93.89683404995746,FLAT
2026-09-30T07:25:22.962281+00:00,0,PERP,ICP|GATE|HTX,ICP,GATE,HTX,48.10495626822231,0.7613460502438724,33.95657713865039,18.583374964695686,23.31681725444401,72.9075532225143,20.0,49.35331783332074,-85.99307771752711,-114.30429391718465,FLAT
2026-09-30T07:25:23.538432+00:00,0,PERP,HBAR|GATE|HTX,HBAR,GATE,HTX,91.01265925610002,3.628857832602681,22.366568560484424,18.916720869822946,18.493602206819393,163.64338745009644,20.0,143.8405680680825,-173.7135344217475,-311.1173869576945,FLAT
2026-09-30T07:25:24.158383+00:00,0,PERP,ICP|HTX|OKX,ICP,HTX,OKX,-39.69819442864675,-0.29865615066391893,-34.55713934906622,17.213960161717274,-63.694267515924665,-15.597456876026428,20.0,48.28827862473478,-103.42540679159322,-93.24796109777456,FLAT
2026-09-30T07:25:24.803424+00:00,0,PERP,HBAR|BITGET|HTX,HBAR,BITGET,HTX,86.44446165849695,3.877741593841318,12.304269953298238,19.11942554989976,18.338057314328804,154.5699765572217,21.999999999999996,135.06435997335836,-157.0305726123278,-305.33006657728185,FLAT
2026-09-30T07:25:35.888549+00:00,1,PERP,ICP|HTX|MEXC,ICP,HTX,MEXC,-39.17017263890932,-0.23562463466462868,-34.79783478290005,18.556369805018683,-63.694267515924665,-14.539110206454042,26.0,49.34822237414048,-110.2446551071651,-101.60694695058649,FLAT
2026-09-30T07:25:36.459214+00:00,1,PERP,APT|GATE|HTX,APT,GATE,HTX,18.556182098738994,1.0729584513410388,5.886329543259171,11.8083347399374,-13.74079674590134,50.864699898269805,20.0,64.48583349632575,-110.11295978548627,-135.46420385133638,FLAT
2026-09-30T07:25:37.031840+00:00,1,PERP,ICP|BITGET|HTX,ICP,BITGET,HTX,32.018629020520436,0.2840576966059348,26.94765101937457,17.85192959647451,5.8190282222869705,58.241118229469535,21.999999999999996,52.254767412464666,-101.38339020955226,-111.54823462255962,FLAT
2026-09-30T07:25:37.351490+00:00,1,SPOT,ICP|GATE|HTX,ICP,GATE,HTX,-11.02193073918456,-0.23216228299110206,-5.988342485379913,21.68133509437261,-73.23398595235231,51.274595358630215,60.0,124.64590785937726,-257.89155132634966,-247.90884570338739,FLAT
2026-09-30T07:25:37.934332+00:00,1,PERP,APT|HTX|OKX,APT,HTX,OKX,-24.359269219985656,-1.6958074825751983,-4.834791657203352,11.513380948840409,-57.82654327951997,9.312489202439878,20.0,67.30235330126757,-146.2941049235842,-107.4496341609108,FLAT
2026-09-30T07:25:38.478427+00:00,1,PERP,DOT|GATE|HTX,DOT,GATE,HTX,-16.712415397316384,-1.4183180821413541,6.683782778461723,16.495734257617936,-50.83834746235305,17.4418604651172,20.0,68.3944998909824,-151.91663013179718,-105.15257757763789,FLAT
2026-09-30T07:25:39.027199+00:00,1,PERP,ICP|GATE|HTX,ICP,GATE,HTX,43.712662101123016,0.524989942946695,33.95657713865039,18.583374964695686,20.396270396270122,67.03584960652931,20.0,46.436591516640426,-85.99689825902068,-105.51586398451934,FLAT
2026-09-30T07:25:40.024638+00:00,1,PERP,HBAR|GATE|HTX,HBAR,GATE,HTX,61.63194921398052,2.0756969944053316,22.366568560484424,18.916720869822946,-43.050177612131705,166.4716883264128,20.0,208.23833393297147,-299.6550801055876,-378.3434536988998,FLAT
2026-09-30T07:25:40.598259+00:00,1,PERP,ICP|HTX|OKX,ICP,HTX,OKX,-37.71942550413465,-0.1837047446003243,-34.55713934906622,17.213960161717274,-60.79907353792824,-14.539110206454042,20.0,46.43489401993505,-98.67682820879708,-92.45292316254724,FLAT
2026-09-30T07:25:41.169625+00:00,1,PERP,HBAR|BITGET|HTX,HBAR,BITGET,HTX,83.85773892374272,3.742448683078745,12.304269953298238,19.11942554989976,18.439246221013672,149.29745274162576,21.999999999999996,129.7699813575278,-151.63500508981235,-294.7631641458553,FLAT
2026-09-30T07:25:51.986073+00:00,2,PERP,ICP|HTX|MEXC,ICP,HTX,MEXC,-31.907179115299165,0.15577700261282174,-34.79783478290005,18.556369805018683,-57.87037037036868,-5.815644082581839,26.0,52.2210324327187,-107.29356802018734,-113.20322313303691,FLAT
2026-09-30T07:25:52.542908+00:00,2,PERP,APT|GATE|HTX,APT,GATE,HTX,8.551963335885482,0.22574171983885022,5.886329543259171,11.8083347399374,-25.39360081259545,42.52110393900832,20.0,67.85666579528666,-125.13659615114128,-130.4914401910358,FLAT
2026-09-30T07:25:53.092562+00:00,2,PERP,ICP|BITGET|HTX,ICP,BITGET,HTX,27.86542338524267,0.05141026133384181,26.94765101937457,17.85192959647451,-1.0293227325564036,56.784283119906135,21.999999999999996,57.65294342705652,-113.62991717898748,-115.48957552758807,FLAT
2026-09-30T07:25:53.486460+00:00,2,SPOT,ICP|GATE|HTX,ICP,GATE,HTX,-3.401845988700858,0.11929599747528374,-5.988342485379913,21.68133509437261,-85.4587344715374,78.78423044489935,60.0,164.29875520770847,-309.76914719386593,-315.07132813798773,FLAT
2026-09-30T07:25:54.095547+00:00,2,PERP,APT|HTX|OKX,APT,HTX,OKX,-16.0276482302002,-0.9721607078522105,-4.834791657203352,11.513380948840409,-49.06787825015857,17.2144569222632,20.0,66.38812487551878,-136.621211468474,-114.43737345498533,FLAT
2026-09-30T07:25:54.635408+00:00,2,PERP,DOT|GATE|HTX,DOT,GATE,HTX,-7.976850604550778,-0.8887530045073343,6.683782778461723,16.495734257617936,-33.34560108432583,17.41293532338206,20.0,50.7990493328965,-116.82843319568406,-87.52820187781684,FLAT
2026-09-30T07:25:55.173295+00:00,2,PERP,ICP|GATE|HTX,ICP,GATE,HTX,36.39010189228298,0.13095171131485803,33.95657713865039,18.583374964695686,8.73108265424749,64.0652300524147,20.0,55.13351129913892,-106.35900578354182,-111.24216421290323,FLAT
2026-09-30T07:25:55.713452+00:00,2,PERP,HBAR|GATE|HTX,HBAR,GATE,HTX,82.35217761433766,3.1710363263617096,22.366568560484424,18.916720869822946,18.72122647965435,146.08792088908194,20.0,126.32628373516233,-155.9716258159924,-276.04763606375985,FLAT
2026-09-30T07:25:56.282469+00:00,2,PERP,ICP|HTX|OKX,ICP,HTX,OKX,-31.907179115299165,0.1539425099670204,-34.55713934906622,17.213960161717274,-57.87037037036868,-5.815644082581839,20.0,52.2210324327187,-101.53426345402116,-106.96252769920308,FLAT
2026-09-30T07:25:56.860914+00:00,2,PERP,HBAR|BITGET|HTX,HBAR,BITGET,HTX,73.89987952032496,3.2216244889925396,12.304269953298238,19.11942554989976,17.04568437256082,130.7712483629886,21.999999999999996,112.89129607911478,-136.14988165985218,-259.35827448880514,FLAT
2026-09-30T07:28:45.711953+00:00,0,PERP,OP|GATE|OKX,OP,GATE,OKX,-0.06830578411332056,-0.22713061652215485,1.4560364217576967,6.711302197880175,-10.603415061057886,10.484455328514386,20.0,21.087999657142714,-59.1474511399583,-56.11641856389941,FLAT
2026-09-30T07:28:46.468846+00:00,0,PERP,ICP|HTX|MEXC,ICP,HTX,MEXC,-47.79837775202744,-0.6900908001105811,-34.9585378504017,18.606015178826134,-72.25433526011682,-23.228803716607295,26.0,49.260726518985734,-118.55652392870086,-92.99046065278014,FLAT
2026-09-30T07:28:47.023675+00:00,0,PERP,APT|GATE|HTX,APT,GATE,HTX,36.74324820518437,2.5102333428944155,6.223308695879399,12.158208158494965,21.136654016216117,52.362707535120734,20.0,31.111733603475777,-42.19838828313906,-103.25113244271711,FLAT
2026-09-30T07:28:47.546714+00:00,0,PERP,ICP|BITGET|HTX,ICP,BITGET,HTX,40.72134962187279,0.7594371078675856,27.109549647802353,17.923538148262004,14.539110206455153,66.91882455629906,21.999999999999996,52.16727772283942,-92.73771716418662,-119.97655263133612,FLAT
2026-09-30T07:28:47.867713+00:00,0,SPOT,ICP|GATE|HTX,ICP,GATE,HTX,11.443911166102438,0.7875287138878596,-5.664945498014011,21.724740142684713,-34.76999331978092,57.73338534784456,60.0,92.39757796431044,-187.50262578607735,-221.795908810169,FLAT
2026-09-30T07:28:48.447333+00:00,0,PERP,APT|HTX|OKX,APT,HTX,OKX,-36.59165694498756,-2.6406546345760287,-5.1705281570619945,11.898992157666388,-51.179633387477,-21.97027707816046,20.0,29.31659237872525,-101.32569760914025,-38.51684345762678,FLAT
2026-09-30T07:28:48.948042+00:00,0,PERP,DOT|GATE|HTX,DOT,GATE,HTX,0.38688078957349603,-0.41645561315186647,7.203885522401681,16.36910277480704,-24.889125724564252,25.683950642469977,20.0,50.571111095160354,-108.66412234212628,-95.05117621522865,FLAT
2026-09-30T07:28:49.447063+00:00,0,PERP,ICP|GATE|HTX,ICP,GATE,HTX,43.6678280166869,0.5170572751750321,34.03734958899441,18.625554440622498,17.502094240837707,69.84866123399102,20.0,52.118970414053386,-94.6542257622101,-113.93028205905,FLAT
2026-09-30T07:28:49.977593+00:00,0,PERP,HBAR|GATE|HTX,HBAR,GATE,HTX,90.6917234629523,3.6230513284738386,22.328402013314744,18.86899059705971,22.662227875360763,158.81957184396444,20.0,134.93353741766208,-160.59971155561607,-297.4247072483118,FLAT
2026-09-30T07:28:50.509045+00:00,0,PERP,ICP|HTX|OKX,ICP,HTX,OKX,-42.004634994206036,-0.43267138036702246,-34.55668333774255,17.213876383840336,-66.47398843930507,-17.4216027874563,20.0,49.25903297166305,-107.1763380732256,-92.39411352194931,FLAT
2026-09-30T07:28:51.122734+00:00,0,PERP,HBAR|BITGET|HTX,HBAR,BITGET,HTX,81.58670431247073,3.627068561155342,12.292238520368114,19.104812777520262,18.663099772135983,144.52726115426583,21.999999999999996,124.84558511512122,-146.47472386335335,-285.08060774901895,FLAT
2026-09-30T07:28:51.638596+00:00,0,PERP,DOT|BITGET|HTX,DOT,BITGET,HTX,0.38688078957349603,-0.5594067845977159,8.369930843189781,14.27056352088598,-24.889125724564252,25.683950642469977,21.999999999999996,50.571111095160354,-111.83016766291438,-95.88513089444055,FLAT
2026-09-30T07:29:02.011778+00:00,1,PERP,OP|GATE|OKX,OP,GATE,OKX,0.7473762041243504,-0.105592058998205,1.4560364217576967,6.711302197880175,-10.132961477062885,11.645797657959811,20.0,21.777116549474307,-59.36611444829489,-57.966877785676424,FLAT
2026-09-30T07:29:02.765832+00:00,1,PERP,ICP|HTX|MEXC,ICP,HTX,MEXC,-56.48899188876011,-1.1571770651278586,-34.9585378504017,18.606015178826134,-80.92485549132999,-31.939605110337112,26.0,49.263270540358015,-127.2295881812863,-84.28220328042259,FLAT
2026-09-30T07:29:04.210721+00:00,1,PERP,APT|GATE|HTX,APT,GATE,HTX,37.97665706264608,2.6116799410594522,6.223308695879399,12.158208158494965,21.695265858272528,54.2724188809407,20.0,32.45389762936246,-42.981940466969334,-106.50300781442377,FLAT
2026-09-30T07:29:04.714469+00:00,1,PERP,ICP|BITGET|HTX,ICP,BITGET,HTX,50.953559470083846,1.3303182454851181,27.109549647802353,17.923538148262004,23.28288707799553,78.64841246723043,21.999999999999996,55.084837971731176,-86.911500541538,-134.62370079115925,FLAT
2026-09-30T07:29:05.188661+00:00,1,SPOT,ICP|GATE|HTX,ICP,GATE,HTX,20.905412917913146,1.2230460866927373,-5.664945498014011,21.724740142684713,-25.336551453488674,67.22284772959996,60.0,92.36624220323097,-178.03784815870563,-231.25403543084494,FLAT
2026-09-30T07:29:05.794790+00:00,1,PERP,APT|HTX|OKX,APT,HTX,OKX,-27.57955765626874,-1.883271221820989,-5.1705281570619945,11.898992157666388,-52.00340288062711,-3.0466217500779713,20.0,49.09193141844674,-121.92480614201185,-77.21583782543075,FLAT
2026-09-30T07:29:06.294404+00:00,1,PERP,DOT|GATE|HTX,DOT,GATE,HTX,0.05705735946159862,-0.43660475844402713,7.203885522401681,16.36910277480704,-25.548497960782292,25.683950642469977,20.0,51.23214739903277,-109.98453088221675,-95.71221251910106,FLAT
2026-09-30T07:29:06.798250+00:00,1,PERP,ICP|GATE|HTX,ICP,GATE,HTX,58.28354946816327,1.3017706375648979,34.03734958899441,18.625554440622498,34.96503496503544,81.60886039055626,20.0,46.37354296667197,-71.44585759063094,-119.94505376823383,FLAT
2026-09-30T07:29:07.342625+00:00,1,PERP,HBAR|GATE|HTX,HBAR,GATE,HTX,49.83057350371078,1.4575327359949826,22.328402013314744,18.86899059705971,-54.7763637604981,154.62449177386483,20.0,208.36240675029097,-311.46717252410383,-366.6584965108411,FLAT
2026-09-30T07:29:07.920234+00:00,1,PERP,ICP|HTX|OKX,ICP,HTX,OKX,-53.599884108358474,-1.1062703336531963,-34.55668333774255,17.213876383840336,-78.05724197745056,-29.036004645758283,20.0,49.28517382417201,-118.78573246388001,-80.80585251615628,FLAT
2026-09-30T07:29:08.456868+00:00,1,PERP,HBAR|BITGET|HTX,HBAR,BITGET,HTX,79.84483975662427,3.535894437852965,12.292238520368114,19.104812777520262,19.967302574641632,139.73970792084066,21.999999999999996,118.82365725116732,-139.14859319689378,-274.27112665163986,FLAT
2026-09-30T07:29:08.979773+00:00,1,PERP,DOT|BITGET|HTX,DOT,BITGET,HTX,0.05705735946159862,-0.5825189363798916,8.369930843189781,14.27056352088598,-25.548497960782292,25.683950642469977,21.999999999999996,51.23214739903277,-113.15057620300485,-96.54616719831296,FLAT
2026-09-30T07:29:19.359940+00:00,2,PERP,OP|GATE|OKX,OP,GATE,OKX,0.06508498248125605,-0.2072550748371583,1.4560364217576967,6.711302197880175,-10.256312402741052,10.403994993806176,20.0,20.660158085438812,-58.372506909937556,-55.60811665748729,FLAT
2026-09-30T07:29:20.125557+00:00,2,PERP,ICP|HTX|MEXC,ICP,HTX,MEXC,-56.394310513020464,-1.1520883142680078,-34.9585378504017,18.606015178826134,-80.73639306358405,-31.939605110337112,26.0,49.073273361598865,-126.85112857478121,-84.09220610166345,FLAT
2026-09-30T07:29:20.627168+00:00,2,PERP,APT|GATE|HTX,APT,GATE,HTX,40.70322955554539,2.835937698235147,6.223308695879399,12.158208158494965,24.756703268642433,56.657820342447266,20.0,31.77179357440104,-39.238399001638015,-108.20630522096891,FLAT
2026-09-30T07:29:21.179412+00:00,2,PERP,ICP|BITGET|HTX,ICP,BITGET,HTX,53.11807541892533,1.4510821220666719,27.109549647802353,17.923538148262004,26.200873362447474,80.05523011612948,21.999999999999996,53.569796910132695,-82.47847319548757,-134.51547737845982,FLAT
2026-09-30T07:29:21.894665+00:00,2,SPOT,ICP|GATE|HTX,ICP,GATE,HTX,29.422035157502524,1.615070211430411,-5.664945498014011,21.724740142684713,-23.270208200059095,82.20472016330582,60.0,105.16543270646791,-188.770695408513,-259.0350983677878,FLAT
2026-09-30T07:29:22.440520+00:00,2,PERP,APT|HTX|OKX,APT,HTX,OKX,-43.83431878597022,-3.249333230629753,-5.1705281570619945,11.898992157666388,-60.16829042540306,-27.45665117145024,20.0,32.85560117475997,-113.85336344310103,-36.56947816037172,FLAT
2026-09-30T07:29:22.974110+00:00,2,PERP,DOT|GATE|HTX,DOT,GATE,HTX,4.884089507066758,-0.1417179699613847,7.203885522401681,16.36910277480704,-24.253175036259567,34.045655355265936,20.0,58.27036049613377,-115.72742105479503,-111.11213032899803,FLAT
2026-09-30T07:29:23.466233+00:00,2,PERP,ICP|GATE|HTX,ICP,GATE,HTX,61.11084414024415,1.4535671750099535,34.03734958899441,18.625554440622498,34.96503496503544,87.27189868523722,20.0,51.989149197425164,-77.06146382138414,-131.22369829366798,FLAT
2026-09-30T07:29:23.987992+00:00,2,PERP,HBAR|GATE|HTX,HBAR,GATE,HTX,88.07932769914429,3.484602175596785,22.328402013314744,18.86899059705971,18.594481125997486,157.68511019959018,20.0,137.87612032434362,-167.61004121166087,-299.2328285106191,FLAT
2026-09-30T07:29:24.542806+00:00,2,PERP,ICP|HTX|OKX,ICP,HTX,OKX,-59.29120947572697,-1.4368946067954895,-34.55668333774255,17.213876383840336,-83.62662138728271,-34.8432055749126,20.0,49.07412235722113,-124.1440604067613,-74.78760012005108,FLAT
2026-09-30T07:29:25.045658+00:00,2,PERP,HBAR|BITGET|HTX,HBAR,BITGET,HTX,83.37717527074018,3.7207868811996097,12.292238520368114,19.104812777520262,21.28170651660266,145.48937489299752,21.999999999999996,123.1806209008517,-142.19115290461716,-284.3777572734811,FLAT
2026-09-30T07:29:25.604299+00:00,2,PERP,DOT|BITGET|HTX,DOT,BITGET,HTX,4.884089507066758,-0.24426795277013746,8.369930843189781,14.27056352088598,-24.253175036259567,34.045655355265936,21.999999999999996,58.27036049613377,-118.8934663755831,-111.94608500820992,FLAT
2026-09-30T07:35:39.989833+00:00,0,PERP,ICP|HTX|MEXC,ICP,HTX,MEXC,-49.211173831233964,-0.7719075321715497,-34.87781234336141,18.568754534043187,-77.94457274826749,-20.31930333816989,26.0,57.90981460282377,-132.97657500772985,-104.4683236080153,FLAT
2026-09-30T07:35:40.506055+00:00,0,PERP,APT|GATE|HTX,APT,GATE,HTX,9.915848768402569,0.3493575578439875,5.780206174115201,11.837850653095705,-22.19783840570755,42.04357242960866,20.0,64.17777006217783,-118.15581464200058,-126.4411363176713,FLAT
2026-09-30T07:35:40.968989+00:00,0,PERP,ICP|BITGET|HTX,ICP,BITGET,HTX,36.54490846619396,0.5351190988227581,26.98769636128629,17.85997196873215,14.934445568151045,58.17335660267542,21.999999999999996,43.08146274230964,-83.13471353544489,-102.26712298369877,FLAT
2026-09-30T07:35:41.295412+00:00,0,SPOT,ICP|GATE|HTX,ICP,GATE,HTX,65.09530525194319,3.275863017640885,-6.069044680117273,21.723847898655272,-69.3832945199635,199.76222963121515,60.0,267.404713234631,-396.71896307447724,-539.2359875459634,FLAT
2026-09-30T07:35:41.787424+00:00,0,PERP,APT|HTX|OKX,APT,HTX,OKX,-17.514061412202686,-1.1068203569504012,-4.7641576261234375,11.519397620413118,-52.53950728450141,17.73937396098546,20.0,70.40144315182798,-144.17679281020594,-118.90497473893687,FLAT
2026-09-30T07:35:42.242654+00:00,0,PERP,DOT|GATE|HTX,DOT,GATE,HTX,-13.538197848796951,-1.1866654253671314,6.476495788269202,16.866332505536676,-41.435108202703134,14.396558139533333,20.0,55.90732913678334,-129.81893312775568,-89.82739148804748,FLAT
2026-09-30T07:35:42.706389+00:00,0,PERP,ICP|GATE|HTX,ICP,GATE,HTX,49.447353112275216,0.8363399588325358,33.91533076790689,18.571422039967814,20.35475428903588,78.55688100087299,20.0,57.91574376446446,-97.47632024333546,-128.55729399743055,FLAT
2026-09-30T07:35:43.159580+00:00,0,PERP,HBAR|GATE|HTX,HBAR,GATE,HTX,102.49280414127205,4.183537132351782,22.497868005277926,19.121363957160536,21.655941744407325,183.43740918687513,20.0,160.14007515262125,-186.98200141349184,-347.0796163342185,FLAT
2026-09-30T07:35:43.697097+00:00,0,PERP,ICP|HTX|OKX,ICP,HTX,OKX,-37.65387400434417,-0.17993317773250014,-34.55653151025535,17.213848680500284,-57.820179242555895,-17.41149158444477,20.0,40.56127333564351,-89.82492106794405,-83.70631326145408,FLAT
2026-09-30T07:35:44.158708+00:00,0,PERP,HBAR|BITGET|HTX,HBAR,BITGET,HTX,94.39905751361444,4.24404279529245,12.435465340730495,19.312621508859213,18.47254713263302,170.3469074383257,21.999999999999996,150.45408492571272,-172.4170031338102,-336.3655270233079,FLAT
2026-09-30T07:35:44.620347+00:00,0,PERP,DOT|BITGET|HTX,DOT,BITGET,HTX,-7.809129275976323,-1.0664877993409765,7.873438056478591,14.704872706603648,-33.03916383886274,17.4418604651172,21.999999999999996,50.520467691603734,-119.43306958694507,-88.08889010024234,FLAT
2026-09-30T07:35:45.339416+00:00,0,PERP,APT|HTX|MEXC,APT,HTX,MEXC,-14.631043256996268,-0.9355179781079311,-3.76544341052415,11.614528101798328,-46.92454026632764,17.868538608809548,26.0,64.88736036658733,-140.0464572223908,-118.52134238592103,FLAT
2026-09-30T07:35:56.060244+00:00,1,PERP,ICP|HTX|MEXC,ICP,HTX,MEXC,-40.538584045172186,-0.30485467894104307,-34.87781234336141,18.568754534043187,-63.56544351343474,-17.41149158444477,26.0,46.34159652255344,-107.02922769262676,-95.80791728147007,FLAT
2026-09-30T07:35:56.514654+00:00,1,PERP,APT|GATE|HTX,APT,GATE,HTX,9.197560621716505,0.2886803143362545,5.780206174115201,11.837850653095705,-28.000509100166717,46.421441345050326,20.0,74.3535543610854,-134.13426963536733,-140.99478953202052,FLAT
2026-09-30T07:35:56.982778+00:00,1,PERP,ICP|BITGET|HTX,ICP,BITGET,HTX,34.21454305286842,0.4046393076223374,26.98769636128629,17.85997196873215,8.736951960499617,59.71090770348964,21.999999999999996,50.80013847624449,-97.05088287703116,-111.52334981844783,FLAT
2026-09-30T07:35:57.300888+00:00,1,SPOT,ICP|GATE|HTX,ICP,GATE,HTX,32.59255106267345,1.7796845164425918,-6.069044680117273,21.723847898655272,-70.81916310515469,136.16499998421628,60.0,206.31161608166892,-337.06173450670633,-414.5456607460025,FLAT
2026-09-30T07:35:57.834401+00:00,1,PERP,APT|HTX|OKX,APT,HTX,OKX,-10.621251048165137,-0.5084548354909245,-4.7641576261234375,11.519397620413118,-46.24839125437652,25.246889595944566,20.0,71.5704852812532,-139.05471890950628,-127.5815325033212,FLAT
2026-09-30T07:35:58.289853+00:00,1,PERP,DOT|GATE|HTX,DOT,GATE,HTX,-20.410025108541507,-1.5940940858354788,6.476495788269202,16.866332505536676,-49.916645059577824,9.12106135986912,20.0,59.15843880211929,-141.55157964996633,-87.8030043737192,FLAT
2026-09-30T07:35:58.807456+00:00,1,PERP,ICP|GATE|HTX,ICP,GATE,HTX,45.04504504504459,0.5992925179980989,33.91533076790689,18.571422039967814,20.337013364322143,69.76744186046434,20.0,49.208763225833536,-88.78708062941828,-111.060874318391,FLAT
2026-09-30T07:35:59.267729+00:00,1,PERP,HBAR|GATE|HTX,HBAR,GATE,HTX,57.4989495987932,1.8304699221212268,22.497868005277926,19.121363957160536,-50.237810962529,165.3709558009453,20.0,214.37604220290265,-313.1117211707096,-383.24912999857,FLAT
2026-09-30T07:35:59.786282+00:00,1,PERP,ICP|HTX|OKX,ICP,HTX,OKX,-40.515120821877915,-0.3461509057165358,-34.55653151025535,17.213848680500284,-60.65857885615311,-20.2957378950408,20.0,40.52689333991643,-92.6289406858142,-80.78768695513097,FLAT
2026-09-30T07:36:00.253260+00:00,1,PERP,HBAR|BITGET|HTX,HBAR,BITGET,HTX,83.56180790628498,3.682894242655092,12.435465340730495,19.312621508859213,17.30740147493748,149.83588419185122,21.999999999999996,131.4302250754343,-154.55828894122732,-296.830643926555,FLAT
2026-09-30T07:36:00.769974+00:00,1,PERP,DOT|BITGET|HTX,DOT,BITGET,HTX,-20.410025108541507,-1.9234075485956836,7.873438056478591,14.704872706603648,-49.916645059577824,9.12106135986912,21.999999999999996,59.15843880211929,-144.94852191817571,-88.40606210550982,FLAT
2026-09-30T07:36:01.790169+00:00,1,PERP,APT|HTX|MEXC,APT,HTX,MEXC,-7.631160572337814,-0.33283462986456747,-3.76544341052415,11.614528101798328,-43.092522179977166,28.07913209955437,26.0,71.22513665990563,-142.55221542935865,-135.06971216998414,FLAT
2026-09-30T07:36:12.507642+00:00,2,PERP,ICP|HTX|MEXC,ICP,HTX,MEXC,-46.23609305013932,-0.6116878052296992,-34.87781234336141,18.568754534043187,-63.4737449509537,-28.943560057889115,26.0,34.69049295295357,-95.28642556054587,-72.62474523842587,FLAT
2026-09-30T07:36:12.966693+00:00,2,PERP,APT|GATE|HTX,APT,GATE,HTX,28.759321489164602,1.9411560416197813,5.780206174115201,11.837850653095705,11.238388999263993,46.29229984740802,20.0,34.95338315040461,-55.49520032525582,-101.46547682369743,FLAT
2026-09-30T07:36:13.424685+00:00,2,PERP,ICP|BITGET|HTX,ICP,BITGET,HTX,43.33716991535841,0.915425487940043,26.98769636128629,17.85997196873215,23.208587177256934,63.48249210220924,21.999999999999996,40.10011541582713,-71.87922459985649,-104.59491115675009,FLAT
2026-09-30T07:36:13.744003+00:00,2,SPOT,ICP|GATE|HTX,ICP,GATE,HTX,0.0901789029605915,0.2835236009666191,-6.069044680117273,21.723847898655272,-74.04820015497916,74.33643583928617,60.0,148.38321946181847,-282.36237493668034,-294.7886999812219,FLAT
2026-09-30T07:36:14.235890+00:00,2,PERP,APT|HTX|OKX,APT,HTX,OKX,-45.18426482941762,-3.508873340014511,-4.7641576261234375,11.519397620413118,-72.99640749843573,-17.232055253920684,20.0,56.01710962107646,-150.24935949338874,-69.54921199327921,FLAT
2026-09-30T07:36:14.800676+00:00,2,PERP,DOT|GATE|HTX,DOT,GATE,HTX,-13.180360740389085,-1.1654493661977536,6.476495788269202,16.866332505536676,-57.39186742551361,31.10283817472581,20.0,88.61144059547895,-178.47980380926177,-139.23778298193557,FLAT
2026-09-30T07:36:15.259837+00:00,2,PERP,ICP|GATE|HTX,ICP,GATE,HTX,44.99274310595381,0.5964762587489029,33.91533076790689,18.571422039967814,26.117237376670488,63.87921022067644,20.0,37.59282921144658,-71.39092260268298,-93.55670866421613,FLAT
2026-09-30T07:36:15.788274+00:00,2,PERP,HBAR|GATE|HTX,HBAR,GATE,HTX,89.31376606247542,3.4943060655553495,22.497868005277926,19.121363957160536,22.274224049432245,156.44189385382478,20.0,132.97991758953228,-159.20356154537797,-292.92394343807916,FLAT
2026-09-30T07:36:16.284256+00:00,2,PERP,ICP|HTX|OKX,ICP,HTX,OKX,-44.784744293557836,-0.5941851222898764,-34.55653151025535,17.213848680500284,-63.455436977214454,-26.049204052100983,20.0,37.57439647902246,-92.47330194598158,-72.08172393717683,FLAT
2026-09-30T07:36:16.764038+00:00,2,PERP,HBAR|BITGET|HTX,HBAR,BITGET,HTX,78.32979127637473,3.4119824647014787,12.435465340730495,19.312621508859213,16.877718910630612,139.79541954212138,21.999999999999996,121.9623704345168,-145.52011686461668,-277.32232463590765,FLAT
2026-09-30T07:36:17.237418+00:00,2,PERP,DOT|BITGET|HTX,DOT,BITGET,HTX,-15.877397978013574,-1.615167741222688,7.873438056478591,14.704872706603648,-48.96325786883815,17.235850869670166,21.999999999999996,66.30437149610336,-151.1410674214201,-103.66678430929494,FLAT
2026-09-30T07:36:17.988642+00:00,2,PERP,APT|HTX|MEXC,APT,HTX,MEXC,-30.94987521600867,-2.340554137647266,-3.76544341052415,11.614528101798328,-46.81766417816257,-15.033437928410054,26.0,31.882828746684915,-106.93504951432334,-52.61483422879901,FLAT
2026-09-30T07:41:57.623514+00:00,0,PERP,ICP|HTX|MEXC,ICP,HTX,MEXC,-57.695081494302244,-1.2183182959700622,-34.99585273600002,18.631607875697547,-80.5987334484759,-34.69210754553309,26.0,46.1728053902771,-123.77568610275297,-78.47655058074402,FLAT
2026-09-30T07:41:58.121544+00:00,0,PERP,APT|GATE|HTX,APT,GATE,HTX,36.98364168808199,2.172997008216922,6.752605911335295,13.912138701724732,2.6132733748873704,71.3803005603686,20.0,68.51362878447557,-98.6529613209235,-159.1413234335089,FLAT
2026-09-30T07:41:58.612315+00:00,0,PERP,ICP|BITGET|HTX,ICP,BITGET,HTX,55.11256228842187,1.5574794612720904,27.147531557771725,17.955312686954706,31.908664437785283,78.32898172323688,21.999999999999996,46.165881903635025,-69.40474902362146,-125.34733206910018,FLAT
2026-09-30T07:42:01.906134+00:00,0,SPOT,ICP|GATE|HTX,ICP,GATE,HTX,-29.669167957153686,-1.1022056725690017,-5.786175252645005,21.66836308222096,-111.73938352615487,52.52574120105935,60.0,164.75384101041348,-336.7070492839233,-289.06575746411784,FLAT
2026-09-30T07:42:02.435416+00:00,0,PERP,APT|HTX|OKX,APT,HTX,OKX,-37.215698447825574,-2.271391260799994,-5.729724115839108,13.861977403618681,-70.01497035515891,-4.216176597531263,20.0,66.04397157640986,-156.32921781572966,-93.5575190947177,FLAT
2026-09-30T07:42:02.903078+00:00,0,PERP,DOT|GATE|HTX,DOT,GATE,HTX,9.314458724802854,0.14034510633245925,7.029536048652844,16.28074348910554,-22.685673971841737,41.34114754816842,20.0,63.9672284944848,-119.68243851497938,-124.27883999400038,FLAT
2026-09-30T07:42:03.357779+00:00,0,PERP,ICP|GATE|HTX,ICP,GATE,HTX,62.40928882438324,1.5189630832149346,34.075023378844634,18.653689321776152,37.724898432967,87.10801393728262,20.0,49.07682636020419,-71.42695130608183,-128.1098169186422,FLAT
2026-09-30T07:42:03.812537+00:00,0,PERP,HBAR|GATE|HTX,HBAR,GATE,HTX,82.09006895486759,3.1861663018532522,22.24444483276778,18.782956836650445,21.587544393422142,142.69569040893603,20.0,120.12197612095679,-146.77887656030242,-266.57322169712506,FLAT
2026-09-30T07:42:05.287236+00:00,0,PERP,ICP|HTX|OKX,ICP,HTX,OKX,-57.695081494302244,-1.3334213321982298,-34.67473470118938,17.26412067756735,-80.5987334484759,-34.69210754553309,20.0,46.1728053902771,-118.09680413756361,-72.15543254593338,FLAT
2026-09-30T07:42:05.861281+00:00,0,PERP,HBAR|BITGET|HTX,HBAR,BITGET,HTX,73.50857982608261,3.223091105418635,12.209553096360118,19.018707422407967,18.934406770492185,128.10233968596486,21.999999999999996,108.37130731178833,-129.64645363765624,-252.26409390139307,FLAT
2026-09-30T07:42:06.329143+00:00,0,PERP,DOT|BITGET|HTX,DOT,BITGET,HTX,9.068353580437005,0.044873037973012606,8.426746174434376,14.298283222733945,-23.177680193290364,41.34114754816842,21.999999999999996,64.46036170706037,-124.06478807478511,-125.37476308079442,FLAT
2026-09-30T07:42:07.057365+00:00,0,PERP,APT|HTX|MEXC,APT,HTX,MEXC,-35.511574707722815,-2.2538216633288215,-4.731646034367755,13.656772039316591,-65.7545890397615,-5.087763927753564,26.0,60.88248961869962,-153.90543262409335,-92.52637172531381,FLAT
2026-09-30T07:42:18.044341+00:00,1,PERP,ICP|HTX|MEXC,ICP,HTX,MEXC,-60.579835569017916,-1.3731494889600375,-34.99585273600002,18.631607875697547,-83.47725964306329,-37.583116507662325,26.0,46.17364750151353,-126.6550544085768,-75.58638372985122,FLAT
2026-09-30T07:42:18.499656+00:00,1,PERP,APT|GATE|HTX,APT,GATE,HTX,36.274296090823555,2.1220094776533793,6.752605911335295,13.912138701724732,5.073759002418576,67.49872643912357,20.0,62.19933458358629,-89.87818149250302,-148.94545511137457,FLAT
2026-09-30T07:42:18.979486+00:00,1,PERP,ICP|BITGET|HTX,ICP,BITGET,HTX,56.14990290602195,1.6152529256325163,27.147531557771725,17.955312686954706,31.902552204177148,80.40929439767864,21.999999999999996,48.2358951218596,-71.48087447545417,-129.4976579617665,FLAT
2026-09-30T07:42:19.299550+00:00,1,SPOT,ICP|GATE|HTX,ICP,GATE,HTX,-29.09037634842848,-1.0754943051007269,-5.786175252645005,21.66836308222096,-113.18556812660141,55.13427835248219,60.0,168.81082394291602,-342.2102168168724,-295.7312775480432,FLAT
2026-09-30T07:42:19.834941+00:00,1,PERP,APT|HTX|OKX,APT,HTX,OKX,-38.449167738667796,-2.360373464054793,-5.729724115839108,13.861977403618681,-67.88775850275263,-8.849567129398661,20.0,59.26562365538455,-147.4236580422981,-82.14578064182501,FLAT
2026-09-30T07:42:20.286176+00:00,1,PERP,DOT|GATE|HTX,DOT,GATE,HTX,4.737174850715231,-0.14080199712449093,7.029536048652844,16.28074348910554,-31.83644629391913,41.34114754816842,20.0,73.14293216742766,-138.00891450999964,-133.45454366694324,FLAT
2026-09-30T07:42:21.287191+00:00,1,PERP,ICP|GATE|HTX,ICP,GATE,HTX,65.33101045296252,1.6755927760429632,34.075023378844634,18.653689321776152,40.638606676344224,90.03775776938782,20.0,49.07851204987883,-68.51492875237925,-131.04124644042201,FLAT
2026-09-30T07:42:21.818476+00:00,1,PERP,HBAR|GATE|HTX,HBAR,GATE,HTX,109.41067029577978,4.6407083943742,22.24444483276778,18.782956836650445,22.15396628328703,196.81141624547482,20.0,172.76707502089613,-198.85755357037687,-373.33404643360313,FLAT
2026-09-30T07:42:22.338252+00:00,1,PERP,ICP|HTX|OKX,ICP,HTX,OKX,-57.695081494302244,-1.3334213321982298,-34.67473470118938,17.26412067756735,-80.5987334484759,-34.69210754553309,20.0,46.1728053902771,-118.09680413756361,-72.15543254593338,FLAT
2026-09-30T07:42:22.833991+00:00,1,PERP,HBAR|BITGET|HTX,HBAR,BITGET,HTX,59.74317102208193,2.4993085423732526,12.209553096360118,19.018707422407967,-48.14527863937879,167.68091826492082,21.999999999999996,214.54442919157202,-302.89926092731093,-398.01579436013276,FLAT
2026-09-30T07:42:23.322715+00:00,1,PERP,DOT|BITGET|HTX,DOT,BITGET,HTX,4.018268434085037,-0.30832217208706286,8.426746174434376,14.298283222733945,-33.33988034853075,41.407419829799785,21.999999999999996,74.71726391720324,-144.48389044016835,-135.69793757256866,FLAT
2026-09-30T07:42:24.060429+00:00,1,PERP,APT|HTX|MEXC,APT,HTX,MEXC,-30.443331007800055,-1.8827058765724962,-4.731646034367755,13.656772039316591,-58.19101834282026,-2.543881963876782,26.0,55.81664695803302,-141.27601926648552,-90.00441102852399,FLAT
2026-09-30T07:42:34.792005+00:00,2,PERP,ICP|HTX|MEXC,ICP,HTX,MEXC,-59.14598961338724,-1.2961917746716785,-34.99585273600002,18.631607875697547,-80.62194068528706,-37.583116507662325,26.0,43.294719531391486,-120.92080748067852,-72.70745575972917,FLAT
2026-09-30T07:42:35.240903+00:00,2,PERP,APT|GATE|HTX,APT,GATE,HTX,28.614479585058472,1.5714243613034775,6.752605911335295,13.912138701724732,-2.5588465352821554,59.811656910153665,20.0,62.192533626079786,-97.50398607269723,-141.25158462489816,FLAT
2026-09-30T07:42:35.714120+00:00,2,PERP,ICP|BITGET|HTX,ICP,BITGET,HTX,54.636960832754596,1.530991398159003,27.147531557771725,17.955312686954706,31.902552204177148,77.38237626233158,21.999999999999996,45.23268375726364,-68.47766311085822,-123.46752846182349,FLAT
2026-09-30T07:42:36.056315+00:00,2,SPOT,ICP|GATE|HTX,ICP,GATE,HTX,-38.62438659796852,-1.5154910973532418,-5.786175252645005,21.66836308222096,-131.4975112536765,54.40058813040327,60.0,186.6187789323865,-378.330114933418,-312.80554231543476,FLAT
2026-09-30T07:42:36.538526+00:00,2,PERP,APT|HTX|OKX,APT,HTX,OKX,-30.214007383179144,-1.7662908079007829,-5.729724115839108,13.861977403618681,-59.9205362439148,-0.3450032310392537,20.0,59.7556356294225,-139.9464477574982,-91.14035651422236,FLAT
2026-09-30T07:42:36.984147+00:00,2,PERP,DOT|GATE|HTX,DOT,GATE,HTX,3.9620978487442393,-0.18840897542309532,7.029536048652844,16.28074348910554,-33.042845450724776,40.99775064472677,20.0,74.01125937305329,-140.08364087243092,-133.9794739691272,FLAT
2026-09-30T07:42:37.435785+00:00,2,PERP,ICP|GATE|HTX,ICP,GATE,HTX,60.95791001451411,1.441156554713637,34.075023378844634,18.653689321776152,37.724898432967,84.20441347270602,20.0,46.197898390082145,-68.54802333595978,-122.32728848394353,FLAT
2026-09-30T07:42:37.880492+00:00,2,PERP,HBAR|GATE|HTX,HBAR,GATE,HTX,104.04665131198642,4.3551293436186365,22.24444483276778,18.782956836650445,24.051816733638987,184.16881743620772,20.0,158.46809201198334,-182.66072011111214,-346.39246461542325,FLAT
2026-09-30T07:42:38.385636+00:00,2,PERP,ICP|HTX|OKX,ICP,HTX,OKX,-56.260819388345155,-1.250343709378972,-34.67473470118938,17.26412067756735,-77.74258566081271,-34.69210754553309,20.0,43.29387742015506,-112.3617283797784,-69.27650457581136,FLAT
2026-09-30T07:42:38.875868+00:00,2,PERP,HBAR|BITGET|HTX,HBAR,BITGET,HTX,92.88901338158517,4.24211059633674,12.209553096360118,19.018707422407967,19.565330548514392,166.23289557262444,21.999999999999996,145.3177202758851,-165.96194282373082,-327.34106275214947,FLAT
2026-09-30T07:42:39.410561+00:00,2,PERP,DOT|BITGET|HTX,DOT,BITGET,HTX,4.176884659268243,-0.29722879655992196,8.426746174434376,14.298283222733945,-33.042845450724776,41.42750251209249,21.999999999999996,74.43924273853797,-143.9088343636971,-135.43999907619607,FLAT
2026-09-30T07:42:40.364540+00:00,2,PERP,APT|HTX|MEXC,APT,HTX,MEXC,-28.36015583152607,-1.7301679876572593,-4.731646034367755,13.656772039316591,-56.56604389572162,0.0,26.0,56.726500413492104,-140.56089827484595,-93.45814644785986,FLAT
2026-09-30T07:47:06.343322+00:00,0,PERP,OP|GATE|OKX,OP,GATE,OKX,3.3661574666643546,0.26467027244859476,1.6170652437063397,6.608570757782139,-6.90367399272751,13.65309502013412,20.0,20.549837379355214,-55.070576615789065,-58.58586715578299,FLAT
2026-09-30T07:47:06.646995+00:00,0,PERP,OP|BITGET|GATE,OP,BITGET,GATE,-8.488995567613733,-0.5384130997323981,-3.1112676004906796,9.988107588384997,-24.0223146028995,7.066135787567873,21.999999999999996,31.114848467552928,-80.02589546996174,-69.29225185561148,FLAT
2026-09-30T07:47:07.622307+00:00,0,PERP,ICP|HTX|MEXC,ICP,HTX,MEXC,-51.89563211763004,-0.9166440943670955,-34.8753710738879,18.56801472712692,-77.65314926660993,-26.011560693641744,26.0,51.91067215012395,-126.68845034284598,-92.77448253037011,FLAT
2026-09-30T07:47:08.086726+00:00,0,PERP,APT|GATE|HTX,APT,GATE,HTX,38.34000548948335,2.5003510612861812,6.451474803445792,12.753621353328718,12.623836148861756,64.07730553083191,20.0,51.25694156201411,-71.08458021659814,-134.88277228940024,FLAT
2026-09-30T07:47:08.553885+00:00,0,PERP,ICP|BITGET|HTX,ICP,BITGET,HTX,51.21291646671633,1.3350862843089941,27.187812558029517,17.995169444139396,21.67256009267593,80.78222455784268,21.999999999999996,58.80847493328358,-92.32372739863716,-140.40288693309674,FLAT
2026-09-30T07:47:08.978630+00:00,0,SPOT,ICP|GATE|HTX,ICP,GATE,HTX,9.545032393771802,0.7116098238492803,-5.866643902059192,21.65748107925953,-42.13940376266212,61.29856064831074,60.0,103.33928058236114,-205.6120404429641,-236.50448513273108,FLAT
2026-09-30T07:47:09.495709+00:00,0,PERP,APT|HTX|OKX,APT,HTX,OKX,-42.73290627372028,-2.951543739311978,-5.432093955153039,12.637729816351046,-66.73323411571452,-18.632107694849243,20.0,48.30734790065656,-135.60848806121805,-61.10733416096036,FLAT
2026-09-30T07:47:09.939551+00:00,0,PERP,DOT|GATE|HTX,DOT,GATE,HTX,-9.601685265445692,-1.0267058220747822,7.236661152215415,16.40036128716396,-46.44459633689202,27.281105355014823,20.0,73.79653723276493,-153.47779472187239,-119.84098143556434,FLAT
2026-09-30T07:47:10.394771+00:00,0,PERP,ICP|GATE|HTX,ICP,GATE,HTX,59.45475638050812,1.3649611775360948,34.034344945618514,18.623541719169076,31.893302406493795,87.0322019147074,20.0,54.81300548155177,-82.95404802067648,-133.81086245064066,FLAT
2026-09-30T07:47:10.867524+00:00,0,PERP,HBAR|GATE|HTX,HBAR,GATE,HTX,83.58298552348487,3.2680107315319686,22.232664474374495,18.772986409487935,22.565165382808505,144.69246254575685,20.0,121.11491376580346,-146.78241285736945,-269.5747118371858,FLAT
2026-09-30T07:47:11.393732+00:00,0,PERP,ICP|HTX|OKX,ICP,HTX,OKX,-51.89563211763004,-1.0045045600385105,-34.59435956200215,17.223687421552974,-77.65314926660993,-26.011560693641744,20.0,51.91067215012395,-120.96946185473175,-86.49347101848436,FLAT
2026-09-30T07:47:11.874735+00:00,0,PERP,HBAR|BITGET|HTX,HBAR,BITGET,HTX,75.58182293041949,3.331887119621809,12.210581790529655,19.01962427439105,19.935314410899352,131.24755260334408,21.999999999999996,110.47722784608591,-130.7524952257162,-257.51419865890034,FLAT
2026-09-30T07:47:22.229101+00:00,1,PERP,OP|GATE|OKX,OP,GATE,OKX,0.7219777844902353,-0.13544342521596897,1.6170652437063397,6.608570757782139,-10.40208149209465,11.866509843485584,20.0,22.266964888388845,-60.28611162418983,-58.51640948816809,FLAT
2026-09-30T07:47:22.537421+00:00,1,PERP,OP|BITGET|GATE,OP,BITGET,GATE,-2.8603171553653883,0.025124924106456097,-3.1112676004906796,9.988107588384997,-15.817029122635606,10.106392274837894,21.999999999999996,25.930834583016864,-66.63659610516179,-67.14849445834544,FLAT
2026-09-30T07:47:23.753113+00:00,1,PERP,ICP|HTX|MEXC,ICP,HTX,MEXC,-57.728387934767866,-1.230773305424671,-34.8753710738879,18.56801472712692,-80.6451612903225,-34.712178189181266,26.0,46.1994699320594,-123.96926014849402,-78.36266281676603,FLAT
2026-09-30T07:47:24.264223+00:00,1,PERP,APT|GATE|HTX,APT,GATE,HTX,41.968566487584624,2.7848632713930157,6.451474803445792,12.753621353328718,12.712647260708643,71.24681933842191,20.0,58.28953075166532,-78.02835829440248,-149.08487528664145,FLAT
2026-09-30T07:47:24.758138+00:00,1,PERP,ICP|BITGET|HTX,ICP,BITGET,HTX,52.35798239934919,1.3987181348557407,27.187812558029517,17.995169444139396,26.769826566124255,77.96567686502165,21.999999999999996,50.92918788976471,-79.34717388166996,-129.70705219675682,FLAT
2026-09-30T07:47:25.043311+00:00,1,SPOT,ICP|GATE|HTX,ICP,GATE,HTX,28.79602317689134,1.6004939333478412,-5.866643902059192,21.65748107925953,-30.458248623588258,88.13931742064796,60.0,118.25696618773796,-208.84857090926704,-278.26292751044514,FLAT
2026-09-30T07:47:25.636506+00:00,1,PERP,APT|HTX|OKX,APT,HTX,OKX,-43.42341667092686,-3.006182539732697,-5.432093955153039,12.637729816351046,-71.64268579082034,-15.060829779983687,20.0,56.82826072163243,-149.03885255729972,-73.19952489680179,FLAT
2026-09-30T07:47:26.083401+00:00,1,PERP,DOT|GATE|HTX,DOT,GATE,HTX,-15.028533083566442,-1.357603887251442,7.236661152215415,16.40036128716396,-38.32961916374944,8.291873963517382,20.0,46.69165582967097,-118.25793614563582,-73.74686864097293,FLAT
2026-09-30T07:47:26.529731+00:00,1,PERP,ICP|GATE|HTX,ICP,GATE,HTX,62.445541678768365,1.5255528277903452,34.034344945618514,18.623541719169076,37.746806039489215,87.1586287042403,20.0,49.105178549098596,-71.3927174552279,-128.22946230772038,FLAT
2026-09-30T07:47:26.988309+00:00,1,PERP,HBAR|GATE|HTX,HBAR,GATE,HTX,90.81671870688979,3.6533374465051898,22.232664474374495,18.772986409487935,21.590322526057193,160.1421991037699,20.0,137.30484814139064,-163.94719008970793,-301.2143827707861,FLAT
2026-09-30T07:47:27.481813+00:00,1,PERP,ICP|HTX|OKX,ICP,HTX,OKX,-56.27026694906001,-1.2584940063376657,-34.59435956200215,17.223687421552974,-80.61540313653026,-31.819496673416438,20.0,49.07180614806579,-121.09284972259391,-77.84666903665149,FLAT
2026-09-30T07:47:27.965046+00:00,1,PERP,HBAR|BITGET|HTX,HBAR,BITGET,HTX,82.25864690053042,3.6829363240533044,12.210581790529655,19.01962427439105,18.09981133109151,146.43968671580464,21.999999999999996,127.29277837221575,-149.4035488316539,-289.5218832974907,FLAT
2026-09-30T07:47:38.289403+00:00,2,PERP,OP|GATE|OKX,OP,GATE,OKX,2.093845458794874,0.07214573809731645,1.6170652437063397,6.608570757782139,-7.5311009605938395,11.735242793315948,20.0,19.262296479797488,-54.410462684097666,-55.3804740294071,FLAT
2026-09-30T07:47:38.597736+00:00,2,PERP,OP|BITGET|GATE,OP,BITGET,GATE,-6.3658773466090945,-0.32584848704504804,-3.1112676004906796,9.988107588384997,-20.842100071237766,8.127597963754063,21.999999999999996,28.988141255578146,-74.71897372632523,-68.22700681982289,FLAT
2026-09-30T07:47:39.368375+00:00,2,PERP,ICP|HTX|MEXC,ICP,HTX,MEXC,-60.61480733150493,-1.3862244637286414,-34.8753710738879,18.56801472712692,-83.52534562211966,-37.604859704946094,26.0,46.20031302164296,-126.85028756987472,-75.47082439058477,FLAT
2026-09-30T07:47:39.837210+00:00,2,PERP,APT|GATE|HTX,APT,GATE,HTX,43.245993385905294,2.8850251676051264,6.451474803445792,12.753621353328718,13.986013986015955,72.52831149000994,20.0,58.29020718848759,-76.75566800591743,-150.36704387505173,FLAT
2026-09-30T07:47:40.320184+00:00,2,PERP,ICP|BITGET|HTX,ICP,BITGET,HTX,56.5742156652993,1.6330161935118785,27.187812558029517,17.995169444139396,31.921067904816525,81.24153495934871,21.999999999999996,49.0430060225841,-72.30975067579709,-131.0967284239033,FLAT
2026-09-30T07:47:40.605016+00:00,2,SPOT,ICP|GATE|HTX,ICP,GATE,HTX,20.33914112966384,1.210010754981992,-5.866643902059192,21.65748107925953,-25.406619889821734,66.15417471351081,60.0,91.37489350799825,-176.9148694957608,-229.39571212356827,FLAT
2026-09-30T07:47:41.134406+00:00,2,PERP,APT|HTX|OKX,APT,HTX,OKX,-45.158919960573975,-3.143509679564542,-5.432093955153039,12.637729816351046,-73.71268088573247,-16.460142474089558,20.0,57.51188857240801,-151.79247550298743,-72.4838400534715,FLAT
2026-09-30T07:47:41.602635+00:00,2,PERP,DOT|GATE|HTX,DOT,GATE,HTX,-13.75583642912459,-1.2800021422558636,7.236661152215415,16.40036128716396,-38.26384579700415,10.778955576133953,20.0,49.11034213027218,-120.61084907949176,-78.65263655419072,FLAT
2026-09-30T07:47:42.053134+00:00,2,PERP,ICP|GATE|HTX,ICP,GATE,HTX,62.445541678768365,1.5255528277903452,34.034344945618514,18.623541719169076,37.746806039489215,87.1586287042403,20.0,49.105178549098596,-71.3927174552279,-128.22946230772038,FLAT
2026-09-30T07:47:42.506410+00:00,2,PERP,HBAR|GATE|HTX,HBAR,GATE,HTX,91.11532932775113,3.669243845963852,22.232664474374495,18.772986409487935,21.814737324705735,160.51092547881396,20.0,137.44379937374322,-163.861726523412,-301.7220603781827,FLAT
2026-09-30T07:47:43.032176+00:00,2,PERP,ICP|HTX|OKX,ICP,HTX,OKX,-60.61480733150493,-1.5107361816693168,-34.59435956200215,17.223687421552974,-83.52534562211966,-37.604859704946094,20.0,46.20031302164296,-121.13129908176046,-69.189812878699,FLAT
2026-09-30T07:47:43.558270+00:00,2,PERP,HBAR|BITGET|HTX,HBAR,BITGET,HTX,83.19275868827303,3.732049375618699,12.210581790529655,19.01962427439105,19.067253325903977,147.34052418541754,21.999999999999996,127.21493089183862,-148.3582593564643,-290.3448732867265,FLAT
2026-09-30T08:02:38.072664+00:00,0,PERP,OP|GATE|OKX,OP,GATE,OKX,-0.6087767076168316,-0.35495590552322315,1.7520455816235254,6.651029754696951,-11.374788768777622,10.174847151427358,20.0,21.5509334973057,-60.677767847706846,-55.97373506710953,FLAT
2026-09-30T08:02:38.317747+00:00,0,PERP,OP|BITGET|GATE,OP,BITGET,GATE,-4.783271297984504,-0.13010722019202667,-3.4711681515562427,10.08478349235126,-16.781417744264893,7.224083242269863,21.999999999999996,24.016985430175385,-65.32723502288403,-62.71223682400149,FLAT
2026-09-30T08:02:39.017815+00:00,0,PERP,ICP|HTX|MEXC,ICP,HTX,MEXC,-46.222735808175706,-0.5998271046373583,-35.04532384167269,18.634389610087098,-63.455436977214454,-28.935185185186008,26.0,34.68046724890732,-95.09058038444908,-72.790605905394,FLAT
2026-09-30T08:02:39.459217+00:00,0,PERP,APT|GATE|HTX,APT,GATE,HTX,41.29176147653624,2.776796003111615,6.530282712398145,12.518556899817328,16.857978829232234,65.74516109267181,20.0,48.68614074066884,-64.35844462383474,-133.9010191209425,FLAT
2026-09-30T08:02:39.931365+00:00,0,PERP,ICP|BITGET|HTX,ICP,BITGET,HTX,42.64933349608757,0.8664015546388072,27.11915838391006,17.924916026555216,23.201856148491462,62.110360986937785,21.999999999999996,38.74326268641467,-70.66056492183327,-101.7344652894424,FLAT
2026-09-30T08:02:40.307321+00:00,0,SPOT,ICP|GATE|HTX,ICP,GATE,HTX,-23.883166794617104,-0.8422671734880454,-5.616224429194149,21.687824173147863,-134.8246907096151,87.21403870617817,60.0,222.57018835345298,-417.77865463387394,-381.4004514888253,FLAT
2026-09-30T08:02:40.819297+00:00,0,PERP,APT|HTX|OKX,APT,HTX,OKX,-47.65618997866539,-3.340680819047712,-5.665682138448974,12.569446204138158,-70.63162504921449,-24.58714478305368,20.0,46.26477022122464,-137.23071313199017,-53.343307576619935,FLAT
2026-09-30T08:02:41.253342+00:00,0,PERP,DOT|GATE|HTX,DOT,GATE,HTX,0.03297181218941958,-0.41537249850904673,6.87420738327526,16.470121627315294,-33.0625843681287,33.156084658769736,20.0,66.21843922509328,-132.15523097649725,-118.50031650058776,FLAT
2026-09-30T08:02:41.693281+00:00,0,PERP,ICP|GATE|HTX,ICP,GATE,HTX,47.89550072568982,0.7473748324974243,34.00334314588534,18.58793870992754,29.019152640743506,66.78281068525082,20.0,37.58364610759797,-68.5678366127398,-96.36311364696346,FLAT
2026-09-30T08:02:42.122806+00:00,0,PERP,HBAR|GATE|HTX,HBAR,GATE,HTX,85.55051715340323,3.251886932965579,22.82154735702683,19.290021790262653,22.568726616267742,148.62517695248823,20.0,124.98711072090549,-151.23993146166458,-276.7907403163669,FLAT
2026-09-30T08:02:42.612006+00:00,0,PERP,ICP|HTX|OKX,ICP,HTX,OKX,-49.11165679618801,-0.8479933761590078,-34.51740284610869,17.21033956206604,-66.33977502163324,-31.82870370370461,20.0,34.68130984910497,-92.50368202462953,-63.37000899150905,FLAT
2026-09-30T08:02:43.077408+00:00,0,PERP,HBAR|BITGET|HTX,HBAR,BITGET,HTX,77.96909441842637,3.3215900368544458,12.883201588255533,19.594800113203416,20.058586884004193,135.89621100731586,21.999999999999996,114.94143379148203,-135.76604849573334,-265.9544432105423,FLAT
2026-09-30T08:02:53.361138+00:00,1,PERP,OP|GATE|OKX,OP,GATE,OKX,-0.07191645046700224,-0.2742375390521216,1.7520455816235254,6.651029754696951,-11.263337808280482,11.138897488660593,20.0,22.402379619642208,-61.41776300954621,-57.78923152667927,FLAT
2026-09-30T08:02:53.604403+00:00,1,PERP,OP|BITGET|GATE,OP,BITGET,GATE,-1.776427049552387,0.16804932929786953,-3.4711681515562427,10.08478349235126,-14.264723506053345,10.721461032492385,21.999999999999996,24.990620257920924,-63.784175612418025,-67.18324944196955,FLAT
2026-09-30T08:02:54.310280+00:00,1,PERP,ICP|HTX|MEXC,ICP,HTX,MEXC,-49.11165679618801,-0.7548587986429661,-35.04532384167269,18.634389610087098,-66.33977502163324,-31.82870370370461,26.0,34.68130984910497,-97.97576102906552,-69.89792998707304,FLAT
2026-09-30T08:02:54.746600+00:00,1,PERP,APT|GATE|HTX,APT,GATE,HTX,40.511570330235,2.7144732327999175,6.530282712398145,12.518556899817328,16.579517918633435,64.46044569240472,20.0,47.68773137468668,-63.63849616845138,-131.61789435469325,FLAT
2026-09-30T08:02:55.860361+00:00,1,PERP,ICP|BITGET|HTX,ICP,BITGET,HTX,45.417306032307096,1.0208219453462926,27.11915838391006,17.924916026555216,26.109660574411553,64.73784442508679,21.999999999999996,38.45353395543002,-67.46303176492853,-104.07221999660675,FLAT
2026-09-30T08:02:56.096260+00:00,1,SPOT,ICP|GATE|HTX,ICP,GATE,HTX,-38.49306229755434,-1.5159122282568886,-5.616224429194149,21.687824173147863,-121.24955374000157,44.37758801444147,60.0,166.26707596149353,-347.900405272301,-282.26088840512915,FLAT
2026-09-30T08:02:56.572228+00:00,1,PERP,APT|HTX|OKX,APT,HTX,OKX,-43.13207398660257,-2.980751199350277,-5.665682138448974,12.569446204138158,-66.36235730219097,-19.807142203215335,20.0,46.75669399362269,-133.4533691573647,-58.61523392885633,FLAT
2026-09-30T08:02:57.007310+00:00,1,PERP,DOT|GATE|HTX,DOT,GATE,HTX,-4.159667067085149,-0.6699327849565481,6.87420738327526,16.470121627315294,-41.41338096796288,33.156084658769736,20.0,74.60044531612168,-148.88803366735982,-126.88232259161616,FLAT
2026-09-30T08:02:57.455688+00:00,1,PERP,ICP|GATE|HTX,ICP,GATE,HTX,47.89550072568982,0.7473748324974243,34.00334314588534,18.58793870992754,29.019152640743506,66.78281068525082,20.0,37.58364610759797,-68.5678366127398,-96.36311364696346,FLAT
2026-09-30T08:02:57.894115+00:00,1,PERP,HBAR|GATE|HTX,HBAR,GATE,HTX,87.1277561775341,3.333651434907564,22.82154735702683,19.290021790262653,21.35245292761212,153.00527732997614,20.0,130.5155919708668,-157.98468640028153,-286.69932194381613,FLAT
2026-09-30T08:02:58.369582+00:00,1,PERP,ICP|HTX|OKX,ICP,HTX,OKX,-46.222735808175706,-0.6801337602813593,-34.51740284610869,17.21033956206604,-63.455436977214454,-28.935185185186008,20.0,34.68046724890732,-89.61850138001309,-66.26268490983,FLAT
2026-09-30T08:02:58.816577+00:00,1,PERP,HBAR|BITGET|HTX,HBAR,BITGET,HTX,79.437711560022,3.3965393669374837,12.883201588255533,19.594800113203416,20.987357879003188,137.9046102021353,21.999999999999996,115.99580584516443,-135.89164955441677,-269.0172144590442,FLAT
2026-09-30T08:03:09.070060+00:00,2,PERP,OP|GATE|OKX,OP,GATE,OKX,2.9740118699717044,0.18372587906184418,1.7520455816235254,6.651029754696951,-8.272309514659737,14.23947869201303,20.0,22.505078887016197,-58.529433983299455,-60.9925119974057,FLAT
2026-09-30T08:03:09.327796+00:00,2,PERP,OP|BITGET|GATE,OP,BITGET,GATE,-9.42911690125281,-0.5907859850650572,-3.4711681515562427,10.08478349235126,-21.497820549148948,2.64884188748038,21.999999999999996,24.169448544816788,-70.19610094240949,-58.28945858385341,FLAT
2026-09-30T08:03:10.086839+00:00,2,PERP,ICP|HTX|MEXC,ICP,HTX,MEXC,-41.8833044482958,-0.36695490164709244,-35.04532384167269,18.634389610087098,-60.55363321799123,-23.148148148147698,26.0,37.56269770750255,-95.07100708382109,-81.45987340102755,FLAT
2026-09-30T08:03:10.536384+00:00,2,PERP,APT|GATE|HTX,APT,GATE,HTX,24.5262813037872,1.437545775875465,6.530282712398145,12.518556899817328,-0.6423095723018246,49.71898852918599,20.0,50.23807124621713,-83.4106635309171,-119.42677706300498,FLAT
2026-09-30T08:03:10.988542+00:00,2,PERP,ICP|BITGET|HTX,ICP,BITGET,HTX,37.24315351086194,0.5648001425475849,27.11915838391006,17.924916026555216,16.495557693421148,58.004640371227545,21.999999999999996,41.35505874901553,-79.97865943950444,-100.240540736333,FLAT
2026-09-30T08:03:11.258491+00:00,2,SPOT,ICP|GATE|HTX,ICP,GATE,HTX,-21.047826091795674,-0.7115329568978941,-5.616224429194149,21.687824173147863,-122.10744206998969,80.15713323942907,60.0,202.69109155307572,-385.1823091938712,-354.46444922169894,FLAT
2026-09-30T08:03:11.771224+00:00,2,PERP,APT|HTX|OKX,APT,HTX,OKX,-32.13264380136138,-2.1056585336431817,-5.665682138448974,12.569446204138158,-55.396434328267574,-8.774068286314662,20.0,46.77246563838644,-122.50321782820505,-69.66407949052076,FLAT
2026-09-30T08:03:12.217466+00:00,2,PERP,DOT|GATE|HTX,DOT,GATE,HTX,-8.147563323813722,-0.9120619171491572,6.87420738327526,16.470121627315294,-41.076764313345834,24.809033007640036,20.0,65.93951056377676,-139.89048226039785,-109.87433618814154,FLAT
2026-09-30T08:03:12.667826+00:00,2,PERP,ICP|GATE|HTX,ICP,GATE,HTX,43.51610095735259,0.5117704528682695,34.00334314588534,18.58793870992754,23.201856148491462,63.84213580963305,20.0,40.46419185497188,-77.26567885236577,-96.3029845187196,FLAT
2026-09-30T08:03:13.155336+00:00,2,PERP,HBAR|GATE|HTX,HBAR,GATE,HTX,91.31719197475351,3.55083293126721,22.82154735702683,19.290021790262653,20.132431011441465,162.6245479315891,20.0,141.20258905074206,-169.89170539632744,-307.0055896253043,FLAT
2026-09-30T08:03:13.613378+00:00,2,PERP,ICP|HTX|OKX,ICP,HTX,OKX,-44.77180820334992,-0.5958281834161689,-34.51740284610869,17.21033956206604,-63.43713956170616,-26.041666666666295,20.0,37.563539330207114,-92.48327604580459,-72.03927550964951,FLAT
2026-09-30T08:03:14.083838+00:00,2,PERP,HBAR|BITGET|HTX,HBAR,BITGET,HTX,83.88620068789709,3.6235633274869765,12.883201588255533,19.594800113203416,19.88616031004753,147.9052196645192,21.999999999999996,126.95408693941275,-147.95112821762075,-289.9761050156764,FLAT
2026-09-30T08:08:54.388687+00:00,0,PERP,OP|GATE|OKX,OP,GATE,OKX,4.028865057670306,0.3372690936600052,1.7841732465835127,6.6554921671821665,-6.519723234554853,14.594522117625797,20.0,21.10572834063685,-55.40962482177522,-59.91607721167914,FLAT
2026-09-30T08:08:54.722948+00:00,0,PERP,OP|BITGET|GATE,OP,BITGET,GATE,-10.192484820847891,-0.6969232701267832,-3.290608502605794,9.903351795078558,-23.67510198263534,3.3047545661557542,21.999999999999996,27.007375850850924,-75.39186933088047,-61.60273891961247,FLAT
2026-09-30T08:08:55.046294+00:00,0,SPOT,ICP|GATE|HTX,ICP,GATE,HTX,10.338616831835346,0.7379635190911528,-5.656493750414484,21.674662999532533,-41.782157619738584,62.532951492195735,60.0,104.20732128267208,-206.33298515199618,-238.3967665252823,FLAT
2026-09-30T08:08:55.746821+00:00,0,PERP,ICP|HTX|MEXC,ICP,HTX,MEXC,-60.684872128305976,-1.3043315149508792,-35.48428536454926,19.32069146140793,-89.33717579250767,-31.874818893075087,26.0,57.8127598283362,-143.6656502562946,-93.42222629981038,FLAT
2026-09-30T08:08:56.226528+00:00,0,PERP,ICP|BITGET|HTX,ICP,BITGET,HTX,59.593023255815055,1.6706142947906748,27.726103182526753,19.074971507580194,29.061319383900663,90.1424832800246,21.999999999999996,60.71931398540981,-87.3840977840359,-151.13569408290766,FLAT
2026-09-30T08:08:56.683856+00:00,0,PERP,DOT|GATE|HTX,DOT,GATE,HTX,11.361111959913295,0.2917545447846777,6.562371232910449,16.447869665730277,-25.854879065888568,48.63387975758915,20.0,74.40418412051805,-132.8214344193171,-142.47569264519674,FLAT
2026-09-30T08:08:57.164327+00:00,0,PERP,ICP|GATE|HTX,ICP,GATE,HTX,64.66512062525132,1.53189892342562,34.65102677375997,19.59273774040788,34.893864495493254,94.44908350305647,20.0,59.1725761191956,-84.92973839746232,-144.9706328484921,FLAT
2026-09-30T08:08:57.754335+00:00,0,PERP,ICP|HTX|OKX,ICP,HTX,OKX,-60.684872128305976,-1.420341808120942,-35.07678826108545,18.029521993089148,-89.33717579250767,-31.874818893075087,20.0,57.8127598283362,-138.07314735975842,-87.01472919634656,FLAT
2026-09-30T08:08:58.213940+00:00,0,PERP,DOT|BITGET|HTX,DOT,BITGET,HTX,7.3366590038648205,-0.04333940257311634,7.959638939803416,14.374446784022668,-31.51862538644634,46.24195806556264,21.999999999999996,77.70354284345085,-145.18180716970062,-143.98586196921008,FLAT
2026-09-30T08:08:58.912355+00:00,0,PERP,APT|HTX|MEXC,APT,HTX,MEXC,-39.90606464955748,-2.795584180543922,-4.616780673042556,12.623223518759817,-55.951169888097674,-23.811158438576953,26.0,32.26870598961295,-115.60309520466808,-45.074328224078556,FLAT
2026-09-30T08:08:59.442478+00:00,0,PERP,DOT|HTX|OKX,DOT,HTX,OKX,-7.8281684282788255,-0.08675801717175796,-6.577385195281276,14.41691815663939,-41.9120451442756,26.47742621372906,20.0,68.4423303598569,-129.77699030885123,-127.49714176886724,FLAT
2026-09-30T08:08:59.906344+00:00,0,PERP,APT|BITGET|HTX,APT,BITGET,HTX,34.735304833903854,2.3698623312611127,3.910688014617941,13.00692298142176,13.614087382542994,55.86743170434838,21.999999999999996,42.107081274721295,-60.403681906796244,-122.06382496445173,FLAT
2026-09-30T08:09:10.303012+00:00,1,PERP,OP|GATE|OKX,OP,GATE,OKX,2.7217665084000586,0.14087512061688873,1.7841732465835127,6.6554921671821665,-7.927549826205471,13.388827987135254,20.0,21.31056280351301,-57.02228587630199,-58.915217544064745,FLAT
2026-09-30T08:09:10.630546+00:00,1,PERP,OP|BITGET|GATE,OP,BITGET,GATE,-11.685249132856734,-0.847656511043325,-3.290608502605794,9.903351795078558,-24.600793922900934,1.2402306916436956,21.999999999999996,25.871251997343915,-75.18143741763905,-58.4020911915934,FLAT
2026-09-30T08:09:10.942972+00:00,1,SPOT,ICP|GATE|HTX,ICP,GATE,HTX,19.569788098594554,1.1638603954097513,-5.656493750414484,21.674662999532533,-38.63254268292926,77.85998083810641,60.0,116.26492925018873,-215.24097818270351,-265.78140383870965,FLAT
2026-09-30T08:09:11.662245+00:00,1,PERP,ICP|HTX|MEXC,ICP,HTX,MEXC,-63.574627943938644,-1.4538994443081075,-35.48428536454926,19.32069146140793,-92.21902017291117,-34.77252970153555,26.0,57.81360537125645,-146.54834017961835,-90.52536103427016,FLAT
2026-09-30T08:09:12.135159+00:00,1,PERP,ICP|BITGET|HTX,ICP,BITGET,HTX,62.01516912157423,1.7975946084858558,27.726103182526753,19.074971507580194,31.976744186046346,92.06806282722636,21.999999999999996,59.72095464713775,-83.47031364361816,-152.06291429183733,FLAT
2026-09-30T08:09:12.590199+00:00,1,PERP,DOT|GATE|HTX,DOT,GATE,HTX,13.880731065627483,0.44494271789890805,6.562371232910449,16.447869665730277,-22.299455122609668,50.09114297332084,20.0,72.29024133572463,-127.15206769124475,-141.81901307613504,FLAT
2026-09-30T08:09:13.047983+00:00,1,PERP,ICP|GATE|HTX,ICP,GATE,HTX,68.37358161187134,1.721176248307672,34.65102677375997,19.59273774040788,37.81268179174013,98.95227008148933,20.0,60.724388719324594,-83.56273370134443,-151.02563202705394,FLAT
2026-09-30T08:09:13.542985+00:00,1,PERP,ICP|HTX|OKX,ICP,HTX,OKX,-66.01309415909084,-1.7158694451169318,-35.07678826108545,18.029521993089148,-95.10086455331357,-36.7651766662036,20.0,58.72289624833497,-144.7469725405631,-83.0345078432168,FLAT
2026-09-30T08:09:14.009197+00:00,1,PERP,DOT|BITGET|HTX,DOT,BITGET,HTX,13.880731065627483,0.4119179134187909,7.959638939803416,14.374446784022668,-22.299455122609668,50.09114297332084,21.999999999999996,72.29024133572463,-130.5493353981377,-142.42174536924205,FLAT
2026-09-30T08:09:14.718793+00:00,1,PERP,APT|HTX|MEXC,APT,HTX,MEXC,-42.02750891492579,-2.9636430176718203,-4.616780673042556,12.623223518759817,-58.494404883010496,-25.510204081632402,26.0,33.12333287965665,-119.00095708962459,-44.22990947106681,FLAT
2026-09-30T08:09:15.247435+00:00,1,PERP,DOT|HTX|OKX,DOT,HTX,OKX,-7.179504907646184,-0.04176480061986166,-6.577385195281276,14.41691815663939,-40.65247849874054,26.5081796643285,20.0,67.2082239146584,-127.28331721811767,-126.29378877426818,FLAT
2026-09-30T08:09:15.730440+00:00,1,PERP,APT|BITGET|HTX,APT,BITGET,HTX,39.38466328185175,2.727314932048304,3.910688014617941,13.00692298142176,20.82141294478701,57.95984856791891,21.999999999999996,36.9927371380671,-48.08201220789803,-119.04189769136806,FLAT
2026-09-30T08:09:26.106556+00:00,2,PERP,OP|GATE|OKX,OP,GATE,OKX,1.4663137814507898,-0.04775897216137807,1.7841732465835127,6.6554921671821665,-9.620843072614127,12.572332333595782,20.0,22.189905639448146,-59.594921958645784,-58.97806472646041,FLAT
2026-09-30T08:09:26.448277+00:00,2,PERP,OP|BITGET|GATE,OP,BITGET,GATE,-5.041229910974776,-0.1767705969244623,-3.290608502605794,9.903351795078558,-17.37676626663798,7.303802623561673,21.999999999999996,24.69301355227038,-66.77917131630255,-63.28742467843784,FLAT
2026-09-30T08:09:26.785846+00:00,2,SPOT,ICP|GATE|HTX,ICP,GATE,HTX,13.820468843144251,0.8986050945280581,-5.656493750414484,21.674662999532533,-38.38794105691101,66.1032927453875,60.0,104.34696840538933,-203.07841571188587,-242.10675490119132,FLAT
2026-09-30T08:09:27.494166+00:00,2,PERP,ICP|HTX|MEXC,ICP,HTX,MEXC,-63.574627943938644,-1.4538994443081075,-35.48428536454926,19.32069146140793,-92.21902017291117,-34.77252970153555,26.0,57.81360537125645,-146.54834017961835,-90.52536103427016,FLAT
2026-09-30T08:09:27.958755+00:00,2,PERP,ICP|BITGET|HTX,ICP,BITGET,HTX,59.593023255815055,1.6706142947906748,27.726103182526753,19.074971507580194,29.061319383900663,90.1424832800246,21.999999999999996,60.71931398540981,-87.3840977840359,-151.13569408290766,FLAT
2026-09-30T08:09:28.413192+00:00,2,PERP,DOT|GATE|HTX,DOT,GATE,HTX,9.701315067687233,0.19084196911633397,6.562371232910449,16.447869665730277,-30.62114031433527,50.09114297332084,20.0,80.63400146482033,-143.81751301206606,-150.16277320523074,FLAT
2026-09-30T08:09:28.869767+00:00,2,PERP,ICP|GATE|HTX,ICP,GATE,HTX,67.66895118120343,1.6852123906781844,34.65102677375997,19.59273774040788,37.81268179174013,97.53841676368057,20.0,59.324290802470934,-82.16263578449076,-148.21168079239152,FLAT
2026-09-30T08:09:29.410408+00:00,2,PERP,ICP|HTX|OKX,ICP,HTX,OKX,-63.574627943938644,-1.580620922383668,-35.07678826108545,18.029521993089148,-92.21902017291117,-34.77252970153555,20.0,57.81360537125645,-140.95583728308216,-84.11786393080635,FLAT
2026-09-30T08:09:29.874327+00:00,2,PERP,DOT|BITGET|HTX,DOT,BITGET,HTX,5.525386275417876,-0.16934583298824654,7.959638939803416,14.374446784022668,-30.62114031433527,41.702085257986354,21.999999999999996,72.28327368392095,-138.86405293805964,-134.0257200021039,FLAT
2026-09-30T08:09:30.876278+00:00,2,PERP,APT|HTX|MEXC,APT,HTX,MEXC,-43.94344669468975,-3.115421822579823,-4.616780673042556,12.623223518759817,-61.03763987792554,-26.792549119675215,26.0,34.39614538296304,-122.81700458784603,-44.22037693633038,FLAT
2026-09-30T08:09:31.410696+00:00,2,PERP,DOT|HTX|OKX,DOT,HTX,OKX,-7.229717506450628,-0.04524769469326111,-6.577385195281276,14.41691815663939,-41.193289294481076,26.951712183953536,20.0,68.19360704351863,-128.80951114271843,-127.72270442275344,FLAT
2026-09-30T08:09:31.819842+00:00,2,PERP,APT|BITGET|HTX,APT,BITGET,HTX,40.83656236736344,2.8389400325878777,3.910688014617941,13.00692298142176,21.140337312197666,60.544859901214835,21.999999999999996,39.2442588280193,-50.01460953043957,-123.8784307146162,FLAT
2026-09-30T08:13:41.155549+00:00,0,PERP,OP|GATE|OKX,OP,GATE,OKX,1.006869545874256,-0.11522940999409019,1.7734656313215,6.6527814859640495,-9.068892082590985,11.099334204378586,20.0,20.166181982314697,-57.00853969622718,-55.49205055537178,FLAT
2026-09-30T08:13:41.516247+00:00,0,PERP,OP|BITGET|GATE,OP,BITGET,GATE,-6.371787923548089,-0.304828576544624,-3.343912338576804,9.933043743121745,-18.450263384325318,5.7159786721983075,21.999999999999996,24.181646516709762,-67.28799756245827,-61.24153752748487,FLAT
2026-09-30T08:13:41.837402+00:00,0,SPOT,ICP|GATE|HTX,ICP,GATE,HTX,-9.972463068482762,-0.18772073837470007,-5.897620293624352,21.706939841270056,-44.04866216912606,24.156896551723595,60.0,68.27360288500998,-172.42464476051168,-164.3281197303579,FLAT
2026-09-30T08:13:42.738211+00:00,0,PERP,ICP|HTX|MEXC,ICP,HTX,MEXC,-54.73138412790068,-1.0692833562376372,-34.8835548762755,18.561805096697128,-77.60850819200971,-31.75519630485124,26.0,46.105439315880425,-120.83039263161464,-81.23379788730469,FLAT
2026-09-30T08:13:43.115433+00:00,0,PERP,ICP|BITGET|HTX,ICP,BITGET,HTX,52.12103662950662,1.3993206800159643,27.077489139163028,17.896932310081976,26.04920405209654,78.21552723059177,21.999999999999996,51.89582690764665,-80.92411199471314,-131.0338649990754,FLAT
2026-09-30T08:13:43.476830+00:00,0,PERP,DOT|GATE|HTX,DOT,GATE,HTX,-10.514331483845174,-1.0404473801506666,6.585519381058595,16.435094355687212,-44.49659771921799,23.496276925203397,20.0,68.06442802611171,-145.1465451263883,-110.97518557025651,FLAT
2026-09-30T08:13:43.840931+00:00,0,PERP,ICP|GATE|HTX,ICP,GATE,HTX,56.48899188876122,1.20280313979872,34.08283103985109,18.62828596594754,31.856356791197804,81.1359026369174,20.0,49.0027302272149,-77.22920447586819,-122.0558018242812,FLAT
2026-09-30T08:13:44.295331+00:00,0,PERP,ICP|HTX|OKX,ICP,HTX,OKX,-54.73138412790068,-1.1711525406330112,-34.5561551712482,17.22681568512648,-77.60850819200971,-31.75519630485124,20.0,46.105439315880425,-115.15779233664193,-74.9063981822774,FLAT
2026-09-30T08:13:44.679970+00:00,0,PERP,DOT|BITGET|HTX,DOT,BITGET,HTX,-10.514331483845174,-1.3004370103986747,8.098605053540165,14.312832062261267,-44.49659771921799,23.496276925203397,21.999999999999996,68.06442802611171,-148.65963079886987,-111.46209989777495,FLAT
2026-09-30T08:13:45.397405+00:00,0,PERP,APT|HTX|MEXC,APT,HTX,MEXC,-33.75796178343826,-2.5241935275751106,-4.193180001725613,11.712565403063339,-57.193695983732695,-10.214504596526286,26.0,47.13807290545292,-132.13858888746,-73.11674831065226,FLAT
2026-09-30T08:13:45.807209+00:00,0,PERP,DOT|HTX|OKX,DOT,HTX,OKX,10.424392620189682,1.1818773941075682,-6.600541062051676,14.40499138668849,-21.14638869802232,42.18430351758728,20.0,63.264178339237645,-103.81002597520829,-138.0490229188766,FLAT
2026-09-30T08:13:46.328593+00:00,0,PERP,APT|BITGET|HTX,APT,BITGET,HTX,31.48125872274088,2.329393412484032,3.4666448895026107,12.026570386564236,5.546813195704825,57.430909907951744,21.999999999999996,51.721267196519136,-77.64109889031693,-133.68553221496828,FLAT
2026-09-30T08:13:56.716740+00:00,1,PERP,OP|GATE|OKX,OP,GATE,OKX,2.1896483090100283,0.06255769538900156,1.7734656313215,6.6527814859640495,-8.566844715459654,12.964090333615896,20.0,21.526206603922216,-57.86651695070337,-58.71683130621662,FLAT
2026-09-30T08:13:57.082784+00:00,1,PERP,OP|BITGET|GATE,OP,BITGET,GATE,-6.9715278190229935,-0.3652068363192476,-3.343912338576804,9.933043743121745,-19.476657977229863,5.543221670074594,21.999999999999996,25.037330793798514,-69.17007643245157,-61.924464802449904,FLAT
2026-09-30T08:13:57.398967+00:00,1,SPOT,ICP|GATE|HTX,ICP,GATE,HTX,-13.263147812250242,-0.3393167149531722,-5.897620293624352,21.706939841270056,-48.332731527840345,21.859830243338152,60.0,70.2857421737257,-178.72085340794166,-164.04319271068817,FLAT
2026-09-30T08:13:58.028060+00:00,1,PERP,ICP|HTX|MEXC,ICP,HTX,MEXC,-50.4104853809606,-0.8364989516805105,-34.8835548762755,18.561805096697128,-74.73411899971526,-25.981524249421017,26.0,48.99937542539154,-120.84993954883132,-89.90140605224603,FLAT
2026-09-30T08:13:58.407742+00:00,1,PERP,ICP|BITGET|HTX,ICP,BITGET,HTX,51.67074040112185,1.3741601541457789,27.077489139163028,17.896932310081976,25.441845370370864,77.92325898030361,21.999999999999996,52.21162166134622,-81.84726543013838,-131.0573915024868,FLAT
2026-09-30T08:13:58.791932+00:00,1,PERP,DOT|GATE|HTX,DOT,GATE,HTX,-7.7367264231420485,-0.8714428706181759,6.585519381058595,16.435094355687212,-44.49659771921799,29.074277301588403,20.0,73.62780330042932,-150.7099204007059,-122.11656122095913,FLAT
2026-09-30T08:13:59.165086+00:00,1,PERP,ICP|GATE|HTX,ICP,GATE,HTX,56.48899188876122,1.20280313979872,34.08283103985109,18.62828596594754,31.856356791197804,81.1359026369174,20.0,49.0027302272149,-77.22920447586819,-122.0558018242812,FLAT
2026-09-30T08:13:59.611876+00:00,1,PERP,ICP|HTX|OKX,ICP,HTX,OKX,-54.73138412790068,-1.1711525406330112,-34.5561551712482,17.22681568512648,-77.60850819200971,-31.75519630485124,20.0,46.105439315880425,-115.15779233664193,-74.9063981822774,FLAT
2026-09-30T08:14:00.006085+00:00,1,PERP,DOT|BITGET|HTX,DOT,BITGET,HTX,-10.514331483845174,-1.3004370103986747,8.098605053540165,14.312832062261267,-44.49659771921799,23.496276925203397,21.999999999999996,68.06442802611171,-148.65963079886987,-111.46209989777495,FLAT
2026-09-30T08:14:00.613930+00:00,1,PERP,APT|HTX|MEXC,APT,HTX,MEXC,-33.75796178343826,-2.5241935275751106,-4.193180001725613,11.712565403063339,-57.193695983732695,-10.214504596526286,26.0,47.13807290545292,-132.13858888746,-73.11674831065226,FLAT
2026-09-30T08:14:01.060260+00:00,1,PERP,DOT|HTX|OKX,DOT,HTX,OKX,8.081259893146786,1.019216225895544,-6.600541062051676,14.40499138668849,-23.307511155923333,39.65807016113487,20.0,62.91417717862383,-105.62114727249549,-135.17278840181038,FLAT
2026-09-30T08:14:01.458836+00:00,1,PERP,APT|BITGET|HTX,APT,BITGET,HTX,33.540448739237675,2.500613465276245,3.4666448895026107,12.026570386564236,7.729277794303879,59.36608914870245,21.999999999999996,51.464194083466495,-75.20156117866523,-135.36363834266632,FLAT
2026-09-30T08:14:11.854927+00:00,2,PERP,OP|GATE|OKX,OP,GATE,OKX,1.3702924011238515,-0.060602205415623236,1.7734656313215,6.6527814859640495,-9.742590527017647,12.502678326831163,20.0,22.242203922769143,-59.75826008110829,-58.97141661827881,FLAT
2026-09-30T08:14:12.189048+00:00,2,PERP,OP|BITGET|GATE,OP,BITGET,GATE,-7.8424618035743965,-0.45288731040902414,-3.343912338576804,9.933043743121745,-22.818775455525355,7.1527303081597715,21.999999999999996,29.995017350302444,-77.46988046725099,-68.49165999703902,FLAT
2026-09-30T08:14:12.561686+00:00,2,SPOT,ICP|GATE|HTX,ICP,GATE,HTX,-6.4097982225475025,-0.023595123617995116,-5.897620293624352,21.706939841270056,-44.69126157407466,31.943367169373627,60.0,76.68371437011653,-181.47735565056686,-180.52470183311453,FLAT
2026-09-30T08:14:13.453244+00:00,2,PERP,ICP|HTX|MEXC,ICP,HTX,MEXC,-43.283797431827864,-0.45255526129013707,-34.8835548762755,18.561805096697128,-57.636887608070175,-28.893383415197206,26.0,28.868409164793594,-83.62174189658828,-66.85858062587188,FLAT
2026-09-30T08:14:13.882550+00:00,2,PERP,ICP|BITGET|HTX,ICP,BITGET,HTX,40.56207446038185,0.753457916003989,27.077489139163028,17.896932310081976,23.168259484507292,57.97101449275477,21.999999999999996,34.6621515577496,-66.57138121240533,-93.55567691134134,FLAT
2026-09-30T08:14:14.266668+00:00,2,PERP,DOT|GATE|HTX,DOT,GATE,HTX,-2.179341355755815,-0.5333015160805213,6.585519381058595,16.435094355687212,-36.19342557386385,31.86313525318729,20.0,68.07138406032543,-136.85032901524787,-119.34899993245412,FLAT
2026-09-30T08:14:14.635732+00:00,2,PERP,ICP|GATE|HTX,ICP,GATE,HTX,42.0107199768216,0.42558338171652893,34.08283103985109,18.62828596594754,26.071842410195778,57.954216169227024,20.0,31.74899328331866,-65.75998191297397,-81.6203784126946,FLAT
2026-09-30T08:14:15.054262+00:00,2,PERP,ICP|HTX|OKX,ICP,HTX,OKX,-41.83496826312694,-0.4225280646708967,-34.5561551712482,17.22681568512648,-57.62028233938344,-26.004045073676487,20.0,31.74899328331866,-80.8131204514539,-66.30110338089037,FLAT
2026-09-30T08:14:15.444986+00:00,2,PERP,DOT|BITGET|HTX,DOT,BITGET,HTX,-10.514331483845174,-1.3004370103986747,8.098605053540165,14.312832062261267,-44.49659771921799,23.496276925203397,21.999999999999996,68.06442802611171,-148.65963079886987,-111.46209989777495,FLAT
2026-09-30T08:14:16.077469+00:00,2,PERP,APT|HTX|MEXC,APT,HTX,MEXC,-33.32386276337029,-2.4871308512843613,-4.193180001725613,11.712565403063339,-57.193695983732695,-9.344311208494549,26.0,48.009118118151825,-133.0096341001589,-74.8579869113829,FLAT
2026-09-30T08:14:16.495063+00:00,2,PERP,DOT|HTX|OKX,DOT,HTX,OKX,10.065098731644184,1.1569350752334648,-6.600541062051676,14.40499138668849,-21.60929079170093,41.929238514930574,20.0,63.474075356513914,-104.48282508616316,-138.00385493349614,FLAT
2026-09-30T08:14:17.148854+00:00,2,PERP,APT|BITGET|HTX,APT,BITGET,HTX,32.501280332943864,2.4142074182576585,3.4666448895026107,12.026570386564236,6.8240358819471325,58.19224502838338,21.999999999999996,51.201793098708805,-75.84440210626428,-133.92739323758957,FLAT
2026-09-30T08:16:29.860886+00:00,0,PERP,OP|GATE|OKX,OP,GATE,OKX,1.9339793622963342,0.053116545341268404,1.571246114617678,6.829006768948018,-8.64907111003732,12.534228147218496,20.0,21.17918928277871,-57.399506507433706,-58.14217131537953,FLAT
2026-09-30T08:16:30.197731+00:00,0,PERP,OP|BITGET|GATE,OP,BITGET,GATE,-7.994946435467831,-0.488138995985926,-3.1519159462256274,9.921416910075829,-19.926655634658896,3.945898835082673,21.999999999999996,23.891652221325536,-68.6663919097588,-58.98946700263383,FLAT
2026-09-30T08:16:30.538961+00:00,0,SPOT,ICP|GATE|HTX,ICP,GATE,HTX,-19.71581466005734,-0.597391083866223,-6.377370336342969,22.327826249749187,-123.80727457292129,84.53129364552669,60.0,208.75001960422367,-392.17992384080196,-365.65868358609333,FLAT
2026-09-30T08:16:31.488555+00:00,0,PERP,ICP|HTX|MEXC,ICP,HTX,MEXC,-41.642734060886035,-0.3722917994855416,-34.72222043547535,18.588949944570164,-63.055316709658136,-20.143884892088735,26.0,43.090699848056396,-103.4237961222392,-89.66903539144302,FLAT
2026-09-30T08:16:31.930422+00:00,0,PERP,ICP|BITGET|HTX,ICP,BITGET,HTX,38.54713185133196,0.6535757942235725,26.87500976222552,17.85886532559327,13.662217660617149,63.45543697721334,21.999999999999996,49.60200681874268,-90.81479892035105,-114.1824340337305,FLAT
2026-09-30T08:16:32.332717+00:00,0,PERP,DOT|GATE|HTX,DOT,GATE,HTX,-6.267640964288113,-0.7349088307560241,6.193385137180158,16.95588021258258,-37.305847176078984,24.809033007640036,20.0,62.15381213852995,-131.6530444517891,-106.76946000898984,FLAT
2026-09-30T08:16:32.737889+00:00,0,PERP,ICP|GATE|HTX,ICP,GATE,HTX,46.1627236006934,0.6592318278463124,33.9198048519407,18.57149219986828,23.074704355352527,69.26406926406781,20.0,45.977118164041535,-82.82221866062972,-107.32138257616866,FLAT
2026-09-30T08:16:33.201549+00:00,0,PERP,ICP|HTX|OKX,ICP,HTX,OKX,-43.07869040781176,-0.504919410017216,-34.394567476241996,17.19902772459009,-65.9214674691866,-20.143884892088735,20.0,45.97545380279003,-103.50235379573462,-86.2261363869433,FLAT
2026-09-30T08:16:33.607401+00:00,0,PERP,DOT|BITGET|HTX,DOT,BITGET,HTX,-10.199474169384493,-1.2156682789224214,7.705759748891789,14.728716894832225,-41.52823920265725,21.17002732865636,21.999999999999996,62.76225426303799,-139.99625321458703,-104.22652184280255,FLAT
2026-09-30T08:16:34.266165+00:00,0,PERP,APT|HTX|MEXC,APT,HTX,MEXC,-30.837057402461898,-2.2591928373903203,-3.679285900637328,12.021006375531691,-55.38531762917853,-6.170451826399415,26.0,49.36681394920977,-133.072845677751,-78.87564802344768,FLAT
2026-09-30T08:16:34.762668+00:00,0,PERP,DOT|HTX|OKX,DOT,HTX,OKX,8.507236972619125,0.9961102311729392,-6.26500475933776,14.82992671861455,-18.168822143990184,35.316388171409145,20.0,53.43941695197567,-91.3432343366281,-121.02080988272257,FLAT
2026-09-30T08:16:35.419068+00:00,0,PERP,DOT|HTX|MEXC,DOT,HTX,MEXC,9.642144526671448,1.1250423526110187,-6.836336064320125,14.646986891425035,-15.618869792531909,35.02919099249269,26.0,50.598958920364865,-91.38149264857665,-124.46448597717767,FLAT
2026-09-30T08:16:45.794969+00:00,1,PERP,OP|GATE|OKX,OP,GATE,OKX,4.164464966656123,0.3797358737188542,1.571246114617678,6.829006768948018,-7.5023062766610416,15.852795802082653,20.0,23.34536008320445,-58.41891247448317,-63.62690977066943,FLAT
2026-09-30T08:16:46.126689+00:00,1,PERP,OP|BITGET|GATE,OP,BITGET,GATE,-9.821759439809785,-0.6722672330008135,-3.1519159462256274,9.921416910075829,-22.630851777202253,2.997133274276198,21.999999999999996,25.65317723729343,-73.13211306827006,-59.80222645779525,FLAT
2026-09-30T08:16:46.453453+00:00,1,SPOT,ICP|GATE|HTX,ICP,GATE,HTX,-21.395495948116626,-0.6726192439777857,-6.377370336342969,22.327826249749187,-111.66915732314541,69.00575190275316,60.0,181.0622107082248,-352.35399769502726,-322.44533294732094,FLAT
2026-09-30T08:16:47.109828+00:00,1,PERP,ICP|HTX|MEXC,ICP,HTX,MEXC,-33.02699597932168,0.0911952779048094,-34.72222043547535,18.588949944570164,-54.45686443106834,-11.510791366907691,26.0,43.08820690283298,-94.82285089842597,-98.29963597140065,FLAT
2026-09-30T08:16:47.524324+00:00,1,PERP,ICP|BITGET|HTX,ICP,BITGET,HTX,30.73294477864419,0.21602352367201738,26.87500976222552,17.85886532559327,6.7292686438258364,54.75504322766555,21.999999999999996,47.87862241131717,-96.02436352971685,-103.7586558767572,FLAT
2026-09-30T08:16:47.921888+00:00,1,PERP,DOT|GATE|HTX,DOT,GATE,HTX,-18.999401785572132,-1.485784672155049,6.193385137180158,16.95588021258258,-49.8094760731993,11.84717373233779,20.0,61.773995091780776,-143.77685630216024,-93.42778368693841,FLAT
2026-09-30T08:16:48.323505+00:00,1,PERP,ICP|GATE|HTX,ICP,GATE,HTX,37.474776592678616,0.19142089943441018,33.9198048519407,18.57149219986828,14.409221902018654,60.55363321799456,20.0,45.97212795898493,-91.48271090890697,-98.60595632503879,FLAT
2026-09-30T08:16:48.799776+00:00,1,PERP,ICP|HTX|OKX,ICP,HTX,OKX,-35.898908673176464,-0.08746664177903826,-34.394567476241996,17.19902772459009,-57.323015190599016,-14.388489208634336,20.0,43.08903740555479,-92.01748511991181,-89.09511567316245,FLAT
2026-09-30T08:16:49.212156+00:00,1,PERP,DOT|BITGET|HTX,DOT,BITGET,HTX,-20.763976200998123,-1.9329406731878265,7.705759748891789,14.728716894832225,-49.8094760731993,8.305647840531893,21.999999999999996,58.23603506415905,-143.75127088625013,-86.83592315579915,FLAT
2026-09-30T08:16:49.872436+00:00,1,PERP,APT|HTX|MEXC,APT,HTX,MEXC,-24.48929366951291,-1.7311369047464757,-3.679285900637328,12.021006375531691,-51.58579597264512,2.737838869797393,26.0,54.45668128629044,-134.36319135829822,-92.87380605672516,FLAT
2026-09-30T08:16:50.415512+00:00,1,PERP,DOT|HTX|OKX,DOT,HTX,OKX,23.146943985652424,1.9832834850136012,-6.26500475933776,14.82992671861455,-3.5117686396701764,49.93910697109083,20.0,53.32710647170561,-76.57387035203803,-135.5312182021342,FLAT
2026-09-30T08:16:51.106720+00:00,1,PERP,DOT|HTX|MEXC,DOT,HTX,MEXC,9.136513359173648,1.0905211796731349,-6.836336064320125,14.646986891425035,-28.90307460711505,47.46425979983427,26.0,76.29653865802653,-130.36327720082147,-162.5971345221809,FLAT
2026-09-30T08:17:01.500746+00:00,2,PERP,OP|GATE|OKX,OP,GATE,OKX,3.3137367908175897,0.25516019168748544,1.571246114617678,6.829006768948018,-8.44510583892455,15.095686499553285,20.0,23.532971449793042,-59.549323403335265,-63.05741183472865,FLAT
2026-09-30T08:17:01.833934+00:00,2,PERP,OP|BITGET|GATE,OP,BITGET,GATE,-6.785491566074775,-0.3662355541333034,-3.1519159462256274,9.921416910075829,-20.256440425855395,6.695764064064136,21.999999999999996,26.970501359466855,-72.07502583909661,-64.81818136975662,FLAT
2026-09-30T08:17:02.591831+00:00,2,SPOT,ICP|GATE|HTX,ICP,GATE,HTX,-64.34365337285253,-2.5961453832596315,-6.377370336342969,22.327826249749187,-157.61587159347945,29.06476679158221,60.0,187.88948862515605,-405.1279898822925,-289.3316257530812,FLAT
2026-09-30T08:17:03.891681+00:00,2,PERP,ICP|HTX|MEXC,ICP,HTX,MEXC,-44.46356855995259,-0.5240397200231685,-34.72222043547535,18.588949944570164,-60.154683471784764,-28.727377190461702,26.0,31.56760245336455,-89.00006548967397,-69.5624456983782,FLAT
2026-09-30T08:17:04.326949+00:00,2,PERP,ICP|BITGET|HTX,ICP,BITGET,HTX,42.07410602176553,0.8510672980863131,26.87500976222552,17.85886532559327,23.661664939549354,60.50129645635227,21.999999999999996,36.685275594177895,-67.89862041685406,-98.31156228830464,FLAT
2026-09-30T08:17:04.728545+00:00,2,PERP,DOT|GATE|HTX,DOT,GATE,HTX,-15.667003500969834,-1.2892511839006673,6.193385137180158,16.95588021258258,-59.00521315500451,27.711838080342055,20.0,86.85310498694106,-178.05170327912572,-134.37155793010297,FLAT
2026-09-30T08:17:05.157499+00:00,2,PERP,ICP|GATE|HTX,ICP,GATE,HTX,48.991354466860756,0.8115421988022564,33.9198048519407,18.57149219986828,31.691155286659445,66.30152781781584,20.0,34.441635419827435,-62.67028498510869,-92.82335838570258,FLAT
2026-09-30T08:17:05.655252+00:00,2,PERP,ICP|HTX|OKX,ICP,HTX,OKX,-47.31861198738141,-0.7514404138474309,-34.394567476241996,17.19902772459009,-63.001145475372056,-31.591039632393738,20.0,31.559375847897243,-86.16595384702731,-60.3629036917455,FLAT
2026-09-30T08:17:06.072083+00:00,2,PERP,DOT|BITGET|HTX,DOT,BITGET,HTX,-24.43242382520916,-2.182008372051545,7.705759748891789,14.728716894832225,-57.12960951965829,8.291873963517382,21.999999999999996,65.58170424666362,-158.4170735152137,-94.16781846128922,FLAT
2026-09-30T08:17:06.796979+00:00,2,PERP,APT|HTX|MEXC,APT,HTX,MEXC,-25.141132571776524,-1.7853618907335398,-3.679285900637328,12.021006375531691,-52.87486317567036,2.737838869797393,26.0,55.75249080368084,-136.94806807871387,-94.16961557411557,FLAT
2026-09-30T08:17:07.263587+00:00,2,PERP,DOT|HTX|OKX,DOT,HTX,OKX,20.731336679300494,1.8203961456365392,-6.26500475933776,14.82992671861455,-9.242651956640202,50.873928573829104,20.0,59.99173677562987,-88.96938397293232,-143.13067010879672,FLAT
2026-09-30T08:17:07.936800+00:00,2,PERP,DOT|HTX|MEXC,DOT,HTX,MEXC,23.24595368003557,2.0538210327727633,-6.836336064320125,14.646986891425035,-5.799502899752618,52.45829924937384,26.0,58.122213440217074,-89.08538027564957,-149.41684875391104,FLAT
2026-09-30T08:24:42.867479+00:00,0,PERP,OP|GATE|OKX,OP,GATE,OKX,5.508777343194993,0.5558054838267862,1.804802798567657,6.664156170473589,-6.317530311761299,17.357515209406316,20.0,23.66198940722356,-57.78432251755251,-65.21470181806222,FLAT
2026-09-30T08:24:43.115839+00:00,0,PERP,OP|BITGET|GATE,OP,BITGET,GATE,-8.422792379557675,-0.5207937378195933,-3.2685005225770016,9.896992768308127,-21.269036667656003,4.433235796039714,21.999999999999996,25.72393547610949,-71.72447162118848,-61.425671794726206,FLAT
2026-09-30T08:24:43.351796+00:00,0,SPOT,ICP|GATE|HTX,ICP,GATE,HTX,-28.570461614710887,-1.0567005859585838,-5.21860960659739,22.0988351084616,-120.7359068242031,63.7565352636571,60.0,185.02091391628164,-366.53821113388733,-319.99605878653614,FLAT
2026-09-30T08:24:44.056163+00:00,0,PERP,ICP|HTX|MEXC,ICP,HTX,MEXC,-42.7899015832256,-0.4214920227133054,-34.957480386133845,18.582608388817096,-56.98005698005715,-28.563267637816693,26.0,28.538860015972865,-82.56143660989616,-66.93307276429002,FLAT
2026-09-30T08:24:44.568794+00:00,0,PERP,ICP|BITGET|HTX,ICP,BITGET,HTX,39.13775444622125,0.6799969306550717,26.992279784474036,17.86107276991226,20.999173697768825,57.29017473503406,21.999999999999996,36.149514676693336,-70.14262076339854,-94.44740962725335,FLAT
2026-09-30T08:24:45.001433+00:00,0,PERP,DOT|GATE|HTX,DOT,GATE,HTX,-12.709887064236147,-1.189056808036156,6.872671202301321,16.46898460543696,-41.84408965344777,16.472481880387413,20.0,58.39074572939499,-133.10750658514408,-93.99055640748108,FLAT
2026-09-30T08:24:45.446024+00:00,0,PERP,ICP|GATE|HTX,ICP,GATE,HTX,41.52348224513158,0.39712291708413316,34.1162000295422,18.652366551840423,22.90294875465282,60.154683471784764,20.0,37.09768913859668,-74.31094041348607,-89.13617258083924,FLAT
2026-09-30T08:24:45.920688+00:00,0,PERP,ICP|HTX|OKX,ICP,HTX,OKX,-39.925851989163206,-0.3066105240329822,-34.62925776262946,17.274665451352845,-56.94760820045608,-22.850614110254686,20.0,34.23359073102915,-82.55194116885578,-72.01223438340392,FLAT
2026-09-30T08:24:46.382061+00:00,0,PERP,DOT|BITGET|HTX,DOT,BITGET,HTX,-13.562556821795635,-1.5150145408968743,8.385036421652496,14.486721183847758,-41.114906976591485,14.028444995863865,21.999999999999996,55.21821489803828,-132.71815829628227,-88.86162347224965,FLAT
2026-09-30T08:24:47.090279+00:00,0,PERP,APT|HTX|MEXC,APT,HTX,MEXC,-29.10103118871521,-2.0434145906339007,-4.420063893589688,12.078296498543198,-46.734874321080476,-11.406844106465197,26.0,35.431035106641076,-109.74584553413186,-60.44425489376557,FLAT
2026-09-30T08:24:47.567802+00:00,0,PERP,DOT|HTX|OKX,DOT,HTX,OKX,16.189267423045717,1.5904620199822075,-6.955697009882682,14.55235280197846,-6.064704135424481,38.53511372070129,20.0,44.527541767849456,-69.63654889339125,-116.01835249843343,FLAT
2026-09-30T08:24:48.260953+00:00,0,PERP,DOT|HTX|MEXC,DOT,HTX,MEXC,14.393814769475544,1.5213951243794708,-7.43503444546807,14.34791584720433,-6.606110652354058,35.480437645107884,26.0,42.02587843146216,-73.19695463834815,-116.9413505220381,FLAT
2026-09-30T08:24:58.515304+00:00,1,PERP,OP|GATE|OKX,OP,GATE,OKX,4.278411139269078,0.3711810283890202,1.804802798567657,6.664156170473589,-8.292594806417197,16.874292181376926,20.0,25.15609958743549,-61.25349719242035,-66.22558897024476,FLAT
2026-09-30T08:24:58.761028+00:00,1,PERP,OP|BITGET|GATE,OP,BITGET,GATE,-8.995066408256092,-0.5786167596299089,-3.2685005225770016,9.896992768308127,-24.796761224145094,6.82541596606745,21.999999999999996,31.65063598528909,-81.17889668685717,-69.74455247393354,FLAT
2026-09-30T08:24:58.996970+00:00,1,SPOT,ICP|GATE|HTX,ICP,GATE,HTX,-34.64108086336459,-1.3314037193526729,-5.21860960659739,22.0988351084616,-142.26288639608953,73.17242544983893,60.0,216.1840260977857,-419.22830288727783,-360.575061154222,FLAT
2026-09-30T08:24:59.695933+00:00,1,PERP,ICP|HTX|MEXC,ICP,HTX,MEXC,-44.1973196464196,-0.49723047846427393,-34.957480386133845,18.582608388817096,-62.62453743239305,-25.706940874036242,26.0,37.08137825125074,-96.74843529750994,-78.33191776334834,FLAT
2026-09-30T08:25:00.176684+00:00,1,PERP,ICP|BITGET|HTX,ICP,BITGET,HTX,42.00117080516152,0.8403129651859772,26.992279784474036,17.86107276991226,20.999173697768825,63.01919220853547,21.999999999999996,41.84426160204048,-75.83736768874569,-105.87117402610191,FLAT
2026-09-30T08:25:00.620509+00:00,1,PERP,DOT|GATE|HTX,DOT,GATE,HTX,-20.5116378549286,-1.6627806579034292,6.872671202301321,16.46898460543696,-49.25717699875598,8.257638315440907,20.0,57.63302028170362,-139.76286848276092,-85.0179873948432,FLAT
2026-09-30T08:25:01.056854+00:00,1,PERP,ICP|GATE|HTX,ICP,GATE,HTX,48.14800365103622,0.7522800703329255,34.1162000295422,18.652366551840423,28.64508736751592,67.65991401547655,20.0,38.82787610252158,-70.29898876454786,-98.37159008845592,FLAT
2026-09-30T08:25:01.519082+00:00,1,PERP,ICP|HTX|OKX,ICP,HTX,OKX,-47.0487596236091,-0.7189431190985539,-34.62925776262946,17.274665451352845,-65.4711073156855,-28.563267637816693,20.0,37.08219879229914,-93.92404834535517,-69.1481889171119,FLAT
2026-09-30T08:25:02.002427+00:00,1,PERP,DOT|BITGET|HTX,DOT,BITGET,HTX,-1.395195887681222,-0.6751170389224009,8.385036421652496,14.486721183847758,-41.36974544010074,38.61236320193973,21.999999999999996,79.99325564475596,-157.7480375065092,-138.2205824250432,FLAT
2026-09-30T08:25:03.450143+00:00,1,PERP,APT|HTX|MEXC,APT,HTX,MEXC,-25.295642825524656,-1.728354568415574,-4.420063893589688,12.078296498543198,-46.699482519250154,-3.8022813688232127,26.0,43.00580026459818,-117.28521889025865,-75.62358278936466,FLAT
2026-09-30T08:25:03.916358+00:00,1,PERP,DOT|HTX|OKX,DOT,HTX,OKX,22.389867763978888,2.0165512184305965,-6.955697009882682,14.55235280197846,-4.430642471110469,49.34448514264611,20.0,53.65466109387255,-77.12960655510034,-135.95484324640134,FLAT
2026-09-30T08:25:04.617231+00:00,1,PERP,DOT|HTX|MEXC,DOT,HTX,MEXC,20.392987385948746,1.9395166606611416,-7.43503444546807,14.34791584720433,-4.946413849959974,45.85908996683319,26.0,50.7017917426013,-80.2131711470932,-135.99591615490255,FLAT
2026-09-30T08:25:14.866756+00:00,2,PERP,OP|GATE|OKX,OP,GATE,OKX,3.761539778721623,0.293621117227646,1.804802798567657,6.664156170473589,-8.289843093606253,15.835905792460636,20.0,24.116655415552383,-60.211301307726295,-64.14775840944537,FLAT
2026-09-30T08:25:15.110819+00:00,2,PERP,OP|BITGET|GATE,OP,BITGET,GATE,-8.906250981502994,-0.5696427784588304,-3.2685005225770016,9.896992768308127,-23.183798019063005,5.3852242934060435,21.999999999999996,28.594482485813973,-76.50977998229997,-65.24820730179701,FLAT
2026-09-30T08:25:15.343840+00:00,2,SPOT,ICP|GATE|HTX,ICP,GATE,HTX,-26.728978218621968,-0.9733711531151387,-5.21860960659739,22.0988351084616,-119.79766095300826,66.51473483584968,60.0,186.81155956810042,-367.3906109145113,-324.5449040105475,FLAT
2026-09-30T08:25:16.079400+00:00,2,PERP,ICP|HTX|MEXC,ICP,HTX,MEXC,-58.45451953236491,-1.2644639899085128,-34.957480386133845,18.582608388817096,-76.85738684884757,-39.98857469294514,26.0,37.08548566344777,-110.98539212616149,-64.05439135663647,FLAT
2026-09-30T08:25:16.630152+00:00,2,PERP,ICP|BITGET|HTX,ICP,BITGET,HTX,55.913978494623876,1.6192587692084028,26.992279784474036,17.86107276991226,34.393809114359186,77.45266781411297,21.999999999999996,42.819430263896535,-63.417900934011385,-121.27981829353547,FLAT
2026-09-30T08:25:17.081996+00:00,2,PERP,DOT|GATE|HTX,DOT,GATE,HTX,-16.186476768811353,-1.40015602197479,6.872671202301321,16.46898460543696,-48.84765553534231,16.501650165017256,20.0,65.4552435656502,-147.17557030329385,-101.08422252836614,FLAT
2026-09-30T08:25:17.511428+00:00,2,PERP,ICP|GATE|HTX,ICP,GATE,HTX,56.72014026002703,1.2118537434733454,34.1162000295422,18.652366551840423,34.42340791738552,79.02670493685537,20.0,44.35173121052976,-70.04452332268644,-115.26223611784293,FLAT
2026-09-30T08:25:17.968020+00:00,2,PERP,ICP|HTX|OKX,ICP,HTX,OKX,-55.634807417973555,-1.2159743246257235,-34.62925776262946,17.274665451352845,-76.87927107061566,-34.30531732418696,20.0,42.81196749279736,-111.06198080078354,-69.13590793123984,FLAT
2026-09-30T08:25:18.444616+00:00,2,PERP,DOT|BITGET|HTX,DOT,BITGET,HTX,-16.41065955096499,-1.7116154620456088,8.385036421652496,14.486721183847758,-49.29583628284884,16.501650165017256,21.999999999999996,65.90563074587168,-151.58650345037302,-102.02224448923644,FLAT
2026-09-30T08:25:19.155563+00:00,2,PERP,APT|HTX|MEXC,APT,HTX,MEXC,-21.498577300032018,-1.4139836199999085,-4.420063893589688,12.078296498543198,-44.16403785488798,1.2674271229395906,26.0,45.52912360363353,-117.27309756493183,-83.21661462016282,FLAT
2026-09-30T08:25:19.617201+00:00,2,PERP,DOT|HTX|OKX,DOT,HTX,OKX,19.326665654577635,1.8060559018942357,-6.955697009882682,14.55235280197846,-10.655060720260456,49.48176109865532,20.0,60.02032274041491,-89.7196864507927,-142.45778084895292,FLAT
2026-09-30T08:25:20.329541+00:00,2,PERP,DOT|HTX|MEXC,DOT,HTX,MEXC,18.915928641594082,1.8365707861463794,-7.43503444546807,14.34791584720433,-10.708401976936566,48.71156169154567,26.0,59.307284582610414,-94.5806521140789,-147.45388071962415,FLAT
2026-09-30T08:46:43.556353+00:00,0,PERP,OP|GATE|OKX,OP,GATE,OKX,2.7739377786928365,0.13845658842047645,1.8468629254715805,6.695779982718037,-9.915977089494099,15.48989149143809,20.0,25.398796425247983,-63.161636440213655,-65.0418249912145,FLAT
2026-09-30T08:46:43.889438+00:00,0,PERP,OP|BITGET|GATE,OP,BITGET,GATE,-6.65956158980463,-0.3448873887727857,-3.247183923304229,9.894179310651745,-24.279530141680937,10.984787506658211,21.999999999999996,35.287800920822946,-84.32014713919966,-77.51977235078539,FLAT
2026-09-30T08:46:44.216093+00:00,0,SPOT,ICP|GATE|HTX,ICP,GATE,HTX,6.0395341744023945,0.5499234141392596,-5.897620293624352,21.706939841270056,-45.84925440132892,57.966915287830375,60.0,103.75349306609215,-209.7051271737967,-233.61802864754688,FLAT
2026-09-30T08:46:44.962070+00:00,0,PERP,ICP|HTX|MEXC,ICP,HTX,MEXC,-39.89344030384645,-0.26284748635332833,-35.00296274905987,18.60576116833256,-54.66052934407384,-25.086722446624464,26.0,29.692206220582698,-81.34977281559667,-71.6084465230181,FLAT
2026-09-30T08:46:45.462270+00:00,0,PERP,ICP|BITGET|HTX,ICP,BITGET,HTX,36.94057582048327,0.5413682308065577,27.19790119778861,17.99639149157225,16.460000167632938,57.43810670908012,21.999999999999996,40.82728119832825,-79.56518222848392,-99.06748670961976,FLAT
2026-09-30T08:46:45.933248+00:00,0,PERP,DOT|GATE|HTX,DOT,GATE,HTX,-16.030593827639493,-1.3682131113758693,6.516991694956654,16.479585917666284,-48.54961125773105,16.515276630884035,20.0,65.16934713946081,-146.23595009214853,-101.16763207538818,FLAT
2026-09-30T08:46:46.401010+00:00,0,PERP,ICP|GATE|HTX,ICP,GATE,HTX,41.49335751593153,0.39214884734846495,34.162880339036704,18.693098874216336,22.251535293489333,60.74631183106804,20.0,38.335705604523454,-76.24705065007083,-90.91913709655479,FLAT
2026-09-30T08:46:46.915768+00:00,0,PERP,ICP|HTX|OKX,ICP,HTX,OKX,-38.44200373834816,-0.2202889814284618,-34.635468205759906,17.27973640762608,-57.50431282346202,-19.31754183496892,20.0,38.33403353456143,-87.20287815226354,-79.65195990535241,FLAT
2026-09-30T08:46:47.506147+00:00,0,PERP,DOT|BITGET|HTX,DOT,BITGET,HTX,-13.273596709075797,-1.4863747969662349,8.028873120309278,14.331829275405152,-56.430412890909885,29.91882740690288,21.999999999999996,86.4639944333247,-178.92328044454388,-136.3539487199183,FLAT
2026-09-30T08:46:48.217531+00:00,0,PERP,APT|HTX|MEXC,APT,HTX,MEXC,-27.941062180848462,-2.00214860752997,-4.280233957400098,11.817718292469051,-55.98947150258881,0.2624285532504267,26.0,56.40908548689592,-140.11832303208462,-92.95174799754645,FLAT
2026-09-30T08:46:48.744890+00:00,0,PERP,DOT|HTX|OKX,DOT,HTX,OKX,25.24188646576553,2.1991530925627427,-6.5317387723114955,14.448118844263913,-9.060955518944702,59.7673212133909,20.0,68.65426055546473,-97.18347730209794,-160.95332054116713,FLAT
2026-09-30T08:46:49.476162+00:00,0,PERP,DOT|HTX|MEXC,DOT,HTX,MEXC,24.464645438766475,2.196894056668208,-7.0454253287089035,14.343008790903328,-8.237232289949326,57.37856260364937,26.0,65.45497640272517,-98.64678336396558,-161.87896433508342,FLAT
2026-09-30T08:46:59.861143+00:00,1,PERP,OP|GATE|OKX,OP,GATE,OKX,0.5183800294794594,-0.19840599592892333,1.8468629254715805,6.695779982718037,-12.782476502127826,13.848572041359475,20.0,26.6296358017973,-67.25897522939671,-64.6313449176852,FLAT
2026-09-30T08:47:00.191535+00:00,1,PERP,OP|BITGET|GATE,OP,BITGET,GATE,-7.384539967557613,-0.4181606088136328,-3.247183923304229,9.894179310651745,-22.169973810705066,7.412094961831706,21.999999999999996,29.603925668537933,-76.52671555593876,-68.26320455367386,FLAT
2026-09-30T08:47:00.514819+00:00,1,SPOT,ICP|GATE|HTX,ICP,GATE,HTX,9.830588655350692,0.7245705320043306,-5.897620293624352,21.706939841270056,-71.22466782411018,90.99015177035153,60.0,162.05544248423985,-293.3824900147257,-324.94321454821574,FLAT
2026-09-30T08:47:01.327865+00:00,1,PERP,ICP|HTX|MEXC,ICP,HTX,MEXC,-44.12121997763641,-0.490077086665824,-35.00296274905987,18.60576116833256,-60.275545350172436,-27.918986467030393,26.0,32.49988139045409,-89.77246399156667,-71.58385767248356,FLAT
2026-09-30T08:47:01.812835+00:00,1,PERP,ICP|BITGET|HTX,ICP,BITGET,HTX,43.936673556421724,0.9301182610120433,27.19790119778861,17.99639149157225,25.10306880485036,62.78517146158347,21.999999999999996,37.51725841690931,-67.61209080984756,-101.10452868070416,FLAT
2026-09-30T08:47:02.858247+00:00,1,PERP,DOT|GATE|HTX,DOT,GATE,HTX,-18.178413229755776,-1.4985452333628544,6.516991694956654,16.479585917666284,-52.81631705816858,16.488046166529546,20.0,69.43056520942467,-154.7638739625499,-105.40161968099756,FLAT
2026-09-30T08:47:04.033442+00:00,1,PERP,ICP|GATE|HTX,ICP,GATE,HTX,48.25179128478574,0.7536958446831988,34.162880339036704,18.693098874216336,30.892905980020036,65.61926610806124,20.0,34.559601734456656,-63.82957609347332,-92.0159875034812,FLAT
2026-09-30T08:47:04.557196+00:00,1,PERP,ICP|HTX|OKX,ICP,HTX,OKX,-44.12121997763641,-0.5489523421022874,-34.635468205759906,17.27973640762608,-60.275545350172436,-27.918986467030393,20.0,32.49988139045409,-84.13995853486662,-65.2163631291836,FLAT
2026-09-30T08:47:05.024221+00:00,1,PERP,DOT|BITGET|HTX,DOT,BITGET,HTX,-19.06443389192436,-1.8904290925882332,8.028873120309278,14.331829275405152,-54.41997229489126,16.339804337424102,21.999999999999996,70.89490022893614,-161.34374564413667,-107.20583144605096,FLAT
2026-09-30T08:47:05.737319+00:00,1,PERP,APT|HTX|MEXC,APT,HTX,MEXC,-14.751988248941084,-0.8861062713107831,-4.280233957400098,11.817718292469051,-42.96726905092862,13.620043262501103,26.0,56.670478326320385,-127.35751341984891,-106.57075554622159,FLAT
2026-09-30T08:47:06.342055+00:00,1,PERP,DOT|HTX|OKX,DOT,HTX,OKX,28.512801791402698,2.425543487111287,-6.5317387723114955,14.448118844263913,-3.0825447643245685,60.29696131289786,20.0,63.19874625471625,-85.74955224672931,-156.02744633992558,FLAT
2026-09-30T08:47:07.073060+00:00,1,PERP,DOT|HTX|MEXC,DOT,HTX,MEXC,19.06893633271567,1.8207031761694878,-7.0454253287089035,14.343008790903328,-21.297320121450582,59.75973880597118,26.0,80.9014889367907,-127.15338372953238,-179.70665307147078,FLAT
2026-09-30T08:47:17.464905+00:00,2,PERP,OP|GATE|OKX,OP,GATE,OKX,3.0583229337710627,0.18092888527196063,1.8468629254715805,6.695779982718037,-10.910600333485787,17.059377976782475,20.0,27.96138990144044,-66.71885316039781,-69.17390495275134,FLAT
2026-09-30T08:47:17.811258+00:00,2,PERP,OP|BITGET|GATE,OP,BITGET,GATE,-1.356326575162603,0.19110805340934053,-3.247183923304229,9.894179310651745,-18.021314150750143,15.32127643386172,21.999999999999996,33.34710876844496,-76.12123899589086,-79.9155691256109,FLAT
2026-09-30T08:47:18.133161+00:00,2,SPOT,ICP|GATE|HTX,ICP,GATE,HTX,34.882575507355625,1.878670881256469,-5.897620293624352,21.706939841270056,-81.34216037124719,151.26764495968726,60.0,231.8011128338988,-373.24565291152163,-454.9663780872104,FLAT
2026-09-30T08:47:18.876388+00:00,2,PERP,ICP|HTX|MEXC,ICP,HTX,MEXC,-39.75974549077388,-0.25566181886770467,-35.00296274905987,18.60576116833256,-51.620303986233964,-27.87430296061988,26.0,23.84076522476919,-72.45810646194329,-62.969425013209175,FLAT
2026-09-30T08:47:19.337712+00:00,2,PERP,ICP|BITGET|HTX,ICP,BITGET,HTX,39.91846027285639,0.7068394283945673,27.19790119778861,17.99639149157225,25.063150629029973,54.78662053056471,21.999999999999996,29.60528460796626,-59.74003517672489,-85.19400394074236,FLAT
2026-09-30T08:47:19.788717+00:00,2,PERP,DOT|GATE|HTX,DOT,GATE,HTX,-22.030859283073134,-1.7323160375908597,6.516991694956654,16.479585917666284,-60.35637190293763,16.326222951801306,20.0,76.85189318221316,-169.72525678010743,-112.66112443905782,FLAT
2026-09-30T08:47:20.238356+00:00,2,PERP,ICP|GATE|HTX,ICP,GATE,HTX,42.81305980010863,0.4627472159259398,34.162880339036704,18.693098874216336,30.842950658218626,54.78662053056471,20.0,23.84159620637265,-53.16152588719073,-70.46533639790066,FLAT
2026-09-30T08:47:20.767292+00:00,2,PERP,ICP|HTX|OKX,ICP,HTX,OKX,-38.31884525370533,-0.21316164558620423,-34.635468205759906,17.27973640762608,-51.60550458715441,-25.000491520551506,20.0,26.70731465498647,-69.67735103638097,-62.34229134019487,FLAT
2026-09-30T08:47:21.240215+00:00,2,PERP,DOT|BITGET|HTX,DOT,BITGET,HTX,-31.38370581856509,-2.7500033792971763,8.028873120309278,14.331829275405152,-70.81728906942253,8.082333056367297,21.999999999999996,79.1480045441338,-185.9941667338656,-107.20146448019182,FLAT
2026-09-30T08:47:21.973443+00:00,2,PERP,APT|HTX|MEXC,APT,HTX,MEXC,-19.6796390887366,-1.3030776965761584,-4.280233957400098,11.817718292469051,-41.67719120990121,2.412503679267708,26.0,44.17642957209651,-113.57338682459762,-82.86916720876431,FLAT
2026-09-30T08:47:22.488633+00:00,2,PERP,DOT|HTX|OKX,DOT,HTX,OKX,27.39651692299061,2.348281880915733,-6.5317387723114955,14.448118844263913,-9.843636751941665,64.90172114067549,20.0,74.54020381544107,-103.85210179507125,-171.97366372842805,FLAT
2026-09-30T08:47:23.218971+00:00,2,PERP,DOT|HTX|MEXC,DOT,HTX,MEXC,26.4579469305537,2.335867790899719,-7.0454253287089035,14.343008790903328,-9.865616586172132,63.040037313435434,26.0,72.71235518774536,-107.5325464452086,-174.7978178298897,FLAT
2026-09-30T09:01:13.037712+00:00,0,PERP,OP|GATE|OKX,OP,GATE,OKX,2.323791649869733,0.10395824070859126,1.621064871785535,6.759702485289593,-10.253177544602421,14.926737600080564,20.0,25.174038423840905,-63.04828084022886,-64.47971115213593,FLAT
2026-09-30T09:01:13.294235+00:00,0,PERP,OP|BITGET|GATE,OP,BITGET,GATE,-8.325132831328297,-0.529156481377543,-3.1049240308824504,9.865151395020572,-24.41960344725547,7.788020672523377,21.999999999999996,32.23444888914761,-81.54912830552061,-71.12739359255343,FLAT
2026-09-30T09:01:13.541303+00:00,0,SPOT,ICP|GATE|HTX,ICP,GATE,HTX,-5.205805615557946,0.03721471554363221,-6.019716168842979,21.870664370140577,-106.5510750553622,96.29556925968342,60.0,202.95217713875903,-369.4835360252782,-371.2674625672854,FLAT
2026-09-30T09:01:14.238147+00:00,0,PERP,ICP|HTX|MEXC,ICP,HTX,MEXC,-43.99293872251575,-0.47539372753498477,-35.13243098518167,18.638251251815323,-57.257371886630935,-30.69690011480941,26.0,26.677797634809536,-80.8027385362588,-63.1133285051818,FLAT
2026-09-30T09:01:14.692366+00:00,0,PERP,ICP|BITGET|HTX,ICP,BITGET,HTX,43.25717158469633,0.8853579493943153,27.28821837097376,18.036719752329706,26.96762459511115,59.560821572579584,21.999999999999996,32.452809201530926,-60.77340297739353,-92.72541240313674,FLAT
2026-09-30T09:01:15.132869+00:00,0,PERP,DOT|GATE|HTX,DOT,GATE,HTX,-14.790166387915749,-1.281211798910263,6.285344530907903,16.44966970859109,-52.3315355987608,22.781823841862003,20.0,75.22460540056801,-159.8414855302367,-117.72108471152211,FLAT
2026-09-30T09:01:15.602066+00:00,0,PERP,ICP|GATE|HTX,ICP,GATE,HTX,45.63337084347418,0.6027546892080256,34.33316214683891,18.747608104854233,30.791420229927535,60.48387096774243,20.0,29.557567133880614,-59.09930905079199,-81.70827595478414,FLAT
2026-09-30T09:01:16.096731+00:00,0,PERP,ICP|HTX|OKX,ICP,HTX,OKX,-46.85921396687331,-0.6928274815361898,-34.757914725295876,17.46654046508882,-60.12024048096198,-33.566590126291594,20.0,26.67862670336114,-78.04095245902724,-53.86995130236542,FLAT
2026-09-30T09:01:16.549410+00:00,0,PERP,DOT|BITGET|HTX,DOT,BITGET,HTX,-22.88488258883281,-2.129900795334115,7.907174733891498,14.45703827623295,-58.97021800100322,13.229862224648503,21.999999999999996,72.36567624670016,-167.2430689815949,-105.68836373745717,FLAT
2026-09-30T09:01:17.270090+00:00,0,PERP,APT|HTX|MEXC,APT,HTX,MEXC,-12.589145064038076,-0.730856216488478,-4.02290369793114,11.72082986071445,-48.03624341610191,23.106853606162936,26.0,71.23190109644325,-147.24524081461402,-130.36165840053732,FLAT
2026-09-30T09:01:17.737410+00:00,0,PERP,DOT|HTX|OKX,DOT,HTX,OKX,15.629385649797989,1.504250648393574,-6.310436757217958,14.585217184679973,-23.189067386963913,54.73555501596117,20.0,77.80196040113333,-120.68059103087928,-164.84795217431247,FLAT
2026-09-30T09:01:18.434515+00:00,0,PERP,DOT|HTX|MEXC,DOT,HTX,MEXC,23.612242721429144,2.098208520777673,-6.835461677016143,14.51128622200059,-8.32886769731589,55.75559827868615,26.0,63.93286786810342,-97.42627388840316,-158.5239278238057,FLAT
2026-09-30T09:01:28.687814+00:00,1,PERP,OP|GATE|OKX,OP,GATE,OKX,3.0093699506505978,0.20537961276939043,1.621064871785535,6.759702485289593,-8.514230070090223,14.555524329826763,20.0,23.062791902146483,-59.19808684402224,-61.99725136018772,FLAT
2026-09-30T09:01:28.942052+00:00,1,PERP,OP|BITGET|GATE,OP,BITGET,GATE,-9.404743899121826,-0.6385933287774179,-3.1049240308824504,9.865151395020572,-24.812731323888837,6.021115823671153,21.999999999999996,30.862862519995534,-80.57066981300191,-67.98890237454913,FLAT
2026-09-30T09:01:29.289542+00:00,1,SPOT,ICP|GATE|HTX,ICP,GATE,HTX,58.98502410471629,2.9722343671602616,-6.019716168842979,21.870664370140577,-135.2179815064547,253.4601271194803,60.0,386.3987442176704,-581.597009555282,-711.8785875059937,FLAT
2026-09-30T09:01:30.045440+00:00,1,PERP,ICP|HTX|MEXC,ICP,HTX,MEXC,-41.12666347815708,-0.3216091687996524,-35.13243098518167,18.638251251815323,-54.39450329229767,-27.827210103327225,26.0,26.67696904348708,-77.93904135060308,-65.98218992534152,FLAT
2026-09-30T09:01:30.499289+00:00,1,PERP,ICP|BITGET|HTX,ICP,BITGET,HTX,43.17019231628638,0.8805356053315201,27.28821837097376,18.036719752329706,25.868948084775134,60.48387096774243,21.999999999999996,34.46612748108261,-63.88539776728123,-95.66178007785129,FLAT
2026-09-30T09:01:30.933655+00:00,1,PERP,DOT|GATE|HTX,DOT,GATE,HTX,-8.406085250436401,-0.893113967733436,6.285344530907903,16.44966970859109,-41.1288985043945,24.343440504135394,20.0,65.52741101023537,-138.94165404553777,-109.58550698346286,FLAT
2026-09-30T09:01:31.375896+00:00,1,PERP,ICP|GATE|HTX,ICP,GATE,HTX,54.893290492237234,1.0966800794216935,34.33316214683891,18.747608104854233,40.60649646271841,69.1842029403289,20.0,28.421689876227752,-48.14835556034825,-89.27273066971775,FLAT
2026-09-30T09:01:31.890902+00:00,1,PERP,ICP|HTX|OKX,ICP,HTX,OKX,-54.59360821277293,-1.1356395118497316,-34.757914725295876,17.46654046508882,-68.70884626395623,-40.44227455485161,20.0,28.421689876227752,-88.3726214148881,-48.73733004667202,FLAT
2026-09-30T09:01:32.357456+00:00,1,PERP,DOT|BITGET|HTX,DOT,BITGET,HTX,-16.552513228219603,-1.6918878884288688,7.907174733891498,14.45703827623295,-49.245337869917584,16.166977665226234,21.999999999999996,65.52075798559754,-150.67327058940663,-101.78056091693227,FLAT
2026-09-30T09:01:33.061561+00:00,1,PERP,APT|HTX|MEXC,APT,HTX,MEXC,-17.609981389239415,-1.1592248887469192,-4.02290369793114,11.72082986071445,-49.27156211608663,14.24969947009913,26.0,63.632700850382825,-140.88135926853832,-113.9053040184131,FLAT
2026-09-30T09:01:33.536753+00:00,1,PERP,DOT|HTX|OKX,DOT,HTX,OKX,13.92553316258871,1.3874301399544557,-6.310436757217958,14.585217184679973,-16.641749423895735,44.66867697070276,20.0,61.2246633508885,-97.55597601756628,-138.20377707880922,FLAT
2026-09-30T09:01:34.271100+00:00,1,PERP,DOT|HTX|MEXC,DOT,HTX,MEXC,16.98829721444861,1.6417399896189426,-6.835461677016143,14.51128622200059,-12.069162052117388,46.21293131147341,26.0,58.182771222655944,-95.4164715977572,-143.23116421114548,FLAT
2026-09-30T09:01:44.537867+00:00,2,PERP,OP|GATE|OKX,OP,GATE,OKX,2.534650967611629,0.1351518203373939,1.621064871785535,6.759702485289593,-7.987734068832797,13.07544356253354,20.0,21.05782412118168,-56.66662306180001,-58.51220281192968,FLAT
2026-09-30T09:01:44.783504+00:00,2,PERP,OP|BITGET|GATE,OP,BITGET,GATE,-10.385923369676808,-0.7380524684567372,-3.1049240308824504,9.865151395020572,-24.9206032773297,4.165264166189342,21.999999999999996,29.11609783073543,-78.93177707718267,-64.38628602780722,FLAT
2026-09-30T09:01:45.139844+00:00,2,SPOT,ICP|GATE|HTX,ICP,GATE,HTX,-13.999441198805362,-0.36485974522369263,-6.019716168842979,21.870664370140577,-136.44296300516444,108.64029560204935,60.0,245.4266851611712,-441.8499319974927,-426.08669693206355,FLAT
2026-09-30T09:01:45.856260+00:00,2,PERP,ICP|HTX|MEXC,ICP,HTX,MEXC,-56.063302489487434,-1.1230061888057843,-35.13243098518167,18.638251251815323,-74.43458345261944,-37.62921529175234,26.0,37.01276677964911,-108.31491924708688,-66.51598247307845,FLAT
2026-09-30T09:01:46.312027+00:00,2,PERP,ICP|BITGET|HTX,ICP,BITGET,HTX,53.48003857425843,1.4521387792756282,27.28821837097376,18.036719752329706,31.985886913439288,74.9927891548885,21.999999999999996,42.778116665153675,-66.08044812268815,-118.48268744906841,FLAT
2026-09-30T09:01:46.746757+00:00,2,PERP,DOT|GATE|HTX,DOT,GATE,HTX,-8.406085250436401,-0.893113967733436,6.285344530907903,16.44966970859109,-41.1288985043945,24.343440504135394,20.0,65.52741101023537,-138.94165404553777,-109.58550698346286,FLAT
2026-09-30T09:01:47.186417+00:00,2,PERP,ICP|GATE|HTX,ICP,GATE,HTX,54.8074516927266,1.0921014260259887,34.33316214683891,18.747608104854233,31.72860149942558,77.89959607616525,20.0,45.91931866494497,-74.5238793123583,-115.4857525942713,FLAT
2026-09-30T09:01:47.643988+00:00,2,PERP,ICP|HTX|OKX,ICP,HTX,OKX,-55.55605488301363,-1.190741818580958,-34.757914725295876,17.46654046508882,-77.29745204694937,-33.73155479365786,20.0,43.809124947594924,-112.34866226924842,-70.83548487923295,FLAT
2026-09-30T09:01:48.093047+00:00,2,PERP,DOT|BITGET|HTX,DOT,BITGET,HTX,-8.406085250436401,-1.1283957109767453,7.907174733891498,14.45703827623295,-41.1288985043945,24.343440504135394,21.999999999999996,65.52741101023537,-142.56348424852138,-109.96367678047926,FLAT
2026-09-30T09:01:48.810484+00:00,2,PERP,APT|HTX|MEXC,APT,HTX,MEXC,-15.094733510534475,-0.9446284899769415,-4.02290369793114,11.72082986071445,-46.76413401027979,16.77281604844927,26.0,63.632383489710044,-138.37361380205868,-116.42810323609044,FLAT
2026-09-30T09:01:49.288550+00:00,2,PERP,DOT|HTX|OKX,DOT,HTX,OKX,12.694582000187804,1.3030329625374562,-6.310436757217958,14.585217184679973,-18.201441636238602,43.76835818771907,20.0,61.8907222782941,-99.78172715731475,-137.96951722323115,FLAT
2026-09-30T09:01:49.988783+00:00,2,PERP,DOT|HTX|MEXC,DOT,HTX,MEXC,13.721577293626108,1.4166241817679597,-6.835461677016143,14.51128622200059,-15.326538599348405,42.93681426229323,26.0,58.18303719172431,-98.67411411405658,-139.95531313103368,FLAT
2026-09-30T09:23:55.392405+00:00,0,PERP,OP|GATE|OKX,OP,GATE,OKX,3.2791053195180275,0.22275488520850623,1.7991661091862652,6.643801364654644,-7.553470452105193,14.130467325361717,20.0,21.67681344627766,-57.029450007569125,-60.00811466245312,FLAT
2026-09-30T09:23:55.726113+00:00,0,PERP,OP|BITGET|GATE,OP,BITGET,GATE,-7.825137724677411,-0.47368622923439235,-3.157185222633255,9.854524396009687,-20.007758174107604,4.366714051751153,21.999999999999996,24.39355702401441,-69.24412997548876,-59.91745629839881,FLAT
2026-09-30T09:23:56.048068+00:00,0,SPOT,ICP|GATE|HTX,ICP,GATE,HTX,-33.39354192185784,-1.2562861528291112,-6.096953109719962,21.72800261362982,-158.45571868675856,91.82470542359766,60.0,251.11890174469545,-469.47766732173403,-415.04056027801306,FLAT
2026-09-30T09:23:56.814046+00:00,0,PERP,ICP|HTX|MEXC,ICP,HTX,MEXC,-36.0542255552343,-0.049347798995632096,-35.134503670439905,18.637546223202346,-57.57052389176786,-14.450867052021588,26.0,43.27550755311401,-97.71152777444198,-95.95914417153233,FLAT
2026-09-30T09:23:57.294809+00:00,0,PERP,ICP|BITGET|HTX,ICP,BITGET,HTX,32.09949769535703,0.27101934437388325,27.209694826948414,18.042265136849107,9.083796355222606,55.12789808917118,21.999999999999996,45.89677189914521,-92.02267037087101,-101.81497516136798,FLAT
2026-09-30T09:23:57.748606+00:00,0,PERP,DOT|GATE|HTX,DOT,GATE,HTX,9.386467999734638,0.1805658421172785,6.4324697125697465,16.359673859279837,-24.834271142729627,43.634961188541155,20.0,68.4050129346584,-125.67175378995778,-131.60750441062982,FLAT
2026-09-30T09:23:58.200059+00:00,0,PERP,ICP|GATE|HTX,ICP,GATE,HTX,37.637521713955735,0.1782073024692215,34.29511748702366,18.755708551894767,14.471780028941783,60.816681146831364,20.0,46.17112057786023,-91.9944580359421,-98.69268423766792,FLAT
2026-09-30T09:23:58.694625+00:00,0,PERP,ICP|HTX|OKX,ICP,HTX,OKX,-34.61205653302546,0.003869607525783598,-34.679797520895406,17.50590658576643,-57.57052389176786,-11.560693641619046,20.0,46.16944463344075,-95.0601710043132,-95.28854851271711,FLAT
2026-09-30T09:23:59.158790+00:00,0,PERP,DOT|BITGET|HTX,DOT,BITGET,HTX,1.278419017958221,-0.462110943706359,7.941821049769004,14.419485455953483,-32.9113284130611,35.495872889361735,21.999999999999996,68.39844589329456,-137.25159535612465,-123.9524977328873,FLAT
2026-09-30T09:23:59.891977+00:00,0,PERP,APT|HTX|MEXC,APT,HTX,MEXC,-23.956299052356744,-1.514038888083375,-4.642509106000654,12.756468871684964,-50.59207980335767,2.817147999498726,26.0,53.53712810273603,-131.48669880009305,-92.99678520823541,FLAT
2026-09-30T09:24:00.394333+00:00,0,PERP,DOT|HTX|OKX,DOT,HTX,OKX,-7.724754433408032,-0.09000474597720874,-6.424593663558665,14.445469022029103,-39.79975544870729,24.54423728677435,20.0,64.3931499999973,-123.76831178514593,-121.36198095033032,FLAT
2026-09-30T09:24:01.102864+00:00,0,PERP,DOT|HTX|MEXC,DOT,HTX,MEXC,-4.92299013956643,0.14390439166107227,-6.983549525049344,14.318947196107828,-35.37032284100072,25.708489073035246,26.0,61.10834030639356,-121.49511362234493,-125.80037890447815,FLAT
2026-09-30T09:24:11.515548+00:00,1,PERP,OP|GATE|OKX,OP,GATE,OKX,3.217557195405174,0.21349089299460705,1.7991661091862652,6.643801364654644,-7.510455041233044,13.963790715907365,20.0,21.46732306207478,-56.776944212494094,-59.63194766879588,FLAT
2026-09-30T09:24:11.848739+00:00,1,PERP,OP|BITGET|GATE,OP,BITGET,GATE,-8.03394701009763,-0.49487540864367674,-3.157185222633255,9.854524396009687,-20.252345859649303,4.193638605507477,21.999999999999996,24.465636575564947,-69.560797212581,-59.816460403705676,FLAT
2026-09-30T09:24:12.172908+00:00,1,SPOT,ICP|GATE|HTX,ICP,GATE,HTX,-45.84807630360177,-1.82948814489493,-6.096953109719962,21.72800261362982,-169.2378717648524,77.72080413273929,60.0,248.09601855094064,-477.2369372060731,-397.9137757933999,FLAT
2026-09-30T09:24:13.074165+00:00,1,PERP,ICP|HTX|MEXC,ICP,HTX,MEXC,-40.38073262186303,-0.28148710611335553,-35.134503670439905,18.637546223202346,-63.32757628094377,-17.341040462427458,26.0,46.17279749298988,-106.36587010349373,-95.96626070100231,FLAT
2026-09-30T09:24:13.544582+00:00,1,PERP,ICP|BITGET|HTX,ICP,BITGET,HTX,36.66806530005617,0.5242340915271331,27.209694826948414,18.042265136849107,12.538088541667047,60.816681146831364,21.999999999999996,48.10220393361396,-90.77381021889532,-109.7091902534969,FLAT
2026-09-30T09:24:14.005429+00:00,1,PERP,DOT|GATE|HTX,DOT,GATE,HTX,-4.475187681328707,-0.6667405162060251,6.4324697125697465,16.359673859279837,-25.02223051818797,16.088532950038203,20.0,41.12916277464638,-98.58386300540408,-76.78522601211483,FLAT
2026-09-30T09:24:14.530128+00:00,1,PERP,ICP|GATE|HTX,ICP,GATE,HTX,40.544454097886096,0.33319650886935465,34.29511748702366,18.755708551894767,17.371163867978545,63.73117033603659,20.0,46.17279749298988,-89.09675111203498,-101.6088503420028,FLAT
2026-09-30T09:24:15.045842+00:00,1,PERP,ICP|HTX|OKX,ICP,HTX,OKX,-38.938563599654195,-0.24327595134213015,-34.679797520895406,17.50590658576643,-60.44905008635859,-17.341040462427458,20.0,43.27634576794989,-95.04559833341307,-86.61510282641784,FLAT
2026-09-30T09:24:15.516080+00:00,1,PERP,DOT|BITGET|HTX,DOT,BITGET,HTX,-4.475187681328707,-0.8611270332098436,7.941821049769004,14.419485455953483,-25.02223051818797,16.088532950038203,21.999999999999996,41.12916277464638,-102.09321434260335,-77.27587467491557,FLAT
2026-09-30T09:24:16.307895+00:00,1,PERP,APT|HTX|MEXC,APT,HTX,MEXC,-24.840542967345947,-1.5833561830090834,-4.642509106000654,12.756468871684964,-51.10944901520642,1.5641331995475127,26.0,52.80440125689211,-131.27134116609787,-91.01104356244028,FLAT
2026-09-30T09:24:16.796934+00:00,1,PERP,DOT|HTX|OKX,DOT,HTX,OKX,5.820334079749134,0.8476656399757242,-6.424593663558665,14.445469022029103,-11.760063005783472,23.458869826815665,20.0,35.19835024279288,-66.53381958501768,-91.08181373316721,FLAT
2026-09-30T09:24:17.629613+00:00,1,PERP,DOT|HTX|MEXC,DOT,HTX,MEXC,8.941663888768492,1.1121776758941204,-6.983549525049344,14.318947196107828,-9.579614262562597,27.52419221075053,26.0,37.07055811575625,-71.66662285326952,-103.57829985155612,FLAT
2026-09-30T09:24:27.991070+00:00,2,PERP,OP|GATE|OKX,OP,GATE,OKX,4.234412725381276,0.3665441638804322,1.7991661091862652,6.643801364654644,-7.28982369650244,15.77924637310213,20.0,23.059287425353975,-58.14827723104268,-63.03936768926984,FLAT
2026-09-30T09:24:28.454020+00:00,2,PERP,OP|BITGET|GATE,OP,BITGET,GATE,-6.511465293235208,-0.3403797013238076,-3.157185222633255,9.854524396009687,-20.04986477635251,7.03946295899982,21.999999999999996,27.10697255191495,-71.9996521056342,-65.30362073354803,FLAT
2026-09-30T09:24:28.780063+00:00,2,SPOT,ICP|GATE|HTX,ICP,GATE,HTX,-31.662986809684046,-1.1766398483368505,-6.096953109719962,21.72800261362982,-121.74577121178865,58.51995777993446,60.0,180.83826128838126,-362.48707939044994,-311.4551721780357,FLAT
2026-09-30T09:24:29.553915+00:00,2,PERP,ICP|HTX|MEXC,ICP,HTX,MEXC,-31.713997405217185,0.1835277146604442,-35.134503670439905,18.637546223202346,-57.520851308598964,-5.780346820808413,26.0,51.90480464037994,-106.29115227853902,-113.25896149001144,FLAT
2026-09-30T09:24:30.032280+00:00,2,PERP,ICP|BITGET|HTX,ICP,BITGET,HTX,30.8660106448988,0.20265281494410647,27.209694826948414,18.042265136849107,3.891298063023463,57.85363031530322,21.999999999999996,53.79628150531142,-105.11467826923636,-112.44021699366621,FLAT
2026-09-30T09:24:30.480194+00:00,2,PERP,DOT|GATE|HTX,DOT,GATE,HTX,-0.590344454706182,-0.42927592736161535,6.4324697125697465,16.359673859279837,-32.414910858995505,31.26003262793109,20.0,63.67869226083849,-128.52607283240374,-114.50625517619983,FLAT
2026-09-30T09:24:30.933373+00:00,2,PERP,ICP|GATE|HTX,ICP,GATE,HTX,36.16898148147918,0.09990899513450878,34.29511748702366,18.755708551894767,8.678044547296704,63.67583212735006,20.0,54.799578481463264,-106.41665142119022,-110.18029312178967,FLAT
2026-09-30T09:24:31.460634+00:00,2,PERP,ICP|HTX|OKX,ICP,HTX,OKX,-35.25158387739591,-0.03266248187142773,-34.679797520895406,17.50590658576643,-61.70268546376256,-8.670520231214285,20.0,53.219453747775745,-106.2423416906429,-105.22873103745687,FLAT
2026-09-30T09:24:31.943995+00:00,2,PERP,DOT|BITGET|HTX,DOT,BITGET,HTX,3.639282555101264,-0.29838363565818626,7.941821049769004,14.419485455953483,-32.414910858995505,39.7227170019776,21.999999999999996,72.11137264205328,-140.4681045508178,-131.89226859426188,FLAT
2026-09-30T09:24:32.667698+00:00,2,PERP,APT|HTX|MEXC,APT,HTX,MEXC,-21.091187787105614,-1.2894382329905927,-4.642509106000654,12.756468871684964,-47.369733233606496,5.323177599396711,26.0,52.80393050831986,-127.5311546359257,-94.76961721371723,FLAT
2026-09-30T09:24:33.143691+00:00,2,PERP,DOT|HTX|OKX,DOT,HTX,OKX,4.392021987267292,0.7487895086224472,-6.424593663558665,14.445469022029103,-21.932483241123848,30.84566743034145,20.0,52.7546647200005,-94.26255429756569,-116.02492581390062,FLAT
2026-09-30T09:24:33.861257+00:00,2,PERP,DOT|HTX|MEXC,DOT,HTX,MEXC,13.465571567179424,1.4281162443134956,-6.983549525049344,14.318947196107828,-3.0965380875203063,30.081300813007417,26.0,33.13313658228691,-61.24612514475787,-102.19798692034367,FLAT
2026-09-30T09:45:50.882368+00:00,0,PERP,OP|GATE|OKX,OP,GATE,OKX,3.028343509381415,0.18669937981050794,1.7884268657922253,6.6412467189106525,-9.524340598199288,15.605573810271167,20.0,25.122282542311805,-62.43505000630332,-64.93942948679074,FLAT
2026-09-30T09:45:51.255448+00:00,0,PERP,OP|BITGET|GATE,OP,BITGET,GATE,-8.797426209814496,-0.5653344436398265,-3.219062552774534,9.867369164922007,-23.33345189229785,5.752526049365159,21.999999999999996,29.11158197294216,-77.22597131246548,-66.08317057508185,FLAT
2026-09-30T09:45:51.541116+00:00,0,SPOT,ICP|GATE|HTX,ICP,GATE,HTX,11.711175517539196,0.8248077231867924,-6.339855769857097,21.885138535867362,-57.80605743488487,81.33155723810015,60.0,138.97478239739706,-256.44098406242483,-292.6461954053543,FLAT
2026-09-30T09:45:52.272425+00:00,0,PERP,ICP|HTX|MEXC,ICP,HTX,MEXC,-53.595806234151276,-0.9723476195694655,-35.417735940810836,18.695032442604525,-69.40427993059495,-37.7415456130159,26.0,31.83328114270225,-97.81982513248636,-61.50947147049718,FLAT
2026-09-30T09:45:52.763438+00:00,0,PERP,ICP|BITGET|HTX,ICP,BITGET,HTX,48.731594186186555,1.1661219814310404,27.535127914086974,18.17688596015292,32.73942205322733,64.7341978457061,21.999999999999996,31.839612881999802,-54.63531874285944,-97.03868281361893,FLAT
2026-09-30T09:45:53.215657+00:00,0,PERP,DOT|GATE|HTX,DOT,GATE,HTX,-7.599516954513996,-0.8338020800301819,6.197659366745501,16.547303792717894,-31.28302464357691,16.103059581320522,20.0,47.42211506806523,-110.90279907838764,-83.32751528264026,FLAT
2026-09-30T09:45:53.672078+00:00,0,PERP,ICP|GATE|HTX,ICP,GATE,HTX,54.229713685443045,1.0435860103359704,34.58057596917762,18.82847941775265,38.57920052939168,69.8893418753621,20.0,31.141260528169788,-53.142635967955734,-92.45002643435427,FLAT
2026-09-30T09:45:54.185980+00:00,0,PERP,ICP|HTX|OKX,ICP,HTX,OKX,-52.48946076686245,-0.9990090621682819,-35.00297369747419,17.503832278993563,-66.5124349334889,-38.43093704670619,20.0,28.229628681818053,-85.73908991783277,-50.801665332586055,FLAT
2026-09-30T09:45:54.662635+00:00,0,PERP,DOT|BITGET|HTX,DOT,BITGET,HTX,-7.957089562733444,-1.1010224016609178,7.931145438406907,14.430437543480116,-31.997882190982764,16.103059581320522,21.999999999999996,48.139238806427294,-116.06826643581695,-84.31115294934091,FLAT
2026-09-30T09:45:55.393471+00:00,0,PERP,APT|HTX|MEXC,APT,HTX,MEXC,-25.380674979900153,-1.835339813433695,-4.018783440833967,11.639202387867735,-55.83522083626558,5.2556662145719635,26.0,61.24579201516875,-145.06222941060037,-102.52024167057468,FLAT
2026-09-30T09:45:55.885236+00:00,0,PERP,DOT|HTX|OKX,DOT,HTX,OKX,2.920334996225904,0.6431127401934572,-6.391584370661787,14.479450934351787,-18.383279218343596,24.309528970727357,20.0,42.68017260021228,-80.67186744789409,-99.38128594160142,FLAT
2026-09-30T09:45:56.622773+00:00,0,PERP,DOT|HTX|MEXC,DOT,HTX,MEXC,5.144281505149451,0.8426806524787528,-6.950477668185711,14.352719666410186,-15.273311897106012,25.643895391074256,26.0,40.89600481810641,-81.2188390470267,-105.49037787736637,FLAT
2026-09-30T09:46:06.935756+00:00,1,PERP,OP|GATE|OKX,OP,GATE,OKX,1.552744084261093,-0.03548773167243377,1.7884268657922253,6.6412467189106525,-12.163249670842369,15.298274194244232,20.0,27.45722869219646,-67.40890522883106,-66.96707602064846,FLAT
2026-09-30T09:46:07.240766+00:00,1,PERP,OP|BITGET|GATE,OP,BITGET,GATE,-5.685995607305205,-0.2500091983282122,-3.219062552774534,9.867369164922007,-20.167047774903857,8.805879469238054,21.999999999999996,28.989406565056104,-73.93739178718542,-69.0143485870687,FLAT
2026-09-30T09:46:07.554185+00:00,1,SPOT,ICP|GATE|HTX,ICP,GATE,HTX,-2.668136977634905,0.1677722435343347,-6.339855769857097,21.885138535867362,-62.127995956658964,56.87105252804692,60.0,119.03075463492843,-240.81889482173028,-248.24166293283244,FLAT
2026-09-30T09:46:08.291776+00:00,1,PERP,ICP|HTX|MEXC,ICP,HTX,MEXC,-48.52037971352363,-0.7008623179948535,-35.417735940810836,18.695032442604525,-63.62058993637842,-33.378617886178354,26.0,30.389365313913288,-90.59221930948087,-64.42848336854577,FLAT
2026-09-30T09:46:08.816209+00:00,1,PERP,ICP|BITGET|HTX,ICP,BITGET,HTX,44.65265476604196,0.941719439153646,27.535127914086974,18.17688596015292,28.218888086366523,61.09979633401208,21.999999999999996,32.73473353164877,-60.05097335936922,-94.29940195157388,FLAT
2026-09-30T09:46:09.266291+00:00,1,PERP,DOT|GATE|HTX,DOT,GATE,HTX,-7.957089562733444,-0.8554111960951692,6.197659366745501,16.547303792717894,-31.997882190982764,16.103059581320522,20.0,48.139238806427294,-112.33478036415556,-84.04463902100233,FLAT
2026-09-30T09:46:09.774465+00:00,1,PERP,ICP|GATE|HTX,ICP,GATE,HTX,48.74518256044125,0.7522968943476319,34.58057596917762,18.82847941775265,33.471300875198565,64.0279394644927,20.0,30.40840966343393,-57.51768475741299,-85.855773158749,FLAT
2026-09-30T09:46:10.285190+00:00,1,PERP,ICP|HTX|OKX,ICP,HTX,OKX,-48.12069807206054,-0.749420136430866,-35.00297369747419,17.503832278993563,-62.85542980447478,-33.34967517401366,20.0,29.64838006800796,-83.50083617500854,-57.30167859146849,FLAT
2026-09-30T09:46:10.761584+00:00,1,PERP,DOT|BITGET|HTX,DOT,BITGET,HTX,-7.957089562733444,-1.1010224016609178,7.931145438406907,14.430437543480116,-31.997882190982764,16.103059581320522,21.999999999999996,48.139238806427294,-116.06826643581695,-84.31115294934091,FLAT
2026-09-30T09:46:11.506781+00:00,1,PERP,APT|HTX|MEXC,APT,HTX,MEXC,-23.557554732320796,-1.678703629370111,-4.018783440833967,11.639202387867735,-54.17335602223572,7.2410044937343265,26.0,61.5588342223284,-143.71340680373015,-104.8186221568967,FLAT
2026-09-30T09:46:12.092001+00:00,1,PERP,DOT|HTX|OKX,DOT,HTX,OKX,10.41790820268007,1.1609205797619135,-6.391584370661787,14.479450934351787,-11.699098109425599,32.62376179072879,20.0,44.276554893132385,-75.5840686318962,-109.29190105452297,FLAT
2026-09-30T09:46:12.858191+00:00,1,PERP,DOT|HTX|MEXC,DOT,HTX,MEXC,9.97710086585668,1.1793986733857957,-6.950477668185711,14.352719666410186,-10.450160771704464,30.486421825814958,26.0,40.89561613699592,-76.39529924051467,-110.3325156309966,FLAT
2026-09-30T09:46:23.183260+00:00,2,PERP,OP|GATE|OKX,OP,GATE,OKX,1.6453936253735257,-0.02153710688257053,1.7884268657922253,6.6412467189106525,-11.874505147135839,15.195320116592193,20.0,27.06533864134328,-66.72827065427134,-66.47223189214324,FLAT
2026-09-30T09:46:23.492609+00:00,2,PERP,OP|BITGET|GATE,OP,BITGET,GATE,-8.625255283766231,-0.5478859299407218,-3.219062552774534,9.867369164922007,-23.42404856281899,6.1845654120396,21.999999999999996,29.634170096032665,-77.83915610607711,-67.0377980608468,FLAT
2026-09-30T09:46:23.791846+00:00,2,SPOT,ICP|GATE|HTX,ICP,GATE,HTX,-5.649498467513725,0.03154457081511966,-6.339855769857097,21.885138535867362,-64.73184184799253,53.507384279094516,60.0,118.3060161022801,-242.69800218041553,-244.15325615123172,FLAT
2026-09-30T09:46:24.514488+00:00,2,PERP,ICP|HTX|MEXC,ICP,HTX,MEXC,-49.951449638168114,-0.7774104560651136,-35.417735940810836,18.695032442604525,-63.62058993637842,-36.24864269141437,26.0,27.509318871647718,-87.71217286721532,-58.67841212104419,FLAT
2026-09-30T09:46:25.007535+00:00,2,PERP,ICP|BITGET|HTX,ICP,BITGET,HTX,45.67015643808459,0.9976972163302854,27.535127914086974,18.17688596015292,29.843564352196594,61.5077055878932,21.999999999999996,31.520184269459204,-57.211747831349584,-93.49276194326544,FLAT
2026-09-30T09:46:25.463077+00:00,2,PERP,DOT|GATE|HTX,DOT,GATE,HTX,-4.042508062654937,-0.6188420517127939,6.197659366745501,16.547303792717894,-39.03845060144073,30.98158889490721,20.0,70.04834527576713,-141.28445524395335,-120.83227480392884,FLAT
2026-09-30T09:46:25.917779+00:00,2,PERP,ICP|GATE|HTX,ICP,GATE,HTX,48.740156731028605,0.752029967353628,34.58057596917762,18.82847941775265,33.461267413930074,64.0279394644927,20.0,30.418409657589155,-57.5377182128367,-85.86577315290424,FLAT
2026-09-30T09:46:26.433121+00:00,2,PERP,ICP|HTX|OKX,ICP,HTX,OKX,-47.056047761154794,-0.6885962954607122,-35.00297369747419,17.503832278993563,-60.72874493927127,-33.34967517401366,20.0,27.508472344393507,-79.23424358619059,-55.16177086785404,FLAT
2026-09-30T09:46:26.933310+00:00,2,PERP,DOT|BITGET|HTX,DOT,BITGET,HTX,-15.5061650776811,-1.6241579955887984,7.931145438406907,14.430437543480116,-39.03845060144073,8.045052292839916,21.999999999999996,47.1566171108993,-122.12621315074693,-75.2705239653323,FLAT
2026-09-30T09:46:27.655529+00:00,2,PERP,APT|HTX|MEXC,APT,HTX,MEXC,-17.76003628371159,-1.180600902446802,-4.018783440833967,11.639202387867735,-47.99505645460056,12.655468788858037,26.0,60.75789439420411,-136.7341674079707,-109.4321466238961,FLAT
2026-09-30T09:46:28.133247+00:00,2,PERP,DOT|HTX|OKX,DOT,HTX,OKX,16.137252619288223,1.5559179068386804,-6.391584370661787,14.479450934351787,-5.256204651492569,37.614553946763166,20.0,42.801524719393164,-67.66614500022395,-112.80766303681813,FLAT
2026-09-30T09:46:28.876089+00:00,2,PERP,DOT|HTX|MEXC,DOT,HTX,MEXC,17.616090038743426,1.7116315428651843,-6.950477668185711,14.352719666410186,-2.2676102893881556,37.57743002421377,26.0,39.77482134620753,-67.09195396740998,-116.30272903860701,FLAT
2026-09-30T10:01:45.672638+00:00,0,PERP,OP|GATE|OKX,OP,GATE,OKX,-1.8762973364794266,-0.5611154287358284,1.8584219772794757,6.6558841951166485,-15.58706938446508,11.865278376732569,20.0,27.4574650339449,-70.90295639568946,-63.46432143339799,FLAT
2026-09-30T10:01:46.005268+00:00,0,PERP,OP|BITGET|GATE,OP,BITGET,GATE,-3.7532369035198077,-0.0312256579106516,-3.4437069335926016,9.912680489003248,-20.064689303673777,12.573827993802578,21.999999999999996,32.6507644347042,-77.27174680478538,-76.66829936209938,FLAT
2026-09-30T10:01:46.341041+00:00,0,SPOT,ICP|GATE|HTX,ICP,GATE,HTX,-10.198765191058445,-0.1981261135441128,-5.852332265349093,21.93770850272909,-116.30618081449606,96.05465201554475,60.0,212.57753528826956,-389.03138383741657,-380.4845195691634,FLAT
2026-09-30T10:01:47.098347+00:00,0,PERP,ICP|HTX|MEXC,ICP,HTX,MEXC,-54.808057256340305,-1.0155604839188317,-35.62606019778449,18.88808924953103,-81.19411491584461,-28.28901983664034,26.0,53.19631952013861,-130.76437423819874,-92.53335988128276,FLAT
2026-09-30T10:01:47.583788+00:00,0,PERP,ICP|BITGET|HTX,ICP,BITGET,HTX,49.428283071917264,1.150751872850853,27.913951254774744,18.69589120358612,19.9712691125975,78.90998573868436,21.999999999999996,58.64881526003892,-94.59149740221616,-137.64484974394853,FLAT
2026-09-30T10:01:48.170707+00:00,0,PERP,DOT|GATE|HTX,DOT,GATE,HTX,-4.441989000739666,-0.6552385861372466,6.221010593439633,16.27346102591373,-32.94936589572139,24.09158525053634,20.0,57.06628789684023,-122.23666438600127,-100.93686255393695,FLAT
2026-09-30T10:01:48.647268+00:00,0,PERP,ICP|GATE|HTX,ICP,GATE,HTX,56.58101055121767,1.1233785471798095,34.95715048084129,19.248952300773496,28.369273731374545,84.80925994748478,20.0,56.12243497649079,-88.71031172595752,-131.97454444313428,FLAT
2026-09-30T10:01:49.142486+00:00,0,PERP,ICP|HTX|OKX,ICP,HTX,OKX,-54.808057256340305,-1.0867078827780674,-35.32958461616423,17.924294972795423,-81.19411491584461,-28.28901983664034,20.0,53.19631952013861,-125.060849819819,-86.2368842996625,FLAT
2026-09-30T10:01:49.615401+00:00,0,PERP,DOT|BITGET|HTX,DOT,BITGET,HTX,-3.8766388856714684,-0.8127396380981391,7.84270600973338,14.41955620969692,-31.82234432289821,24.09158525053634,21.999999999999996,55.93560471832026,-123.60065505095186,-100.18448395912323,FLAT
2026-09-30T10:01:50.328387+00:00,0,PERP,APT|HTX|MEXC,APT,HTX,MEXC,-19.575135716017876,-1.3088022518464688,-4.1723598850924395,11.768604316805748,-48.03617934446392,9.045592523366786,26.0,57.1932817800244,-133.05710123939588,-102.41123418848362,FLAT
2026-09-30T10:01:50.787349+00:00,0,PERP,DOT|HTX|OKX,DOT,HTX,OKX,1.2981110283449837,0.5305552259117833,-6.303837230300014,14.328288342802965,-24.011537584666122,26.729235162807896,20.0,50.73389610701468,-94.4415964613808,-109.7669685001226,FLAT
2026-09-30T10:01:51.445731+00:00,0,PERP,DOT|HTX|MEXC,DOT,HTX,MEXC,1.863668249382222,0.6105222246661948,-6.840121000076696,14.256302060449555,-22.42595402668357,26.269870355413172,26.0,48.6864717419772,-96.27230476858408,-113.79646309746707,FLAT
2026-09-30T10:02:01.941987+00:00,1,PERP,OP|GATE|OKX,OP,GATE,OKX,-2.5414727785755264,-0.661053381770548,1.8584219772794757,6.6558841951166485,-15.226698992060195,10.169689884917954,20.0,25.402818446139985,-68.48793941547966,-59.71408635377847,FLAT
2026-09-30T10:02:02.279429+00:00,1,PERP,OP|BITGET|GATE,OP,BITGET,GATE,-4.468845166837321,-0.10341685423856531,-3.4437069335926016,9.912680489003248,-22.834785582664942,13.921996198786868,21.999999999999996,36.77319828519904,-84.16427693427137,-82.1389014175785,FLAT
2026-09-30T10:02:02.600016+00:00,1,SPOT,ICP|GATE|HTX,ICP,GATE,HTX,-25.0253574516901,-0.8739757474649573,-5.852332265349093,21.93770850272909,-123.02439488482419,73.0940062762997,60.0,196.61035176941795,-379.782414388893,-341.55669031106675,FLAT
2026-09-30T10:02:03.256684+00:00,1,PERP,ICP|HTX|MEXC,ICP,HTX,MEXC,-51.89883041920695,-0.8615360720950901,-35.62606019778449,18.88808924953103,-78.29218224028045,-25.37246207701238,26.0,53.19546405600411,-127.86158609850008,-95.44906217677622,FLAT
2026-09-30T10:02:03.726040+00:00,1,PERP,ICP|BITGET|HTX,ICP,BITGET,HTX,46.49114194386961,0.9936509838873854,27.913951254774744,18.69589120358612,17.044020713792296,75.96293603524984,21.999999999999996,58.64625186745554,-97.51618240843798,-134.69523664793064,FLAT
2026-09-30T10:02:04.712285+00:00,1,PERP,DOT|GATE|HTX,DOT,GATE,HTX,-3.8766388856714684,-0.6204979667835677,6.221010593439633,16.27346102591373,-31.82234432289821,24.09158525053634,20.0,55.93560471832026,-119.97895963465811,-99.80617937541697,FLAT
2026-09-30T10:02:05.161819+00:00,1,PERP,ICP|GATE|HTX,ICP,GATE,HTX,53.63962973502723,0.970571227060249,34.95715048084129,19.248952300773496,25.437002013908305,81.85875987143154,20.0,56.120723547689046,-91.64087201462203,-129.0223329382793,FLAT
2026-09-30T10:02:05.708248+00:00,1,PERP,ICP|HTX|OKX,ICP,HTX,OKX,-51.89883041920695,-0.9244015359148392,-35.32958461616423,17.924294972795423,-78.29218224028045,-25.37246207701238,20.0,53.19546405600411,-122.15806168012034,-89.15258659515597,FLAT
2026-09-30T10:02:06.140475+00:00,1,PERP,DOT|BITGET|HTX,DOT,BITGET,HTX,-3.8766388856714684,-0.8127396380981391,7.84270600973338,14.41955620969692,-31.82234432289821,24.09158525053634,21.999999999999996,55.93560471832026,-123.60065505095186,-100.18448395912323,FLAT
2026-09-30T10:02:06.854401+00:00,1,PERP,APT|HTX|MEXC,APT,HTX,MEXC,-27.288541201428984,-1.9642245328382977,-4.1723598850924395,11.768604316805748,-56.7019022881865,2.2956578160071572,26.0,59.158500329940765,-143.68804273303482,-97.62651803104036,FLAT
2026-09-30T10:02:07.288774+00:00,1,PERP,DOT|HTX|OKX,DOT,HTX,OKX,2.343444932815242,0.6035111770666416,-6.303837230300014,14.328288342802965,-23.064923899238643,27.873763101278204,20.0,50.92646071309992,-93.68754738203855,-111.10406104467813,FLAT
2026-09-30T10:02:08.014505+00:00,1,PERP,DOT|HTX|MEXC,DOT,HTX,MEXC,3.4752474909915954,0.7235655114018403,-6.840121000076696,14.256302060449555,-20.81822375823772,27.88531704362107,26.0,48.68634195189683,-94.66444471005785,-115.41177999559459,FLAT
2026-09-30T10:02:18.390810+00:00,2,PERP,OP|GATE|OKX,OP,GATE,OKX,-2.1209354339257747,-0.597870590074999,1.8584219772794757,6.6558841951166485,-14.64407996918049,10.428031318994169,20.0,25.07740344876585,-67.57990539522581,-59.647012790480545,FLAT
2026-09-30T10:02:18.732552+00:00,2,PERP,OP|BITGET|GATE,OP,BITGET,GATE,-4.302380442221532,-0.08662374516978631,-3.4437069335926016,9.912680489003248,-21.116248456570787,12.534281348008935,21.999999999999996,33.66499832785712,-79.3375398508353,-77.64298660945866,FLAT
2026-09-30T10:02:19.056390+00:00,2,SPOT,ICP|GATE|HTX,ICP,GATE,HTX,-25.879688367658193,-0.9129192367478882,-5.852332265349093,21.93770850272909,-124.31346610431326,72.6838004068675,60.0,197.50832649812094,-381.96946033708514,-342.0444591703375,FLAT
2026-09-30T10:02:20.002369+00:00,2,PERP,ICP|HTX|MEXC,ICP,HTX,MEXC,-51.89883041920695,-0.8615360720950901,-35.62606019778449,18.88808924953103,-78.29218224028045,-25.37246207701238,26.0,53.19546405600411,-127.86158609850008,-95.44906217677622,FLAT
2026-09-30T10:02:20.428977+00:00,2,PERP,ICP|BITGET|HTX,ICP,BITGET,HTX,46.49114194386961,0.9936509838873854,27.913951254774744,18.69589120358612,17.044020713792296,75.96293603524984,21.999999999999996,58.64625186745554,-97.51618240843798,-134.69523664793064,FLAT
2026-09-30T10:02:20.825819+00:00,2,PERP,DOT|GATE|HTX,DOT,GATE,HTX,-3.8766388856714684,-0.6204979667835677,6.221010593439633,16.27346102591373,-31.82234432289821,24.09158525053634,20.0,55.93560471832026,-119.97895963465811,-99.80617937541697,FLAT
2026-09-30T10:02:21.342839+00:00,2,PERP,ICP|GATE|HTX,ICP,GATE,HTX,53.63962973502723,0.970571227060249,34.95715048084129,19.248952300773496,25.437002013908305,81.85875987143154,20.0,56.120723547689046,-91.64087201462203,-129.0223329382793,FLAT
2026-09-30T10:02:21.788548+00:00,2,PERP,ICP|HTX|OKX,ICP,HTX,OKX,-51.89883041920695,-0.9244015359148392,-35.32958461616423,17.924294972795423,-78.29218224028045,-25.37246207701238,20.0,53.19546405600411,-122.15806168012034,-89.15258659515597,FLAT
2026-09-30T10:02:22.553809+00:00,2,PERP,DOT|BITGET|HTX,DOT,BITGET,HTX,-3.8766388856714684,-0.8127396380981391,7.84270600973338,14.41955620969692,-31.82234432289821,24.09158525053634,21.999999999999996,55.93560471832026,-123.60065505095186,-100.18448395912323,FLAT
2026-09-30T10:02:23.199000+00:00,2,PERP,APT|HTX|MEXC,APT,HTX,MEXC,-33.09705668484764,-2.4577847993793354,-4.1723598850924395,11.768604316805748,-62.10150841584161,-3.930095736723871,26.0,58.364126770221795,-148.29327530097095,-90.60639091859035,FLAT
2026-09-30T10:02:23.639051+00:00,2,PERP,DOT|HTX|OKX,DOT,HTX,OKX,3.2067694668591606,0.6637643289706904,-6.303837230300014,14.328288342802965,-22.33282688204219,28.868944988291734,20.0,51.18506454048134,-93.21405419222351,-112.35784675907308,FLAT
2026-09-30T10:02:24.348352+00:00,2,PERP,DOT|HTX|MEXC,DOT,HTX,MEXC,7.5041955950228,1.0061737282414993,-6.840121000076696,14.256302060449555,-16.79889808712476,31.92393376413749,26.0,48.68601765957981,-90.64479474662788,-119.45007242379401,FLAT
2026-09-30T10:25:18.330014+00:00,0,PERP,OP|GATE|OKX,OP,GATE,OKX,6.1593337432741535,0.6358823347602559,1.9010972356687776,6.696579343112026,-8.864087190254555,21.218093182635567,20.0,30.06362167166949,-66.82880609759283,-75.38061761863628,FLAT
2026-09-30T10:25:18.639037+00:00,0,PERP,OP|BITGET|GATE,OP,BITGET,GATE,-8.413369538943227,-0.45673337086404836,-3.6847466549277335,10.353136393493392,-23.777971036634817,6.965488229984107,21.999999999999996,30.76934003856121,-78.8625644202683,-69.41957492347305,FLAT
2026-09-30T10:25:18.966259+00:00,0,SPOT,ICP|GATE|HTX,ICP,GATE,HTX,-22.87559968324082,-0.7902179217558087,-5.404588424519167,22.109105321102174,-117.37222875608965,71.73092719736651,60.0,189.5366685816253,-367.5043089131958,-332.67218420351094,FLAT
2026-09-30T10:25:19.692570+00:00,0,PERP,ICP|HTX|MEXC,ICP,HTX,MEXC,-53.44284236692643,-0.963710363516432,-35.42712999320563,18.69411501188408,-78.43182320442122,-28.335043834016858,26.0,50.36566599783493,-125.37035920905052,-89.45775215702369,FLAT
2026-09-30T10:25:20.179369+00:00,0,PERP,ICP|BITGET|HTX,ICP,BITGET,HTX,50.62243210713247,1.20629036783656,27.95686050692986,18.789482370527857,22.612159351957928,78.65603684197752,21.999999999999996,55.761589050945034,-89.10629020591696,-134.46076538599272,FLAT
2026-09-30T10:25:20.629745+00:00,0,PERP,DOT|GATE|HTX,DOT,GATE,HTX,2.4514990487167765,-0.22666175257909058,6.142850118683997,16.285725438742354,-35.940135973920874,40.89151523826828,20.0,76.81279009821,-144.89577619081487,-137.56145521779428,FLAT
2026-09-30T10:25:21.074863+00:00,0,PERP,ICP|GATE|HTX,ICP,GATE,HTX,52.25713252139607,0.892709875016972,35.000168287973175,19.330988394291946,25.47812079382039,79.05184120778009,20.0,53.29521032790763,-88.81725782206041,-123.34688324771454,FLAT
2026-09-30T10:25:21.582646+00:00,0,PERP,ICP|HTX|OKX,ICP,HTX,OKX,-49.92163748839484,-0.819486082453572,-35.29112467891996,17.853277953995978,-75.52397790055454,-24.197562976522313,20.0,51.58364017810998,-117.81649339974457,-88.67720188050762,FLAT
2026-09-30T10:25:22.065532+00:00,0,PERP,DOT|BITGET|HTX,DOT,BITGET,HTX,-0.6839649509571277,-0.5869472989194778,7.787175077929819,14.432539419606538,-39.60556112742597,38.29092433582204,21.999999999999996,77.90177721113226,-153.29451341648803,-136.4055264690245,FLAT
2026-09-30T10:25:22.793104+00:00,0,PERP,APT|HTX|MEXC,APT,HTX,MEXC,-16.15021848783482,-0.9458044330879639,-4.674520837864879,12.133266929721243,-37.41360865779253,5.2014570928182735,26.0,42.68381814908306,-107.42290596901071,-84.55979607976622,FLAT
2026-09-30T10:25:23.279017+00:00,0,PERP,DOT|HTX|OKX,DOT,HTX,OKX,0.24342061445414842,0.4520845066441628,-6.237180116445819,14.3349321546223,-33.325178263119426,34.02828715284079,20.0,67.35113152898084,-120.43912967565444,-133.61659879826746,FLAT
2026-09-30T10:25:24.011743+00:00,0,PERP,DOT|HTX|MEXC,DOT,HTX,MEXC,-0.20338080551129956,0.46282241911257926,-6.806726480238532,14.267557927268431,-32.61482579808628,32.41687681632577,26.0,65.03235476371229,-122.84045408156004,-136.25595806027658,FLAT
2026-09-30T10:25:34.329094+00:00,1,PERP,OP|GATE|OKX,OP,GATE,OKX,6.348543741596657,0.6641370583479218,1.9010972356687776,6.696579343112026,-3.1630632793810953,15.873198597000648,20.0,19.02417535219723,-50.0883358672471,-58.996276713529106,FLAT
2026-09-30T10:25:34.642981+00:00,1,PERP,OP|BITGET|GATE,OP,BITGET,GATE,-11.761561444408875,-0.7801321727546403,-3.6847466549277335,10.353136393493392,-23.438769054263673,-0.07303916829459745,21.999999999999996,23.393238508142375,-71.14726090747831,-55.00494599477551,FLAT
2026-09-30T10:25:34.928952+00:00,1,SPOT,ICP|GATE|HTX,ICP,GATE,HTX,-13.652825322135742,-0.3730696822790018,-5.404588424519167,22.109105321102174,-90.90809027426761,63.67817103699602,60.0,154.79756662438686,-306.3010684741353,-289.880326085902,FLAT
2026-09-30T10:25:35.694392+00:00,1,PERP,ICP|HTX|MEXC,ICP,HTX,MEXC,-47.63331018137973,-0.652942392855424,-35.42712999320563,18.69411501188408,-72.6558418144796,-22.491700759791343,26.0,50.40394908634467,-119.63266090761863,-95.33937831975896,FLAT
2026-09-30T10:25:36.176574+00:00,1,PERP,ICP|BITGET|HTX,ICP,BITGET,HTX,46.39015299272798,0.981043124142236,27.95686050692986,18.789482370527857,19.60840292450472,73.18759242830541,21.999999999999996,53.33177797558402,-89.68023555800916,-126.56250989695957,FLAT
2026-09-30T10:25:36.618862+00:00,1,PERP,DOT|GATE|HTX,DOT,GATE,HTX,-2.24858213906054,-0.5152630313772842,6.142850118683997,16.285725438742354,-37.19027983133505,32.7215465521502,20.0,69.92753860290163,-139.26066855292066,-122.50623503636784,FLAT
2026-09-30T10:25:37.066117+00:00,1,PERP,ICP|GATE|HTX,ICP,GATE,HTX,55.22343859031942,1.0461581110005618,35.000168287973175,19.330988394291946,28.415559446264282,82.04703622111786,20.0,53.33692731501089,-85.92153615671978,-126.38379524815556,FLAT
2026-09-30T10:25:37.588687+00:00,1,PERP,ICP|HTX|OKX,ICP,HTX,OKX,-48.17529433933654,-0.7216696952579964,-35.29112467891996,17.853277953995978,-73.73724313979757,-22.491700759791343,20.0,51.4933242292398,-115.93944269011742,-90.29274814836842,FLAT
2026-09-30T10:25:38.089139+00:00,1,PERP,DOT|BITGET|HTX,DOT,BITGET,HTX,-2.24858213906054,-0.695356300455125,7.787175077929819,14.432539419606538,-37.19027983133505,32.7215465521502,21.999999999999996,69.92753860290163,-142.9049935121665,-122.86191007712202,FLAT
2026-09-30T10:25:38.813780+00:00,1,PERP,APT|HTX|MEXC,APT,HTX,MEXC,-11.389839271462865,-0.5534633394694687,-4.674520837864879,12.133266929721243,-32.89283322969738,10.20343257442935,26.0,43.1452184006552,-103.36353079248771,-90.02317181294944,FLAT
2026-09-30T10:25:39.332390+00:00,1,PERP,DOT|HTX|OKX,DOT,HTX,OKX,0.643129451574076,0.4799680594094293,-6.237180116445819,14.3349321546223,-32.29585926558198,33.78629269271016,20.0,66.07727149478562,-118.13595064392177,-132.1007443039416,FLAT
2026-09-30T10:25:40.051539+00:00,1,PERP,DOT|HTX|MEXC,DOT,HTX,MEXC,0.21528365838019425,0.49216622595224413,-6.806726480238532,14.267557927268431,-30.992794036621696,31.61680670965561,26.0,62.60765521619427,-118.79372277257744,-133.0311884060884,FLAT
2026-09-30T10:25:50.380394+00:00,2,PERP,OP|GATE|OKX,OP,GATE,OKX,3.5569295394077827,0.24726539011923493,1.9010972356687776,6.696579343112026,-7.117761316290938,14.248346187608618,20.0,21.35849734362062,-56.37735589558034,-59.70574629556046,FLAT
2026-09-30T10:25:50.693626+00:00,2,PERP,OP|BITGET|GATE,OP,BITGET,GATE,-10.2205183067261,-0.6312842218427535,-3.6847466549277335,10.353136393493392,-25.294214926049328,4.873754443215361,21.999999999999996,30.198820094630726,-79.80828836575232,-66.75732119277382,FLAT
2026-09-30T10:25:51.350994+00:00,2,SPOT,ICP|GATE|HTX,ICP,GATE,HTX,-21.70204666947395,-0.737137844714122,-5.404588424519167,22.109105321102174,-108.41741323835308,65.10788966123116,60.0,173.9026557149238,-342.9154805287577,-310.41513380067414,FLAT
2026-09-30T10:25:52.072968+00:00,2,PERP,ICP|HTX|MEXC,ICP,HTX,MEXC,-50.548046362319795,-0.808859705821945,-35.42712999320563,18.69411501188408,-75.56367548706034,-25.4133722969041,26.0,50.4048070580712,-122.54135255192591,-92.41856475437274,FLAT
2026-09-30T10:25:52.537589+00:00,2,PERP,ICP|BITGET|HTX,ICP,BITGET,HTX,47.27220660033282,1.0279871319765543,27.95686050692986,18.789482370527857,19.60840292450472,74.95707872428036,21.999999999999996,55.08825345024511,-91.43671103267025,-130.08847166759563,FLAT
2026-09-30T10:25:52.983525+00:00,2,PERP,DOT|GATE|HTX,DOT,GATE,HTX,-2.24858213906054,-0.5152630313772842,6.142850118683997,16.285725438742354,-37.19027983133505,32.7215465521502,20.0,69.92753860290163,-139.26066855292066,-122.50623503636784,FLAT
2026-09-30T10:25:53.430672+00:00,2,PERP,ICP|GATE|HTX,ICP,GATE,HTX,50.80485497880982,0.8175829589501722,35.000168287973175,19.330988394291946,25.47812079382039,76.13900983013178,20.0,50.4048070580712,-85.92685455222399,-117.5436486002298,FLAT
2026-09-30T10:25:53.952464+00:00,2,PERP,ICP|HTX|OKX,ICP,HTX,OKX,-47.63331018137973,-0.6913120119600952,-35.29112467891996,17.853277953995978,-72.6558418144796,-22.491700759791343,20.0,50.40394908634467,-113.76866622190431,-89.20337300547328,FLAT
2026-09-30T10:25:54.434746+00:00,2,PERP,DOT|BITGET|HTX,DOT,BITGET,HTX,-2.24858213906054,-0.695356300455125,7.787175077929819,14.432539419606538,-37.19027983133505,32.7215465521502,21.999999999999996,69.92753860290163,-142.9049935121665,-122.86191007712202,FLAT
2026-09-30T10:25:55.180688+00:00,2,PERP,APT|HTX|MEXC,APT,HTX,MEXC,-22.141004622325823,-1.4395532452744144,-4.674520837864879,12.133266929721243,-49.54131397319039,5.404505379034141,26.0,55.067360310714655,-131.93415344604017,-97.14638652761369,FLAT
2026-09-30T10:25:55.681082+00:00,2,PERP,DOT|HTX|OKX,DOT,HTX,OKX,0.2667082903262674,0.4537090470061909,-6.237180116445819,14.3349321546223,-32.0645957637733,32.79842009438649,20.0,64.86066676906671,-116.6880824163942,-129.89626697989902,FLAT
2026-09-30T10:25:56.411870+00:00,2,PERP,DOT|HTX|MEXC,DOT,HTX,MEXC,-0.19147718293144322,0.4636567330603857,-6.806726480238532,14.267557927268431,-31.803809917353433,31.61680670965561,26.0,63.421225566998324,-120.41830900411321,-133.84475875689247,FLAT
2026-09-30T10:46:24.166850+00:00,0,PERP,OP|GATE|OKX,OP,GATE,OKX,6.464287584242445,0.6840897002619414,1.8909959862718146,6.685222122507464,-5.316884644388509,18.267251386598904,20.0,23.568880293701202,-56.776760924361525,-65.9451356940283,FLAT
2026-09-30T10:46:24.417575+00:00,0,PERP,OP|BITGET|GATE,OP,BITGET,GATE,-11.658627367376884,-0.8060239797986389,-3.5503945428033234,10.059542926500972,-26.918879002691966,3.6200923266638263,21.999999999999996,30.574605954802742,-81.94309041469137,-65.74509282426989,FLAT
2026-09-30T10:46:24.652489+00:00,0,SPOT,ICP|GATE|HTX,ICP,GATE,HTX,-5.121095766348338,0.037222086872719856,-5.9323610096956925,21.795264895314947,-78.44245354132751,68.29857472602453,60.0,146.81614835593626,-285.3262408875681,-287.0470840916565,FLAT
2026-09-30T10:46:25.292320+00:00,0,PERP,ICP|HTX|MEXC,ICP,HTX,MEXC,-47.292553374349566,-0.6351148896320064,-35.42168875616403,18.690893272969344,-72.15007215007341,-22.31752320185576,26.0,50.06906121661364,-118.79744461052303,-95.17322677092191,FLAT
2026-09-30T10:46:25.698219+00:00,0,PERP,ICP|BITGET|HTX,ICP,BITGET,HTX,45.39917453818765,0.9826452362735393,27.544547016146,18.169962935709435,19.120013738560537,71.69192994185947,21.999999999999996,52.33431919869761,-88.75885247628307,-124.48170212441107,FLAT
2026-09-30T10:46:26.067863+00:00,0,PERP,DOT|GATE|HTX,DOT,GATE,HTX,19.138597857779605,0.7937418160972042,6.221663596666772,16.273470792587023,-13.647701205692364,51.95150917698177,20.0,65.47389173821048,-111.34325654056963,-137.2037373185255,FLAT
2026-09-30T10:46:26.456620+00:00,0,PERP,ICP|GATE|HTX,ICP,GATE,HTX,53.36140282189427,0.9906079069990321,34.66849039506687,18.870142560699012,28.196093982602033,78.53403141361292,20.0,50.07075181093087,-82.5431482233957,-119.93629282947693,FLAT
2026-09-30T10:46:26.914665+00:00,0,PERP,ICP|HTX|OKX,ICP,HTX,OKX,-48.594702072826124,-0.7797026528505714,-34.96397176636403,17.481959637598408,-74.74824273511427,-22.31752320185576,20.0,52.68645624330728,-118.47072721205751,-91.33290480781555,FLAT
2026-09-30T10:46:27.376392+00:00,0,PERP,DOT|BITGET|HTX,DOT,BITGET,HTX,20.174999488411505,0.8552061988724093,7.843359012960519,14.41949379191857,-13.647701205692364,54.02515367333827,21.999999999999996,67.53658867750899,-117.02764889616188,-141.71838333788673,FLAT
2026-09-30T10:46:28.022563+00:00,0,PERP,APT|HTX|MEXC,APT,HTX,MEXC,-39.497847449502245,-2.974189117346041,-4.4489449189467125,11.784355717712641,-66.98219100706115,-11.864441257172231,26.0,55.335911558291805,-149.86915764640622,-79.92041522006627,FLAT
2026-09-30T10:46:28.513773+00:00,0,PERP,DOT|HTX|OKX,DOT,HTX,OKX,-22.371512726515608,-1.1185806392451876,-6.338341915580871,14.333495725219986,-53.3519043670494,8.793522293510936,20.0,62.284217273336516,-135.29777972480503,-103.41608148242831,FLAT
2026-09-30T10:46:29.166266+00:00,0,PERP,DOT|HTX|MEXC,DOT,HTX,MEXC,-19.729515678355014,-0.8988533126471778,-6.919246092936291,14.251791037729724,-49.698216735254434,10.417799074147194,26.0,60.23432452634724,-135.01329516866537,-109.57136969343073,FLAT
2026-09-30T10:46:39.414401+00:00,1,PERP,OP|GATE|OKX,OP,GATE,OKX,5.7787222622529555,0.5815403295115869,1.8909959862718146,6.685222122507464,-7.009971491851452,18.594378492589048,20.0,25.58953411075415,-60.49050158887742,-68.29291661707138,FLAT
2026-09-30T10:46:39.659139+00:00,1,PERP,OP|BITGET|GATE,OP,BITGET,GATE,-9.602087949773797,-0.6015873137762378,-3.5503945428033234,10.059542926500972,-26.960201338811494,7.779844192543628,21.999999999999996,34.77341894324783,-86.183225739256,-74.10365767859479,FLAT
2026-09-30T10:46:39.894047+00:00,1,SPOT,ICP|GATE|HTX,ICP,GATE,HTX,-2.3376995840829196,0.1649285495211151,-5.9323610096956925,21.795264895314947,-75.8005070307799,71.2254057070516,60.0,147.0602225789632,-282.9283686000474,-290.2179892957105,FLAT
2026-09-30T10:46:40.538048+00:00,1,PERP,ICP|HTX|MEXC,ICP,HTX,MEXC,-50.18536181691013,-0.7898859003222299,-35.42168875616403,18.690893272969344,-75.03607503607567,-25.217169373549233,26.0,50.06990626801062,-121.68429254792225,-92.2744256506254,FLAT
2026-09-30T10:46:40.989423+00:00,1,PERP,ICP|BITGET|HTX,ICP,BITGET,HTX,45.8889858506617,1.0096024355923898,27.544547016146,18.169962935709435,19.120013738560537,72.6744186046524,21.999999999999996,53.30976669374746,-89.73429997133293,-126.43963828225387,FLAT
2026-09-30T10:46:41.446949+00:00,1,PERP,DOT|GATE|HTX,DOT,GATE,HTX,18.86450497399439,0.7768988889012386,6.221663596666772,16.273470792587023,-13.647701205692364,51.40310093141976,20.0,64.92830739354216,-110.7976721959013,-136.10974472829514,FLAT
2026-09-30T10:46:41.821761+00:00,1,PERP,ICP|GATE|HTX,ICP,GATE,HTX,53.36140282189427,0.9906079069990321,34.66849039506687,18.870142560699012,28.196093982602033,78.53403141361292,20.0,50.07075181093087,-82.5431482233957,-119.93629282947693,FLAT
2026-09-30T10:46:42.315508+00:00,1,PERP,ICP|HTX|OKX,ICP,HTX,OKX,-48.66931804303864,-0.783970822538599,-34.96397176636403,17.481959637598408,-74.89712359580625,-22.31752320185576,20.0,52.83645945662341,-118.76961128606561,-91.48290802113168,FLAT
2026-09-30T10:46:42.778171+00:00,1,PERP,DOT|BITGET|HTX,DOT,BITGET,HTX,18.86450497399439,0.7643226676383529,7.843359012960519,14.41949379191857,-13.647701205692364,51.40310093141976,21.999999999999996,64.92830739354216,-114.41936761219503,-136.4880493120014,FLAT
2026-09-30T10:46:43.414577+00:00,1,PERP,APT|HTX|MEXC,APT,HTX,MEXC,-46.95098867483094,-3.606649762956572,-4.4489449189467125,11.784355717712641,-74.41523002601258,-19.33779371414368,26.0,55.33684543614077,-157.30313054320663,-72.44799664094381,FLAT
2026-09-30T10:46:43.813133+00:00,1,PERP,DOT|HTX|OKX,DOT,HTX,OKX,-21.712130533916294,-1.072577751656564,-6.338341915580871,14.333495725219986,-51.237419991422286,7.981383903190586,20.0,59.34718138679047,-130.24625946263188,-99.66690720556193,FLAT
2026-09-30T10:46:44.449869+00:00,1,PERP,DOT|HTX|MEXC,DOT,HTX,MEXC,-19.23390068566233,-0.8640776839994796,-6.919246092936291,14.251791037729724,-47.91007504236333,9.605660683829065,26.0,57.62610907272748,-130.6169380221545,-106.15101584949284,FLAT
2026-09-30T10:46:54.714628+00:00,2,PERP,OP|GATE|OKX,OP,GATE,OKX,8.635180140115217,1.0088197565100234,1.8909959862718146,6.685222122507464,-3.5220424043747034,20.817984028449477,20.0,24.318999652574295,-55.73203804322081,-69.24598769475196,FLAT
2026-09-30T10:46:55.195004+00:00,2,PERP,OP|BITGET|GATE,OP,BITGET,GATE,-12.273478734620147,-0.8671451829920257,-3.5503945428033234,10.059542926500972,-29.475050007351513,4.9508714257617825,21.999999999999996,34.46821084610036,-88.39286631064854,-70.96947681466547,FLAT
2026-09-30T10:46:55.429464+00:00,2,SPOT,ICP|GATE|HTX,ICP,GATE,HTX,-0.05116777653579874,0.26983811673810393,-5.9323610096956925,21.795264895314947,-73.79898711610377,73.80133220337149,60.0,147.60100031969665,-281.46762642610474,-293.3346935327638,FLAT
2026-09-30T10:46:56.075652+00:00,2,PERP,ICP|HTX|MEXC,ICP,HTX,MEXC,-53.07817025946737,-0.9446569110122754,-35.42168875616403,18.690893272969344,-77.92207792207795,-28.116815545241593,26.0,50.07075181093087,-124.57114097684479,-89.37562502185331,FLAT
2026-09-30T10:46:56.480346+00:00,2,PERP,ICP|BITGET|HTX,ICP,BITGET,HTX,47.517274699342416,1.0992167542589757,27.544547016146,18.169962935709435,19.455655783313652,75.60337307356946,21.999999999999996,55.88216977641794,-91.97106100925029,-131.94099583384138,FLAT
2026-09-30T10:46:56.922012+00:00,2,PERP,DOT|GATE|HTX,DOT,GATE,HTX,28.241570980735986,1.35311684057588,6.221663596666772,16.273470792587023,-5.681818181817455,62.19251772993539,20.0,67.68317679894955,-105.58665857743378,-149.65403093221818,FLAT
2026-09-30T10:46:57.298440+00:00,2,PERP,ICP|GATE|HTX,ICP,GATE,HTX,56.28601704817049,1.1455942414619913,34.66849039506687,18.870142560699012,31.112963119885872,81.46639511201536,20.0,50.07159784580337,-79.62712512098436,-122.86950256275186,FLAT
2026-09-30T10:46:57.717382+00:00,2,PERP,ICP|HTX|OKX,ICP,HTX,OKX,-50.18536181691013,-0.8706912935440883,-34.96397176636403,17.481959637598408,-75.03607503607567,-25.217169373549233,20.0,50.06990626801062,-116.14200953772226,-85.81670866082541,FLAT
2026-09-30T10:46:58.116593+00:00,2,PERP,DOT|BITGET|HTX,DOT,BITGET,HTX,28.31156059233786,1.4194812851785945,7.843359012960519,14.41949379191857,-5.541895768358396,62.19251772993539,21.999999999999996,67.54317705774567,-108.92843183906459,-149.89233577472055,FLAT
2026-09-30T10:46:58.753460+00:00,2,PERP,APT|HTX|MEXC,APT,HTX,MEXC,-44.46660826638804,-3.395829547753062,-4.4489449189467125,11.784355717712641,-71.93755035302951,-16.84667622848579,26.0,55.33653398815974,-154.82513942224256,-74.93880267862066,FLAT
2026-09-30T10:46:59.214368+00:00,2,PERP,DOT|HTX|OKX,DOT,HTX,OKX,-25.639399235110048,-1.3465701381951576,-6.338341915580871,14.333495725219986,-56.63900928111087,5.544968732233979,20.0,62.34327347769283,-138.64394084322282,-100.22658412550769,FLAT
2026-09-30T10:46:59.914314+00:00,2,PERP,DOT|HTX|MEXC,DOT,HTX,MEXC,-22.968417299975563,-1.1261160905707377,-6.919246092936291,14.251791037729724,-52.92752360203434,7.1692455128724575,26.0,60.23458791184821,-138.24286542094626,-106.32307951765696,FLAT
2026-09-30T11:01:06.613779+00:00,0,PERP,OP|GATE|OKX,OP,GATE,OKX,4.569720872296124,0.39454581783134646,1.9508485832342128,6.637688630072821,-2.2724262143669627,11.417741371564372,20.0,13.683911900313804,-43.90718669791498,-49.15080468864396,FLAT
2026-09-30T11:01:06.849310+00:00,0,PERP,OP|BITGET|GATE,OP,BITGET,GATE,-8.831423825703677,-0.5439038434147007,-3.46764550329775,9.86162974825001,-20.0035494149442,2.3560866518645973,21.999999999999996,22.379389668514442,-66.91529358016089,-56.20312182367678,FLAT
2026-09-30T11:01:07.109791+00:00,0,SPOT,ICP|GATE|HTX,ICP,GATE,HTX,24.95446165501347,1.3823600374404033,-5.33713368225969,21.91295647793862,-21.937284966703217,71.92222941754255,60.0,93.62581463111071,-176.22596591555424,-236.88517773091294,FLAT
2026-09-30T11:01:07.846730+00:00,0,PERP,ICP|HTX|MEXC,ICP,HTX,MEXC,-58.09731299927567,-1.168974199348534,-35.8316480486259,19.04718253239324,-78.28356045230578,-37.83469150174801,26.0,40.68509420920464,-115.1370066128845,-70.68205075608253,FLAT
2026-09-30T11:01:08.311227+00:00,0,PERP,ICP|BITGET|HTX,ICP,BITGET,HTX,55.6064990048033,1.4855489041802705,27.917839995627318,18.638672164384012,32.331676262775666,78.90122735242588,21.999999999999996,46.31201766481503,-69.89818139766669,-125.29540502161359,FLAT
2026-09-30T11:01:08.766477+00:00,0,PERP,DOT|GATE|HTX,DOT,GATE,HTX,8.176816780360863,0.17140625210079832,4.954690855260831,18.798182012667812,-13.759439306539889,30.13102397699141,20.0,43.854596841230475,-88.5687270030312,-95.03092996296105,FLAT
2026-09-30T11:01:09.210661+00:00,0,PERP,ICP|GATE|HTX,ICP,GATE,HTX,64.3180821517353,1.524235255983589,35.03909397503176,19.20896925967626,43.846828412745786,84.79532163742753,20.0,40.68680263824245,-57.87906820052843,-116.44303030063823,FLAT
2026-09-30T11:01:09.712301+00:00,0,PERP,ICP|HTX|OKX,ICP,HTX,OKX,-61.002178649238736,-1.4416526541399102,-35.33355675452478,17.804997494370692,-81.18295158016986,-40.74505238649606,20.0,40.68594817406466,-112.53534299970974,-61.27445254209338,FLAT
2026-09-30T11:01:10.182482+00:00,0,PERP,DOT|BITGET|HTX,DOT,BITGET,HTX,10.410710434216597,0.22046659511708064,6.574856907898737,17.398796966410252,-13.759439306539889,34.61144489637968,21.999999999999996,48.320559728784595,-96.65485594322321,-104.35714771726553,FLAT
2026-09-30T11:01:10.667955+00:00,0,PERP,DOT|HTX|OKX,DOT,HTX,OKX,-10.647202146681911,-0.33418285298154066,-5.053446834618058,16.73860661059362,-30.29408973320158,9.069900243963147,20.0,39.40582090687482,-90.64646380545835,-79.52916798545603,FLAT
2026-09-30T11:01:11.379403+00:00,0,PERP,DOT|HTX|MEXC,DOT,HTX,MEXC,-9.396127604006654,-0.22328655057501964,-5.633335947631114,16.85185089153554,-27.592891951400134,8.865669041184798,26.0,36.492734030958296,-90.45229003472733,-82.99173901977422,FLAT
2026-09-30T11:01:11.865356+00:00,0,PERP,HBAR|HTX|OKX,HBAR,HTX,OKX,-80.24229369961277,-2.907914962303227,-23.285555633693658,19.586796314293274,-139.1308499647892,-20.753247604540228,20.0,119.3321044543064,-261.1773987854019,-147.86441248345983,FLAT
2026-09-30T11:01:22.115744+00:00,1,PERP,OP|GATE|OKX,OP,GATE,OKX,-3.046351580725526,-0.7528524524816276,1.9508485832342128,6.637688630072821,-8.591261535421113,2.5021342436848393,20.0,11.096775094286407,-47.63888521294173,-37.64806075473703,FLAT
2026-09-30T11:01:22.345449+00:00,1,PERP,OP|BITGET|GATE,OP,BITGET,GATE,-1.58310476243817,0.19109830615918225,-3.46764550329775,9.86162974825001,-11.684672537347618,8.532385899886474,21.999999999999996,20.22024992635102,-56.43727696040089,-60.22028132953524,FLAT
2026-09-30T11:01:22.655013+00:00,1,SPOT,ICP|GATE|HTX,ICP,GATE,HTX,20.352873246300973,1.1723660818851476,-5.33713368225969,21.91295647793862,-35.55987629540014,76.34856674675117,60.0,111.68107848256298,-207.90382109570342,-259.3667789115739,FLAT
2026-09-30T11:01:23.558411+00:00,1,PERP,ICP|HTX|MEXC,ICP,HTX,MEXC,-61.03547054236436,-1.3232310054715293,-35.8316480486259,19.04718253239324,-81.21395240858975,-40.7806583163417,26.0,40.68145114637008,-118.06375550633393,-67.73244087865427,FLAT
2026-09-30T11:01:24.012150+00:00,1,PERP,ICP|BITGET|HTX,ICP,BITGET,HTX,58.46792814027779,1.6390699871328587,27.917839995627318,18.638672164384012,35.07746273019529,81.87892350829617,21.999999999999996,46.52940398754143,-67.36978125297345,-128.4904875002103,FLAT
2026-09-30T11:01:24.459610+00:00,1,PERP,DOT|GATE|HTX,DOT,GATE,HTX,12.554153827373238,0.4042658469309023,4.954690855260831,18.798182012667812,-5.73300573300739,30.85630286280283,20.0,36.54342527686865,-73.23112186513687,-88.44503728441066,FLAT
2026-09-30T11:01:24.909358+00:00,1,PERP,ICP|GATE|HTX,ICP,GATE,HTX,65.8270647572956,1.6027914026024492,35.03909397503176,19.20896925967626,43.88531304856613,87.78166292487288,20.0,43.609279033240846,-60.76305995970648,-122.35184798308197,FLAT
2026-09-30T11:01:25.412234+00:00,1,PERP,ICP|HTX|OKX,ICP,HTX,OKX,-59.59043064009517,-1.362363229382063,-35.33355675452478,17.804997494370692,-81.21395240858975,-37.878787878788955,20.0,43.59476844042828,-115.47516409449325,-67.0495373161641,FLAT
2026-09-30T11:01:25.870821+00:00,1,PERP,DOT|BITGET|HTX,DOT,BITGET,HTX,5.245361037933272,-0.07641309180928785,6.574856907898737,17.398796966410252,-33.43850506195456,43.96093522478939,21.999999999999996,77.35884978728937,-145.37221175714268,-142.74492810418002,FLAT
2026-09-30T11:01:26.364686+00:00,1,PERP,DOT|HTX|OKX,DOT,HTX,OKX,-8.93708299955831,-0.23201669381980428,-5.053446834618058,16.73860661059362,-45.70114565769501,28.082142509333607,20.0,73.84840467609183,-140.49610349916878,-132.9839940200435,FLAT
2026-09-30T11:01:27.091064+00:00,1,PERP,DOT|HTX|MEXC,DOT,HTX,MEXC,3.6861617529604374,0.5530251697914447,-5.633335947631114,16.85185089153554,-21.93977736003383,29.441950447857135,26.0,51.36246662189317,-99.66890803429588,-118.43775301738141,FLAT
2026-09-30T11:01:27.563944+00:00,1,PERP,HBAR|HTX|OKX,HBAR,HTX,OKX,-83.8792551073575,-3.0935993054385404,-23.285555633693658,19.586796314293274,-143.07873208362798,-24.07592437382311,20.0,120.00634789273629,-265.7995243426706,-145.21597915260685,FLAT
2026-09-30T11:01:37.814580+00:00,2,PERP,OP|GATE|OKX,OP,GATE,OKX,-0.4672436417929582,-0.3642973269447624,1.9508485832342128,6.637688630072821,-6.910484706104114,5.981501487706264,20.0,12.89258624181754,-47.753919531155866,-42.92323914628959,FLAT
2026-09-30T11:01:38.044210+00:00,2,PERP,OP|BITGET|GATE,OP,BITGET,GATE,-4.828276600278292,-0.13797223498702046,-3.46764550329775,9.86162974825001,-12.882887330227799,3.232445366947445,21.999999999999996,16.123115065597936,-53.53835689252798,-50.82320593584312,FLAT
2026-09-30T11:01:38.269214+00:00,2,SPOT,ICP|GATE|HTX,ICP,GATE,HTX,27.06511900693931,1.4786801005980514,-5.33713368225969,21.91295647793862,-22.39122818624706,76.60097504650577,60.0,98.72493914990156,-181.77903365388892,-246.66304787866702,FLAT
2026-09-30T11:01:38.971357+00:00,2,PERP,ICP|HTX|MEXC,ICP,HTX,MEXC,-55.337119557301584,-1.0240607226555969,-35.8316480486259,19.04718253239324,-69.80802792321161,-40.828229804606984,26.0,29.14100627441399,-95.1173861489997,-56.144424518432906,FLAT
2026-09-30T11:01:39.529537+00:00,2,PERP,ICP|BITGET|HTX,ICP,BITGET,HTX,52.7785693698446,1.333825132764703,27.917839995627318,18.638672164384012,35.68420465320577,69.88629033391814,21.999999999999996,34.0225145007959,-54.25614984321744,-103.99096483908671,FLAT
2026-09-30T11:01:39.981520+00:00,2,PERP,DOT|GATE|HTX,DOT,GATE,HTX,7.1541842781552845,0.11700564562106312,4.954690855260831,18.798182012667812,-13.820156270623052,28.145716909351304,20.0,41.93586444671483,-86.71071157259871,-91.1268905008053,FLAT
2026-09-30T11:01:40.432171+00:00,2,PERP,ICP|GATE|HTX,ICP,GATE,HTX,56.67758448851367,1.1264784810138533,35.03909397503176,19.20896925967626,40.115533495626025,73.24934075593426,20.0,32.94706839227597,-53.87062887168171,-97.15731517317846,FLAT
2026-09-30T11:01:40.912525+00:00,2,PERP,ICP|HTX|OKX,ICP,HTX,OKX,-53.38091808686163,-1.0136121242388707,-35.33355675452478,17.804997494370692,-69.67893374935086,-37.038693115520886,20.0,32.81535211722742,-93.1607291120535,-57.11021575623131,FLAT
2026-09-30T11:01:41.417879+00:00,2,PERP,DOT|BITGET|HTX,DOT,BITGET,HTX,7.1541842781552845,0.03329697860001381,6.574856907898737,17.398796966410252,-13.820156270623052,28.145716909351304,21.999999999999996,41.93586444671483,-90.33087762523662,-91.5067244481674,FLAT
2026-09-30T11:01:41.915092+00:00,2,PERP,DOT|HTX|OKX,DOT,HTX,OKX,-7.355724502411398,-0.13754297005440475,-5.053446834618058,16.73860661059362,-26.482386025906692,11.835584228701013,20.0,38.346067497511015,-85.77500668879965,-81.23509856083008,FLAT
2026-09-30T11:01:42.634748+00:00,2,PERP,DOT|HTX|MEXC,DOT,HTX,MEXC,-3.464692054561125,0.12868876582330013,-5.633335947631114,16.85185089153554,-20.710376888524173,13.8392823751321,26.0,34.561535429539454,-81.6385763704325,-86.03415375230266,FLAT
2026-09-30T11:01:43.166513+00:00,2,PERP,HBAR|HTX|OKX,HBAR,HTX,OKX,-81.96990371330703,-2.996117748811685,-23.285555633693658,19.586796314293274,-144.193551171774,-19.083657993544946,20.0,126.14035524909781,-273.04835078717815,-156.3422528892465,FLAT
2026-09-30T11:06:51.129210+00:00,0,PERP,OP|GATE|OKX,OP,GATE,OKX,1.2136839022947044,-0.08785176296603528,1.8033944692942407,6.712563835827936,-5.183198290183988,7.615105081859586,20.0,12.796748641484214,-45.78334140096244,-44.608459254049556,FLAT
2026-09-30T11:06:51.367965+00:00,0,PERP,OP|BITGET|GATE,OP,BITGET,GATE,-5.532246026321852,-0.22253729353543378,-3.330693374130719,9.892960488622947,-12.88855193328109,1.8296772889891955,21.999999999999996,14.726374070755538,-52.2842326299059,-47.886744733875446,FLAT
2026-09-30T11:06:51.602795+00:00,0,SPOT,ICP|GATE|HTX,ICP,GATE,HTX,12.450971177646597,0.7598039142694129,-4.652953140837387,22.510971577357836,-24.53951400308241,49.48926428362199,60.0,73.93668905381709,-159.8232499160621,-194.07890647827645,FLAT
2026-09-30T11:06:52.347495+00:00,0,PERP,ICP|HTX|MEXC,ICP,HTX,MEXC,-52.45519452134584,-0.8909917580333122,-35.67306129709277,18.83534058866751,-69.82833866744365,-35.02626970227518,26.0,34.98549666332918,-101.14077403368005,-67.63228825814676,FLAT
2026-09-30T11:06:52.876946+00:00,0,PERP,ICP|BITGET|HTX,ICP,BITGET,HTX,49.88554693952763,1.2044134301662752,27.75725015040903,18.3726752250377,29.469274648710186,70.31936712569743,21.999999999999996,40.64731359195679,-66.93528909365563,-111.20943056724519,FLAT
2026-09-30T11:06:53.342767+00:00,0,PERP,DOT|GATE|HTX,DOT,GATE,HTX,22.233423108783956,0.9810962012249562,6.260891700222334,16.28029074887761,-13.789788530018665,58.29310169432888,20.0,71.92296241016061,-117.97364264040161,-149.95517240426716,FLAT
2026-09-30T11:06:54.166123+00:00,0,PERP,ICP|GATE|HTX,ICP,GATE,HTX,57.15123094959029,1.1564164914984802,35.00126581209124,19.153968574762548,38.08965719308554,76.22398123717566,20.0,37.91761692026887,-60.82922553927457,-105.1403323453533,FLAT
2026-09-30T11:06:55.066445+00:00,0,PERP,ICP|HTX|OKX,ICP,HTX,OKX,-52.45519452134584,-0.9771720552027585,-35.21528608104357,17.642653971234438,-69.82833866744365,-35.02626970227518,20.0,34.98549666332918,-95.59854924972925,-61.17451304209757,FLAT
2026-09-30T11:06:55.569619+00:00,0,PERP,DOT|BITGET|HTX,DOT,BITGET,HTX,24.142523917447534,1.1049114267289346,7.995021962569116,14.614295376311507,-13.789788530018665,62.12771183202071,21.999999999999996,75.73462104502711,-125.51943153761489,-157.8673109144787,FLAT
2026-09-30T11:06:56.419916+00:00,0,PERP,DOT|HTX|OKX,DOT,HTX,OKX,-26.962615794805522,-1.4198517482803592,-6.37753671227586,14.498048199370885,-59.64499468105511,5.922382361756018,20.0,65.74401395850607,-145.01147192728533,-104.04393303253795,FLAT
2026-09-30T11:06:57.233218+00:00,0,PERP,DOT|HTX|MEXC,DOT,HTX,MEXC,-24.080184237936784,-1.1828930392953403,-6.980310796270768,14.455976046534657,-55.220455352056334,7.253145619929846,26.0,62.62380364608343,-142.863948201869,-108.85726006228404,FLAT
2026-09-30T11:06:57.769860+00:00,0,PERP,HBAR|HTX|OKX,HBAR,HTX,OKX,-82.21984373315894,-3.0037212701687297,-23.3098511113765,19.61233660621022,-142.09486001977467,-21.731805406560724,20.0,121.35773381676131,-266.14274272515945,-148.93577952157708,FLAT
2026-09-30T11:07:08.020445+00:00,1,PERP,OP|GATE|OKX,OP,GATE,OKX,3.5739979922677634,0.26377455265647154,1.8033944692942407,6.712563835827936,-5.415776237729375,12.576548507077234,20.0,17.985887519823194,-51.20505822684681,-54.75904155760619,FLAT
2026-09-30T11:07:08.292508+00:00,1,PERP,OP|BITGET|GATE,OP,BITGET,GATE,-7.977678285415735,-0.46972641977385005,-3.330693374130719,9.892960488622947,-21.60667543195105,5.66917867007799,21.999999999999996,27.297619570390612,-73.57360162821094,-64.29749161459932,FLAT
2026-09-30T11:07:08.530589+00:00,1,SPOT,ICP|GATE|HTX,ICP,GATE,HTX,11.720256963203557,0.7273435554647306,-4.652953140837387,22.510971577357836,-25.606027392377495,49.09732171110459,60.0,74.6158628763277,-161.5689371278678,-194.36613772826968,FLAT
2026-09-30T11:07:09.288173+00:00,1,PERP,ICP|HTX|MEXC,ICP,HTX,MEXC,-55.36937199475456,-1.0457103552198195,-35.67306129709277,18.83534058866751,-72.73785277858713,-37.94512551079987,26.0,34.986355137893696,-104.05114661938805,-64.7142909241866,FLAT
2026-09-30T11:07:10.099206+00:00,1,PERP,ICP|BITGET|HTX,ICP,BITGET,HTX,50.32512493503339,1.228339069199328,27.75725015040903,18.3726752250377,30.10302447306934,70.56381884525287,21.999999999999996,40.25818773427668,-65.91241341161637,-111.06475642912051,FLAT
2026-09-30T11:07:10.565885+00:00,1,PERP,DOT|GATE|HTX,DOT,GATE,HTX,25.50381736291296,1.1819767815889446,6.260891700222334,16.28029074887761,-11.495807404212632,62.533769691321965,20.0,73.84124131805493,-117.5979404224899,-156.11411930915455,FLAT
2026-09-30T11:07:11.382979+00:00,1,PERP,ICP|GATE|HTX,ICP,GATE,HTX,60.09967751392509,1.3103504688267973,35.00126581209124,19.153968574762548,41.03165298944944,79.17888563049979,20.0,37.91933537958074,-57.88894820222254,-108.09695519798929,FLAT
2026-09-30T11:07:12.268087+00:00,1,PERP,ICP|HTX|OKX,ICP,HTX,OKX,-52.45519452134584,-0.9771720552027585,-35.21528608104357,17.642653971234438,-69.82833866744365,-35.02626970227518,20.0,34.98549666332918,-95.59854924972925,-61.17451304209757,FLAT
2026-09-30T11:07:13.120767+00:00,1,PERP,DOT|BITGET|HTX,DOT,BITGET,HTX,23.963427920250524,1.0926565767628316,7.995021962569116,14.614295376311507,-11.495807404212632,59.451728191697306,21.999999999999996,70.77791554118505,-118.2687449079668,-150.23462177031325,FLAT
2026-09-30T11:07:13.620337+00:00,1,PERP,DOT|HTX|OKX,DOT,HTX,OKX,-25.08851393345224,-1.290585943974742,-6.37753671227586,14.498048199370885,-57.92322441013575,7.952336166099361,20.0,66.04060157371187,-143.58628927157176,-106.37047445208708,FLAT
2026-09-30T11:07:14.394263+00:00,1,PERP,DOT|HTX|MEXC,DOT,HTX,MEXC,-24.314829422805715,-1.1991247474908708,-6.980310796270768,14.455976046534657,-55.84105494505498,7.409320921838436,26.0,63.403922070061746,-144.26466621884595,-109.79355378817095,FLAT
2026-09-30T11:07:14.919477+00:00,1,PERP,HBAR|HTX|OKX,HBAR,HTX,OKX,-71.0698603462101,-2.4352024031501918,-23.3098511113765,19.61233660621022,-117.87867920062479,-23.90486799984992,20.0,94.64510267790293,-215.21393076715123,-120.0500857894295,FLAT
2026-09-30T11:07:25.168174+00:00,2,PERP,OP|GATE|OKX,OP,GATE,OKX,3.801798590987726,0.2977110044044743,1.8033944692942407,6.712563835827936,-5.059063577010914,12.675451796748671,20.0,17.727766408474263,-50.590224454779424,-54.599823735928695,FLAT
2026-09-30T11:07:25.404599+00:00,2,PERP,OP|BITGET|GATE,OP,BITGET,GATE,-5.777423316959407,-0.24732029867525138,-3.330693374130719,9.892960488622947,-19.657261993616395,8.120984104282858,21.999999999999996,27.794291624222772,-72.12086024370845,-67.24596910263634,FLAT
2026-09-30T11:07:25.647103+00:00,2,SPOT,ICP|GATE|HTX,ICP,GATE,HTX,12.507331067899141,0.762307577430235,-4.652953140837387,22.510971577357836,-24.35624440608075,49.417609141517715,60.0,73.68166788109558,-159.38495914633893,-193.75223016345066,FLAT
2026-09-30T11:07:26.381146+00:00,2,PERP,ICP|HTX|MEXC,ICP,HTX,MEXC,-55.36937199475456,-1.0457103552198195,-35.67306129709277,18.83534058866751,-72.73785277858713,-37.94512551079987,26.0,34.986355137893696,-104.05114661938805,-64.7142909241866,FLAT
2026-09-30T11:07:27.210733+00:00,2,PERP,ICP|BITGET|HTX,ICP,BITGET,HTX,47.002159274591726,1.047474517916495,27.75725015040903,18.3726752250377,20.785942264873736,73.23827224501977,21.999999999999996,52.206938549214144,-87.17824643474944,-125.68796064382488,FLAT
2026-09-30T11:07:27.727515+00:00,2,PERP,DOT|GATE|HTX,DOT,GATE,HTX,34.03460269863601,1.705971436678945,6.260891700222334,16.28029074887761,-5.742411812962311,73.84427485761958,20.0,79.31672195790568,-117.32002547109033,-172.90010511530295,FLAT
2026-09-30T11:07:28.187308+00:00,2,PERP,ICP|GATE|HTX,ICP,GATE,HTX,59.69203050364635,1.2890678292167554,35.00126581209124,19.153968574762548,34.30506274893163,85.09389671361501,20.0,50.48745969593251,-77.1836627590921,-126.58009059745626,FLAT
2026-09-30T11:07:28.665996+00:00,2,PERP,ICP|HTX|OKX,ICP,HTX,OKX,-52.04781761785293,-0.9540816004357422,-35.21528608104357,17.642653971234438,-75.64736688973062,-28.34273019585165,20.0,47.55189848889996,-113.983979297587,-80.42445437409188,FLAT
2026-09-30T11:07:29.180204+00:00,2,PERP,DOT|BITGET|HTX,DOT,BITGET,HTX,20.138249770262906,0.8309143544051326,7.995021962569116,14.614295376311507,-25.822817944417544,66.13705235170686,21.999999999999996,91.77503595230783,-153.5928758592945,-177.91706634144558,FLAT
2026-09-30T11:07:29.719488+00:00,2,PERP,DOT|HTX|OKX,DOT,HTX,OKX,-20.796014271906582,-0.9945116309005225,-6.37753671227586,14.498048199370885,-64.01423540862594,22.78610049263774,20.0,86.97969344219767,-170.61639213854775,-142.14333064711127,FLAT
2026-09-30T11:07:30.436186+00:00,2,PERP,DOT|HTX|MEXC,DOT,HTX,MEXC,-19.715136708432503,-0.8809385039908454,-6.980310796270768,14.455976046534657,-62.196452848645166,23.123868384224977,26.0,85.48736119236152,-172.7035032447359,-147.59154037285725,FLAT
2026-09-30T11:07:30.919950+00:00,2,PERP,HBAR|HTX|OKX,HBAR,HTX,OKX,-80.2430310430835,-2.902926921704943,-23.3098511113765,19.61233660621022,-136.76613226227153,-23.19340047107876,20.0,114.48898509099125,-253.9452662418863,-140.605435731289,FLAT
2026-09-30T11:16:06.708531+00:00,0,PERP,OP|GATE|OKX,OP,GATE,OKX,3.087828944994264,0.17130736998884455,1.9507487096633487,6.637660921447581,-7.988158664214984,14.182604008901034,20.0,22.163902918573545,-58.10281029245188,-60.39575821781123,FLAT
2026-09-30T11:16:07.037047+00:00,0,PERP,OP|BITGET|GATE,OP,BITGET,GATE,-10.11160639547648,-0.666806668213469,-3.520023653182149,9.885298177888238,-23.79567356356582,3.5828274901650303,21.999999999999996,27.406209208461846,-75.68185911884552,-62.509060351809026,FLAT
2026-09-30T11:16:07.350008+00:00,0,SPOT,ICP|GATE|HTX,ICP,GATE,HTX,-31.681456351617676,-1.2059107941128955,-5.425260200431832,21.772917432504364,-147.97197627496982,84.72092432235678,60.0,233.43239464553034,-441.9791107200683,-389.5785791683189,FLAT
2026-09-30T11:16:08.151462+00:00,0,PERP,ICP|HTX|MEXC,ICP,HTX,MEXC,-55.23783478200039,-1.0638760802482112,-35.349534948588285,18.694188357700455,-81.18419616947148,-29.16302128900594,26.0,52.30980574373425,-130.14446696461744,-90.49631940331659,FLAT
2026-09-30T11:16:08.707365+00:00,0,PERP,ICP|BITGET|HTX,ICP,BITGET,HTX,52.807603878164414,1.4017164382637568,27.390362474284775,18.132940950141695,23.79082201110716,81.84867808324503,21.999999999999996,57.7528668562552,-89.35240731943281,-140.21118246521547,FLAT
2026-09-30T11:16:09.231527+00:00,0,PERP,DOT|GATE|HTX,DOT,GATE,HTX,25.373963867356686,1.1949028964170676,5.817777981634961,16.36633900910376,-13.764822637492014,64.54480507040783,20.0,78.11141496476715,-123.69401558389413,-162.83844205354,FLAT
2026-09-30T11:16:09.772864+00:00,0,PERP,ICP|GATE|HTX,ICP,GATE,HTX,59.95885011538249,1.3404354573090904,34.63376914284223,18.89317447882204,32.18256290228094,87.75139979172675,20.0,55.23763363060502,-83.68883987116631,-134.35526427948955,FLAT
2026-09-30T11:16:10.344244+00:00,0,PERP,ICP|HTX|OKX,ICP,HTX,OKX,-56.3941554908276,-1.2277877048373347,-34.93222852300788,17.48016117384327,-83.491141215426,-29.16302128900594,20.0,54.63590324563891,-129.19481593805702,-86.40511047964084,FLAT
2026-09-30T11:16:10.914509+00:00,0,PERP,DOT|BITGET|HTX,DOT,BITGET,HTX,25.373963867356686,1.2249172332694112,7.437944034272868,14.642638168467117,-13.764822637492014,64.54480507040783,21.999999999999996,78.11141496476715,-127.31418163653203,-163.2182760009021,FLAT
2026-09-30T11:16:11.501877+00:00,0,PERP,DOT|HTX|OKX,DOT,HTX,OKX,-26.69636580663437,-1.4468470458097504,-5.969059271951287,14.325845012236744,-63.49593098686768,10.361422255678043,20.0,74.0541480966125,-157.58101981152888,-116.38462962424182,FLAT
2026-09-30T11:16:12.323651+00:00,0,PERP,DOT|HTX|MEXC,DOT,HTX,MEXC,-24.08485268650673,-1.2249394788956378,-6.537719497532334,14.324898079694739,-59.24838262567289,11.325420060641633,26.0,70.74332426910007,-155.4539873972406,-120.60646382727404,FLAT
2026-09-30T11:16:12.899562+00:00,0,PERP,HBAR|HTX|OKX,HBAR,HTX,OKX,-78.12931685125423,-2.675681977443041,-23.714012010332315,20.33698522457544,-133.03876423044093,-22.71552069536331,20.0,111.18965505594639,-246.514407276055,-138.1881463709154,FLAT
2026-09-30T11:16:23.253379+00:00,1,PERP,OP|GATE|OKX,OP,GATE,OKX,3.999306814230774,0.30862650695942206,1.9507487096633487,6.637660921447581,-7.556465224034525,15.576018354157561,20.0,23.123216939867618,-58.630430873565494,-62.74848658436183,FLAT
2026-09-30T11:16:23.596265+00:00,1,PERP,OP|BITGET|GATE,OP,BITGET,GATE,-7.847422052905673,-0.43776103885294954,-3.520023653182149,9.885298177888238,-21.13716268664301,5.453629892500089,21.999999999999996,26.611671068927425,-72.22881010238828,-63.58532461460966,FLAT
2026-09-30T11:16:23.922530+00:00,1,SPOT,ICP|GATE|HTX,ICP,GATE,HTX,-26.111802960567807,-0.9501043130422862,-5.425260200431832,21.772917432504364,-142.0168054336235,89.94711290134072,60.0,232.57110128700802,-435.16264652019964,-393.94347438878054,FLAT
2026-09-30T11:16:24.890257+00:00,1,PERP,ICP|HTX|MEXC,ICP,HTX,MEXC,-58.1469358980502,-1.219491347431047,-35.349534948588285,18.694188357700455,-84.08613174695434,-32.079323417905094,26.0,52.31066170851133,-133.04725850687737,-87.58087323919452,FLAT
2026-09-30T11:16:25.455598+00:00,1,PERP,ICP|BITGET|HTX,ICP,BITGET,HTX,55.750473918922964,1.5640105773584718,27.390362474284775,18.132940950141695,26.726066315789776,84.79917520881841,21.999999999999996,57.75113342448902,-86.41542958298402,-143.15994615902264,FLAT
2026-09-30T11:16:25.997649+00:00,1,PERP,DOT|GATE|HTX,DOT,GATE,HTX,25.373963867356686,1.1949028964170676,5.817777981634961,16.36633900910376,-13.764822637492014,64.54480507040783,20.0,78.11141496476715,-123.69401558389413,-162.83844205354,FLAT
2026-09-30T11:16:26.518556+00:00,1,PERP,ICP|GATE|HTX,ICP,GATE,HTX,61.43111103300569,1.418361002286908,34.63376914284223,18.89317447882204,35.118525021948784,87.75139979172675,20.0,52.31151817436281,-77.82676229525626,-131.42914882324735,FLAT
2026-09-30T11:16:27.096293+00:00,1,PERP,ICP|HTX|OKX,ICP,HTX,OKX,-58.99522563809767,-1.3765889728234804,-34.93222852300788,17.48016117384327,-85.77853230537724,-32.079323417905094,20.0,54.01755928877794,-130.8638630711473,-82.87046439388072,FLAT
2026-09-30T11:16:27.791813+00:00,1,PERP,DOT|BITGET|HTX,DOT,BITGET,HTX,25.373963867356686,1.2249172332694112,7.437944034272868,14.642638168467117,-13.764822637492014,64.54480507040783,21.999999999999996,78.11141496476715,-127.31418163653203,-163.2182760009021,FLAT
2026-09-30T11:16:28.345360+00:00,1,PERP,DOT|HTX|OKX,DOT,HTX,OKX,-25.460345496691737,-1.3605679949832996,-5.969059271951287,14.325845012236744,-62.388952229813775,11.727389604254679,20.0,74.30461798422,-156.72451094208247,-118.00106686042596,FLAT
2026-09-30T11:16:29.183460+00:00,1,PERP,DOT|HTX|MEXC,DOT,HTX,MEXC,-25.71803979366627,-1.3389498612434574,-6.537719497532334,14.324898079694739,-60.875879616074656,9.686502909120875,26.0,70.74345830079281,-157.08161841933514,-118.96768070744602,FLAT
2026-09-30T11:16:29.743875+00:00,1,PERP,HBAR|HTX|OKX,HBAR,HTX,OKX,-74.99891320828733,-2.5217553453292467,-23.714012010332315,20.33698522457544,-126.12616255354925,-23.44342827422463,20.0,103.45686356743896,-231.8690141106559,-129.72744730354665,FLAT
2026-09-30T11:16:40.102462+00:00,2,PERP,OP|GATE|OKX,OP,GATE,OKX,3.233689408108642,0.19328204824381146,1.9507487096633487,6.637660921447581,-8.3711547781673,14.859976564289834,20.0,23.223601758505797,-59.54550524633645,-62.13282961313228,FLAT
2026-09-30T11:16:40.459868+00:00,2,PERP,OP|BITGET|GATE,OP,BITGET,GATE,-2.8285409391237692,0.06995061773706646,-3.520023653182149,9.885298177888238,-17.99719077541728,12.359954913516713,21.999999999999996,30.365721783300387,-72.84288890553552,-74.24570034999925,FLAT
2026-09-30T11:16:40.799165+00:00,2,SPOT,ICP|GATE|HTX,ICP,GATE,HTX,-23.035281169547783,-0.8088039199940332,-5.425260200431832,21.772917432504364,-105.51492304735288,59.53889859559247,60.0,165.43485132602893,-331.52451417295,-296.39901012205326,FLAT
2026-09-30T11:16:41.904009+00:00,2,PERP,ICP|HTX|MEXC,ICP,HTX,MEXC,-58.16387660300904,-1.2203975491144088,-35.349534948588285,18.694188357700455,-81.2313821138233,-34.995625546806465,26.0,46.50603417047578,-124.38788133571079,-78.85994357225759,FLAT
2026-09-30T11:16:42.457312+00:00,2,PERP,ICP|BITGET|HTX,ICP,BITGET,HTX,55.72397262145978,1.5625490771232893,27.390362474284775,18.132940950141695,29.644473530270332,81.82515919110011,21.999999999999996,51.891516502532056,-77.6374054465465,-134.3263132193474,FLAT
2026-09-30T11:16:42.978249+00:00,2,PERP,DOT|GATE|HTX,DOT,GATE,HTX,25.373963867356686,1.1949028964170676,5.817777981634961,16.36633900910376,-13.764822637492014,64.54480507040783,20.0,78.11141496476715,-123.69401558389413,-162.83844205354,FLAT
2026-09-30T11:16:43.969401+00:00,2,PERP,ICP|GATE|HTX,ICP,GATE,HTX,62.92224329246699,1.4972853916812234,34.63376914284223,18.89317447882204,38.0562060889944,87.8028475944781,20.0,49.435577496408754,-72.0131405502566,-128.6046559480446,FLAT
2026-09-30T11:16:44.547495+00:00,2,PERP,ICP|HTX|OKX,ICP,HTX,OKX,-58.16387660300904,-1.329029397896183,-34.93222852300788,17.48016117384327,-81.2313821138233,-34.995625546806465,20.0,46.50603417047578,-118.8051877612912,-72.44263714667719,FLAT
2026-09-30T11:16:45.127902+00:00,2,PERP,DOT|BITGET|HTX,DOT,BITGET,HTX,24.698279524575373,1.178772246621008,7.437944034272868,14.642638168467117,-13.764822637492014,63.192882998814866,21.999999999999996,76.76808877028552,-125.9708554420504,-160.5230277348275,FLAT
2026-09-30T11:16:45.715580+00:00,2,PERP,DOT|HTX|OKX,DOT,HTX,OKX,-26.06735940785643,-1.4029399395803686,-5.969059271951287,14.325845012236744,-62.07158163128446,10.18463455811247,20.0,72.44420948690944,-154.5467318462426,-114.5979033169732,FLAT
2026-09-30T11:16:46.583996+00:00,2,PERP,DOT|HTX|MEXC,DOT,HTX,MEXC,-25.71803979366627,-1.3389498612434574,-6.537719497532334,14.324898079694739,-61.68962811127554,10.505961484881254,26.0,72.38085647509367,-159.53276508883687,-121.42453745750726,FLAT
2026-09-30T11:16:47.208029+00:00,2,PERP,HBAR|HTX|OKX,HBAR,HTX,OKX,-78.0084223305233,-2.669737412926918,-23.714012010332315,20.33698522457544,-135.28998330983865,-20.174383184343725,20.0,116.01798660819549,-253.59395790770182,-145.55761543418407,FLAT
2026-09-30T11:18:38.302058+00:00,0,PERP,OP|GATE|OKX,OP,GATE,OKX,2.790120267752716,0.14167306684664732,1.845485991201089,6.667705426142412,-8.496176054749727,14.09676636934476,20.0,22.586622155538,-58.92828420148881,-60.837902533681664,FLAT
2026-09-30T11:18:38.638553+00:00,0,PERP,OP|BITGET|GATE,OP,BITGET,GATE,-5.729729721495325,-0.23977099275901775,-3.362282962202506,9.87378302959368,-21.52411744821947,10.08567239735747,21.999999999999996,31.627897805681958,-77.78973229169893,-73.07585316524194,FLAT
2026-09-30T11:18:38.974274+00:00,0,SPOT,ICP|GATE|HTX,ICP,GATE,HTX,-36.00270451189047,-1.4141874505705287,-5.14106750256877,21.822875741735032,-122.43528796273884,50.552323270807165,60.0,173.61257679501918,-356.90679725518925,-295.3059675683951,FLAT
2026-09-30T11:18:39.700140+00:00,0,PERP,ICP|HTX|MEXC,ICP,HTX,MEXC,-52.45519452134695,-0.894962184451477,-35.63302879263299,18.79651008832767,-66.9383003492452,-37.934053107674394,26.0,29.157141716512264,-92.46241327312447,-58.85611740147086,FLAT
2026-09-30T11:18:40.184002+00:00,0,PERP,ICP|BITGET|HTX,ICP,BITGET,HTX,49.98684003902909,1.2098958233516552,27.757464580526673,18.372966522789184,32.59888097189689,67.38939349546058,21.999999999999996,34.61746463458968,-57.77604824321946,-102.24939354952359,FLAT
2026-09-30T11:18:40.657624+00:00,0,PERP,DOT|GATE|HTX,DOT,GATE,HTX,6.975544755758456,0.0655563989660046,5.9083311406993,16.279320278293174,-13.799060106233219,27.76720594358517,20.0,41.53728453218645,-87.24467577911896,-89.39615933507233,FLAT
2026-09-30T11:18:41.121318+00:00,0,PERP,ICP|GATE|HTX,ICP,GATE,HTX,57.15123094959029,1.1563824315241105,35.00151642074088,19.154316016074475,41.01963082332239,73.2922896511301,20.0,32.089261973451954,-52.071147570870444,-96.38003520384117,FLAT
2026-09-30T11:18:41.653906+00:00,0,PERP,ICP|HTX|OKX,ICP,HTX,OKX,-52.45519452134695,-0.9721275028375792,-35.2559788467582,17.692345525031765,-66.9383003492452,-37.934053107674394,20.0,29.157141716512264,-86.83946321899927,-52.479067455596066,FLAT
2026-09-30T11:18:42.117783+00:00,0,PERP,DOT|BITGET|HTX,DOT,BITGET,HTX,6.975544755758456,-0.04613284947398011,7.642452644482548,14.456247475028434,-13.799060106233219,27.76720594358517,21.999999999999996,41.53728453218645,-90.9787972829022,-89.66203783128907,FLAT
2026-09-30T11:18:43.147438+00:00,0,PERP,DOT|HTX|OKX,DOT,HTX,OKX,-7.842990685923423,-0.1293314014370703,-5.991771973831809,14.313760552516513,-26.64411263566757,11.020900899423314,20.0,37.69447266781367,-84.34681332964944,-80.7071455410688,FLAT
2026-09-30T11:18:43.871107+00:00,0,PERP,DOT|HTX|MEXC,DOT,HTX,MEXC,-4.10030049401322,0.17282155038254696,-6.571743744760068,14.300550164468588,-21.95910520714106,13.818127823872484,26.0,35.79180938423713,-83.17917084661812,-88.18168095286967,FLAT
2026-09-30T11:18:44.340789+00:00,0,PERP,ARB|GATE|HTX,ARB,GATE,HTX,37.568752462096015,1.3429113835051318,20.958058668463924,12.36916597599801,13.003978008379047,62.15406081960584,20.0,48.966114648555205,-82.92019530864007,-116.16211679969712,FLAT
2026-09-30T11:18:54.713916+00:00,1,PERP,OP|GATE|OKX,OP,GATE,OKX,8.17702339303672,0.9495826520786671,1.845485991201089,6.667705426142412,-1.2482996157536785,17.614922269082456,20.0,18.84780160920017,-47.94158721615494,-60.617237887081544,FLAT
2026-09-30T11:18:55.052098+00:00,1,PERP,OP|BITGET|GATE,OP,BITGET,GATE,-10.5366086157066,-0.7266035350383152,-3.362282962202506,9.87378302959368,-22.396781993153645,1.3359342532237584,21.999999999999996,23.757742402726965,-70.7922414336781,-56.45595961815323,FLAT
2026-09-30T11:18:55.398571+00:00,1,SPOT,ICP|GATE|HTX,ICP,GATE,HTX,-35.52938647778725,-1.392498373488995,-5.14106750256877,21.822875741735032,-109.59190345256387,38.628293032787475,60.0,148.74863014452774,-319.19946609452285,-258.51799067988395,FLAT
2026-09-30T11:18:56.117947+00:00,1,PERP,ICP|HTX|MEXC,ICP,HTX,MEXC,-40.77471967380286,-0.2735449749452575,-35.63302879263299,18.79651008832767,-61.046511627907975,-20.426028596440826,26.0,40.78664384975667,-98.20012668503165,-87.99364404594884,FLAT
2026-09-30T11:18:56.700264+00:00,1,PERP,ICP|BITGET|HTX,ICP,BITGET,HTX,38.52211116391224,0.5858959450034091,27.757464580526673,18.372966522789184,16.044429281121264,61.01538929511374,21.999999999999996,44.79838178081027,-84.51141708021567,-106.05630649539734,FLAT
2026-09-30T11:18:57.243577+00:00,1,PERP,DOT|GATE|HTX,DOT,GATE,HTX,1.4414853882249723,-0.274387730944173,5.9083311406993,16.279320278293174,-21.523458319594457,24.4252682623336,20.0,45.942096371730266,-99.37388583202402,-90.45903349336456,FLAT
2026-09-30T11:18:57.717197+00:00,1,PERP,ICP|GATE|HTX,ICP,GATE,HTX,43.878894251865304,0.46346618817787344,35.00151642074088,19.154316016074475,23.398654577362343,64.3651258045641,20.0,40.78749931389117,-78.39036115726971,-96.15110869771439,FLAT
2026-09-30T11:18:58.256302+00:00,1,PERP,ICP|HTX|OKX,ICP,HTX,OKX,-43.00777163806946,-0.43814387302936997,-35.2559788467582,17.692345525031765,-63.95348837209269,-21.982599310947926,20.0,42.152025109809074,-96.84953463514357,-81.42540464561935,FLAT
2026-09-30T11:18:58.772220+00:00,1,PERP,DOT|BITGET|HTX,DOT,BITGET,HTX,1.4414853882249723,-0.42894722624035453,7.642452644482548,14.456247475028434,-21.523458319594457,24.4252682623336,21.999999999999996,45.942096371730266,-103.10800733580726,-90.7249119895813,FLAT
2026-09-30T11:18:59.308869+00:00,1,PERP,DOT|HTX|OKX,DOT,HTX,OKX,-0.8235319328542268,0.36106794032326817,-5.991771973831809,14.313760552516513,-21.5755569616094,20.006963500145414,20.0,41.58579710338436,-83.16958209116194,-93.58453257736157,FLAT
2026-09-30T11:19:00.010683+00:00,1,PERP,DOT|HTX|MEXC,DOT,HTX,MEXC,0.6084474051748501,0.5020919522225764,-6.571743744760068,14.300550164468588,-18.63733426047176,19.927003861004433,26.0,38.56185450208549,-82.62744501779717,-97.06060210784997,FLAT
2026-09-30T11:19:00.498199+00:00,1,PERP,ARB|GATE|HTX,ARB,GATE,HTX,30.966535943683926,0.8091473018181782,20.958058668463924,12.36916597599801,3.068967054686844,58.8924425321391,20.0,55.65112882426608,-99.54022043804316,-119.58551268794126,FLAT
2026-09-30T11:19:10.854703+00:00,2,PERP,OP|GATE|OKX,OP,GATE,OKX,5.5227240926791765,0.5514997838777569,1.845485991201089,6.667705426142412,-4.928124924156174,15.991721657682145,20.0,20.90828376921901,-53.68189468457628,-61.054519435700065,FLAT
2026-09-30T11:19:11.187668+00:00,2,PERP,OP|BITGET|GATE,OP,BITGET,GATE,-8.755959229009846,-0.5462623850090108,-3.362282962202506,9.87378302959368,-22.855700869289784,5.36014536994589,21.999999999999996,28.240564072776188,-75.73398197986346,-64.96299240492458,FLAT
2026-09-30T11:19:11.578584+00:00,2,SPOT,ICP|GATE|HTX,ICP,GATE,HTX,-62.26197611483797,-2.617478525207778,-5.14106750256877,21.822875741735032,-149.7979230859614,25.38256854720977,60.0,176.27796576079115,-386.9348213441838,-272.8016018105697,FLAT
2026-09-30T11:19:12.352488+00:00,2,PERP,ICP|HTX|MEXC,ICP,HTX,MEXC,-45.12372634643435,-0.5049180677265687,-35.63302879263299,18.79651008832767,-69.70665117630115,-20.426028596440826,26.0,49.5037345747801,-115.57735695844826,-96.71073477097227,FLAT
2026-09-30T11:19:12.852674+00:00,2,PERP,ICP|BITGET|HTX,ICP,BITGET,HTX,44.83854471709403,0.9296854765059624,27.757464580526673,18.372966522789184,17.53873136509876,72.15965412521896,21.999999999999996,54.37709547433783,-92.59582868976574,-126.77928501903011,FLAT
2026-09-30T11:19:13.352154+00:00,2,PERP,DOT|GATE|HTX,DOT,GATE,HTX,11.381929477021213,0.3362301522883853,5.9083311406993,16.279320278293174,-5.737704918031827,28.51560787075602,20.0,34.214364482328214,-71.86040054105933,-82.82164121238493,FLAT
2026-09-30T11:19:13.827135+00:00,2,PERP,ICP|GATE|HTX,ICP,GATE,HTX,54.1489828772157,0.9996424012429417,35.00151642074088,19.154316016074475,29.265437518291026,79.03981264637095,20.0,49.50630246954315,-81.242381371993,-119.54459869517322,FLAT
2026-09-30T11:19:14.345053+00:00,2,PERP,ICP|HTX|OKX,ICP,HTX,OKX,-48.03493449781704,-0.7222872531501671,-35.2559788467582,17.692345525031765,-72.61109497531226,-23.344032681646976,20.0,49.50459003891459,-112.85970616746864,-87.4165362040258,FLAT
2026-09-30T11:19:14.818710+00:00,2,PERP,DOT|BITGET|HTX,DOT,BITGET,HTX,2.174279844939786,-0.37825672319102344,7.642452644482548,14.456247475028434,-24.14545692839831,28.51560787075602,21.999999999999996,52.649608448404216,-112.43751802128506,-101.52276367467769,FLAT
2026-09-30T11:19:15.345870+00:00,2,PERP,DOT|HTX|OKX,DOT,HTX,OKX,-13.260094329962113,-0.5077856604812672,-5.991771973831809,14.313760552516513,-32.22022469502983,5.764022481118403,20.0,38.03457359100452,-90.26302631220253,-75.79036804595472,FLAT
2026-09-30T11:19:16.060550+00:00,2,PERP,DOT|HTX|MEXC,DOT,HTX,MEXC,-11.22720787476994,-0.3255444074855892,-6.571743744760068,14.300550164468588,-28.43452509399991,6.038180415335326,26.0,34.511354300463,-88.37413564970284,-79.12127846055839,FLAT
2026-09-30T11:19:18.058326+00:00,2,PERP,ARB|GATE|HTX,ARB,GATE,HTX,43.759945068908564,1.8434457460342117,20.958058668463924,12.36916597599801,23.222459003819917,64.30938615238802,20.0,40.90791087674311,-64.64351054138712,-110.2592383606672,FLAT
2026-09-30T11:22:00.945951+00:00,0,PERP,OP|GATE|OKX,OP,GATE,OKX,3.747058569845141,0.27061293368492223,1.9508165824690578,6.637679740272386,-8.558560677142113,16.076301072402988,20.0,24.625611735405208,-61.13498899501638,-64.75109622533914,FLAT
2026-09-30T11:22:01.286019+00:00,0,PERP,OP|BITGET|GATE,OP,BITGET,GATE,-5.808742142887624,-0.23509561506520468,-3.4886413144896093,9.86875415670567,-20.270302371888647,8.666961689003383,21.999999999999996,28.954075824000004,-73.73573688139903,-69.10967882749298,FLAT
2026-09-30T11:22:01.610649+00:00,0,SPOT,ICP|GATE|HTX,ICP,GATE,HTX,-36.586681739714244,-1.4409473164440694,-5.14106750256877,21.822875741735032,-111.62124846828104,38.54584107221059,60.0,150.71845445491886,-323.19863542063115,-260.4053630296982,FLAT
2026-09-30T11:22:02.340946+00:00,0,PERP,ICP|HTX|MEXC,ICP,HTX,MEXC,-46.202630365482776,-0.5654690185386348,-35.592548207121794,18.763330634419297,-69.80802792321161,-22.491700759791343,26.0,47.53571931671846,-113.75119903280827,-92.63656676404891,FLAT
2026-09-30T11:22:02.810724+00:00,0,PERP,ICP|BITGET|HTX,ICP,BITGET,HTX,41.91580832282993,0.7902232760901536,27.55343486728748,18.175082777369244,16.497131242745322,67.3498261200578,21.999999999999996,50.64042680713819,-89.69673043168034,-118.4368180599085,FLAT
2026-09-30T11:22:03.263445+00:00,0,PERP,DOT|GATE|HTX,DOT,GATE,HTX,15.996401220959022,0.6222820927027967,5.794394398378647,16.394504907363416,-13.787628907654392,45.829337802987254,20.0,59.521713269816786,-105.10373657584982,-125.5566566744254,FLAT
2026-09-30T11:22:03.785916+00:00,0,PERP,ICP|GATE|HTX,ICP,GATE,HTX,49.36023207706253,0.7617073500929503,34.87893311570371,19.011630857430585,25.47812079382039,73.24934075593426,20.0,47.536577288445,-82.93738961032832,-111.90698492867554,FLAT
2026-09-30T11:22:04.293669+00:00,0,PERP,ICP|HTX|OKX,ICP,HTX,OKX,-43.287475183281245,-0.4702160199779086,-35.05381182005023,17.5103846177292,-66.89936009307785,-19.570029222679697,20.0,47.53486184739082,-105.38041012041845,-89.01864444476136,FLAT
2026-09-30T11:22:04.774466+00:00,0,PERP,DOT|BITGET|HTX,DOT,BITGET,HTX,11.889801630462493,0.30492160048438066,7.414560451016554,14.676694508807616,-13.787628907654392,37.588296508643815,21.999999999999996,51.31490437646032,-100.51709373513127,-109.48864043408759,FLAT
2026-09-30T11:22:05.294527+00:00,0,PERP,DOT|HTX|OKX,DOT,HTX,OKX,-15.34614311312521,-0.6586248245503069,-5.786373188787003,14.514742791338584,-38.58500809867049,7.9931322848780795,20.0,46.64951293485809,-105.44814784474157,-86.42901840852316,FLAT
2026-09-30T11:22:06.003108+00:00,0,PERP,DOT|HTX|MEXC,DOT,HTX,MEXC,-14.742302026082843,-0.5761861482115882,-6.38914727278191,14.497319623576704,-36.6302650375927,7.240234425021086,26.0,43.935065987993994,-106.17618375280477,-89.56444768579699,FLAT
2026-09-30T11:22:06.473668+00:00,0,PERP,ARB|GATE|HTX,ARB,GATE,HTX,41.90586624080339,1.6803768285701386,21.067656671991042,12.400914613029947,19.663504374438645,64.16742724694613,20.0,44.31819535328525,-71.72234765083765,-113.41796592824033,FLAT
2026-09-30T11:22:16.843491+00:00,1,PERP,OP|GATE|OKX,OP,GATE,OKX,4.704150872432145,0.41480372625662415,1.9508165824690578,6.637679740272386,-6.156790112468169,15.5842769229797,20.0,21.730827596725103,-55.83843429166233,-61.36428793723575,FLAT
2026-09-30T11:22:17.177519+00:00,1,PERP,OP|BITGET|GATE,OP,BITGET,GATE,-8.098353875209963,-0.4671017726779751,-3.4886413144896093,9.86875415670567,-23.652653754873132,7.477364398120745,21.999999999999996,31.155234027512964,-79.31924646789648,-70.12123974012331,FLAT
2026-09-30T11:22:17.551858+00:00,1,SPOT,ICP|GATE|HTX,ICP,GATE,HTX,-32.46876445619606,-1.2522500369355354,-5.14106750256877,21.822875741735032,-98.58791545175217,33.737242479010554,60.0,132.75614371607222,-292.2029916652556,-237.63445369765154,FLAT
2026-09-30T11:22:18.261645+00:00,1,PERP,ICP|HTX|MEXC,ICP,HTX,MEXC,-40.810377495992256,-0.2780865183550579,-35.592548207121794,18.763330634419297,-63.99069226294518,-17.528483786152236,26.0,46.65237650741084,-107.05052056323424,-96.71644092838041,FLAT
2026-09-30T11:22:18.812533+00:00,1,PERP,ICP|BITGET|HTX,ICP,BITGET,HTX,36.571094207138444,0.4961550629678193,27.55343486728748,18.175082777369244,11.699327288681172,61.45741878841093,21.999999999999996,49.57677953313446,-93.43088711174076,-111.48076345425791,FLAT
2026-09-30T11:22:19.262047+00:00,1,PERP,DOT|GATE|HTX,DOT,GATE,HTX,10.173145601974909,0.2670865163869385,5.794394398378647,16.394504907363416,-17.20974429571975,37.588296508643815,20.0,54.74233164044457,-103.74647033454298,-112.53623375070974,FLAT
2026-09-30T11:22:19.704442+00:00,1,PERP,ICP|GATE|HTX,ICP,GATE,HTX,43.91743522178304,0.4754196088625759,34.87893311570371,19.011630857430585,20.49180327868827,67.34992679355844,20.0,46.653233474776826,-87.04036331179226,-105.12422715263156,FLAT
2026-09-30T11:22:20.196911+00:00,1,PERP,ICP|HTX|OKX,ICP,HTX,OKX,-40.810377495992256,-0.3287515266862571,-35.05381182005023,17.5103846177292,-63.99069226294518,-17.528483786152236,20.0,46.65237650741084,-101.58925695030581,-90.17770454130884,FLAT
2026-09-30T11:22:20.669488+00:00,1,PERP,DOT|BITGET|HTX,DOT,BITGET,HTX,11.963232544012214,0.30992483288835654,7.414560451016554,14.676694508807616,-13.640827269828515,37.588296508643815,21.999999999999996,51.167901815863324,-100.22328953670839,-109.34163787349058,FLAT
2026-09-30T11:22:21.194240+00:00,1,PERP,DOT|HTX|OKX,DOT,HTX,OKX,-9.629446825831778,-0.2647703574422318,-5.786373188787003,14.514742791338584,-33.327293519286314,14.170443578080949,20.0,47.54329943496093,-101.08421976546023,-93.50011620182889,FLAT
2026-09-30T11:22:21.918235+00:00,1,PERP,DOT|HTX|MEXC,DOT,HTX,MEXC,-8.26331005366776,-0.12927650279834738,-6.38914727278191,14.497319623576704,-30.09208458646606,13.659459903143656,26.0,43.78752554068862,-99.49046285437277,-95.83613271661419,FLAT
2026-09-30T11:22:22.361080+00:00,1,PERP,ARB|GATE|HTX,ARB,GATE,HTX,39.83665832185012,1.5135175295972143,21.067656671991042,12.400914613029947,18.891067651152227,60.795316502733066,20.0,41.737974633128474,-69.91456365396729,-107.4656344638705,FLAT
2026-09-30T11:22:32.745803+00:00,2,PERP,OP|GATE|OKX,OP,GATE,OKX,3.326161520629256,0.2072026659881845,1.9508165824690578,6.637679740272386,-7.78792401609163,14.45993569385795,20.0,22.240444754988026,-57.979185353548715,-60.74956386637692,FLAT
2026-09-30T11:22:33.088631+00:00,2,PERP,OP|BITGET|GATE,OP,BITGET,GATE,-7.503196807799872,-0.406794558823054,-3.4886413144896093,9.86875415670567,-22.089140601173618,7.098668218485926,21.999999999999996,29.209716760373034,-75.81021604705704,-67.79702629334857,FLAT
2026-09-30T11:22:33.404603+00:00,2,SPOT,ICP|GATE|HTX,ICP,GATE,HTX,-36.68230165441155,-1.4453289532104119,-5.14106750256877,21.822875741735032,-104.24215261624403,30.96534455828248,60.0,135.70523821423336,-300.8063233279086,-237.81165027508462,FLAT
2026-09-30T11:22:34.130635+00:00,2,PERP,ICP|HTX|MEXC,ICP,HTX,MEXC,-36.43252696007071,-0.04476703892900901,-35.592548207121794,18.763330634419297,-61.064262867112085,-11.685655857435195,26.0,49.55889412568025,-107.03060878567052,-105.46578647536684,FLAT
2026-09-30T11:22:34.608313+00:00,2,PERP,ICP|BITGET|HTX,ICP,BITGET,HTX,31.858945292546625,0.23689082894412813,27.55343486728748,18.175082777369244,5.238444330799563,58.49663644340586,21.999999999999996,53.08905044872778,-103.40404098521569,-112.03225202484616,FLAT
2026-09-30T11:22:35.057655+00:00,2,PERP,DOT|GATE|HTX,DOT,GATE,HTX,11.963232544012214,0.3762747445250939,5.794394398378647,16.394504907363416,-13.640827269828515,37.588296508643815,20.0,51.167901815863324,-96.6031234840705,-108.9618039261285,FLAT
2026-09-30T11:22:35.500390+00:00,2,PERP,ICP|GATE|HTX,ICP,GATE,HTX,39.502560351134534,0.24319992693439585,34.87893311570371,19.011630857430585,14.628437682853157,64.38396254023982,20.0,49.55975009045733,-95.81024552330788,-105.06477951499343,FLAT
2026-09-30T11:22:35.992445+00:00,2,PERP,ICP|HTX|OKX,ICP,HTX,OKX,-35.752603882049925,-0.03990729371484922,-35.05381182005023,17.5103846177292,-61.064262867112085,-10.322631562551532,20.0,50.92341992159815,-102.93387096866002,-101.65460017909685,FLAT
2026-09-30T11:22:36.481396+00:00,2,PERP,DOT|BITGET|HTX,DOT,BITGET,HTX,11.963232544012214,0.30992483288835654,7.414560451016554,14.676694508807616,-13.640827269828515,37.588296508643815,21.999999999999996,51.167901815863324,-100.22328953670839,-109.34163787349058,FLAT
2026-09-30T11:22:36.996383+00:00,2,PERP,DOT|HTX|OKX,DOT,HTX,OKX,-10.716584624456127,-0.3396692250455268,-5.786373188787003,14.514742791338584,-33.70803838783188,12.373871098092515,20.0,46.131133610724035,-100.05279880976892,-90.29137789760355,FLAT
2026-09-30T11:22:37.760572+00:00,2,PERP,DOT|HTX|MEXC,DOT,HTX,MEXC,-9.901366808443557,-0.24226682082319503,-6.38914727278191,14.497319623576704,-31.72662969924689,12.017876385126414,26.0,43.78765994621854,-101.12514237268351,-94.19468360412687,FLAT
2026-09-30T11:22:38.210413+00:00,2,PERP,ARB|GATE|HTX,ARB,GATE,HTX,39.83797651350373,1.5136238275352893,21.067656671991042,12.400914613029947,18.490233876402584,61.20075305463768,20.0,42.54103899513641,-71.11846179072487,-108.67413537778305,FLAT
2026-09-30T12:30:06.764712+00:00,0,PERP,OP|GATE|OKX,OP,GATE,OKX,2.706476905580679,0.1462035380365815,1.7397075767251438,6.6124892860912885,-15.991467096357903,21.46203389863155,20.0,37.443278434751214,-81.17445310783427,-83.16560475665761,FLAT
2026-09-30T12:30:07.341812+00:00,0,PERP,OP|BITGET|GATE,OP,BITGET,GATE,-15.071001312848553,-1.1916148305125192,-3.2432142115928886,9.925847512462123,-32.64062055711281,2.511948446777268,21.999999999999996,35.205622346767804,-92.60302869228772,-68.96078500513795,FLAT
2026-09-30T12:30:08.874594+00:00,0,SPOT,ICP|GATE|HTX,ICP,GATE,HTX,-51.04207936592498,-2.091887335566311,-5.930703442114907,21.564916597957044,-188.47270911735103,87.06120052512922,60.0,276.94585676816905,-525.4878624434052,-435.9377607354132,FLAT
2026-09-30T12:30:09.581484+00:00,0,PERP,ICP|HTX|MEXC,ICP,HTX,MEXC,-67.42638477830742,-1.703050816963875,-35.31234471539857,18.856771473302466,-100.12222356475364,-34.542314335060944,26.0,66.02454861711952,-162.8344274664746,-98.79457899745714,FLAT
2026-09-30T12:30:10.089145+00:00,0,PERP,ICP|BITGET|HTX,ICP,BITGET,HTX,44.49673327323822,0.9170733266571478,27.52731080679858,18.503888373130863,20.43565007194159,68.58347573487134,21.999999999999996,47.93451903760415,-83.02617977246113,-116.99068396567691,FLAT
2026-09-30T12:30:10.537983+00:00,0,PERP,DOT|GATE|HTX,DOT,GATE,HTX,-14.189288796369048,-1.1977732457967467,5.426869023927999,16.377188160726178,-68.53660675545714,40.28493721129456,20.0,108.97602519549955,-208.93950097488468,-169.83409338286612,FLAT
2026-09-30T12:30:11.013897+00:00,0,PERP,ICP|GATE|HTX,ICP,GATE,HTX,47.53673292999139,0.663919405097827,34.88278687139004,19.059461075304494,17.26618705035765,77.87712719930839,20.0,60.324098598838106,-103.9406984198705,-129.31843892675647,FLAT
2026-09-30T12:30:11.513145+00:00,0,PERP,ICP|HTX|OKX,ICP,HTX,OKX,-44.41260744985631,-0.5389625714472158,-34.96751944506945,17.524571287807657,-71.44898542440714,-17.236426314275466,20.0,54.45404319064852,-116.9355091699862,-98.1851363214425,FLAT
2026-09-30T12:30:12.114034+00:00,0,PERP,DOT|BITGET|HTX,DOT,BITGET,HTX,17.00644802225204,0.6791603556312612,7.159970858249634,14.49801520710138,-18.872392794962998,52.91450613654547,21.999999999999996,71.6650103127662,-125.69737396597884,-145.41954559106205,FLAT
2026-09-30T12:30:12.611032+00:00,0,PERP,DOT|HTX|OKX,DOT,HTX,OKX,0.15918662933378513,0.3942750103823535,-5.454571453982451,14.23817877240614,-34.54960361368165,35.08916702515297,20.0,69.63695955630138,-124.73199171600058,-136.1806980354368,FLAT
2026-09-30T12:30:13.324933+00:00,0,PERP,DOT|HTX|MEXC,DOT,HTX,MEXC,-1.9441266942776814,0.3026321708423331,-6.193299930287705,14.040718883861755,-34.814974969623606,31.136199004566656,26.0,65.96333272910263,-126.58500776843853,-135.292831663957,FLAT
2026-09-30T12:30:13.769586+00:00,0,PERP,ARB|GATE|HTX,ARB,GATE,HTX,33.51294658282767,0.9058532481243612,21.599216986574604,13.151942238901672,-9.640047209231728,76.77104787332745,20.0,86.122345875705,-143.36161007151134,-167.29417676245782,FLAT
2026-09-30T12:30:24.011705+00:00,1,PERP,OP|GATE|OKX,OP,GATE,OKX,3.625349185616411,0.28516365430754287,1.7397075767251438,6.6124892860912885,-16.018851928907285,23.332223370231553,20.0,39.3367145493441,-83.09527405497653,-86.9292303428505,FLAT
2026-09-30T12:30:24.244758+00:00,1,PERP,OP|BITGET|GATE,OP,BITGET,GATE,-5.216136080973266,-0.19876608691633937,-3.2432142115928886,9.925847512462123,-28.152628148470082,17.751753082992927,21.999999999999996,45.92831659180596,-98.83773052868315,-94.92328388639177,FLAT
2026-09-30T12:30:24.895840+00:00,1,SPOT,ICP|GATE|HTX,ICP,GATE,HTX,-31.68840587241317,-1.194426248452935,-5.930703442114907,21.564916597957044,-92.8578093562027,29.637237137107864,60.0,122.88424780548154,-275.81135371956935,-224.45218838470433,FLAT
2026-09-30T12:30:25.628486+00:00,1,PERP,ICP|HTX|MEXC,ICP,HTX,MEXC,-49.586214106275285,-0.7569625272855298,-35.31234471539857,18.856771473302466,-62.803311447331424,-36.33772180881678,26.0,26.597439026695117,-86.08840575862797,-57.5720619332769,FLAT
2026-09-30T12:30:26.086742+00:00,1,PERP,ICP|BITGET|HTX,ICP,BITGET,HTX,48.05936760992058,1.1096076883459909,27.52731080679858,18.503888373130863,30.875781813466396,65.26099813218389,21.999999999999996,34.22074411704028,-58.87227311037247,-99.95443144242559,FLAT
2026-09-30T12:30:26.547511+00:00,1,PERP,DOT|GATE|HTX,DOT,GATE,HTX,11.025114139211478,0.34183188593439523,5.426869023927999,16.377188160726178,-24.973176831096787,47.065893628950306,20.0,71.95970899987636,-128.35975485490115,-139.59873360489865,FLAT
2026-09-30T12:30:27.001050+00:00,1,PERP,ICP|GATE|HTX,ICP,GATE,HTX,58.500704021786646,1.239170250254271,34.88278687139004,19.059461075304494,42.23833272401612,74.77710670118043,20.0,32.349520951502896,-50.99397509887682,-98.24384078129329,FLAT
2026-09-30T12:30:27.565922+00:00,1,PERP,ICP|HTX|OKX,ICP,HTX,OKX,-52.44429648050719,-0.9972727291535419,-34.96751944506945,17.524571287807657,-65.65800742221018,-39.19919862621746,20.0,26.598264288912386,-83.28875226605311,-48.36658510776438,FLAT
2026-09-30T12:30:28.056982+00:00,1,PERP,DOT|BITGET|HTX,DOT,BITGET,HTX,9.175900160145467,0.13904864032066924,7.159970858249634,14.49801520710138,-24.99392601209238,43.37348411156627,21.999999999999996,68.30472312176889,-128.4586199921109,-132.5182363750855,FLAT
2026-09-30T12:30:28.560811+00:00,1,PERP,DOT|HTX|OKX,DOT,HTX,OKX,-2.8997411275277774,0.17943519092525959,-5.454571453982451,14.23817877240614,-34.17633791307995,28.56183671779533,20.0,62.75582678663104,-117.47759324572854,-122.77223495840883,FLAT
2026-09-30T12:30:29.273754+00:00,1,PERP,DOT|HTX|MEXC,DOT,HTX,MEXC,-2.7694106845899125,0.24385426943011962,-6.193299930287705,14.040718883861755,-32.56362442377814,27.201016767053332,26.0,59.78067735623608,-118.15100184972651,-125.17499405357712,FLAT
2026-09-30T12:30:29.823390+00:00,1,PERP,ARB|GATE|HTX,ARB,GATE,HTX,25.497237249656468,0.29638362093410403,21.599216986574604,13.151942238901672,-7.109949990211639,58.14972890046954,20.0,65.0936765481268,-119.80284352491304,-127.64418846202173,FLAT
2026-09-30T12:30:40.111211+00:00,2,PERP,OP|GATE|OKX,OP,GATE,OKX,-1.449799166500787,-0.48234584665940256,1.7397075767251438,6.6124892860912885,-18.421446302500087,15.566161267954737,20.0,33.9924780210723,-80.15363190029754,-73.81893171230189,FLAT
2026-09-30T12:30:40.366445+00:00,2,PERP,OP|BITGET|GATE,OP,BITGET,GATE,-6.984053453571448,-0.37687857256338586,-3.2432142115928886,9.925847512462123,-26.027824749219608,12.08156718778941,21.999999999999996,38.1360138059662,-88.92062434359292,-81.4607952053485,FLAT
2026-09-30T12:30:40.725472+00:00,2,SPOT,ICP|GATE|HTX,ICP,GATE,HTX,-9.23903559616246,-0.1534127034073931,-5.930703442114907,21.564916597957044,-111.11489278301856,92.83077955381414,60.0,204.13408808808106,-375.31827742898474,-368.8955710840101,FLAT
2026-09-30T12:30:41.454050+00:00,2,PERP,ICP|HTX|MEXC,ICP,HTX,MEXC,-49.54373408433299,-0.7547097544817422,-35.31234471539857,18.856771473302466,-71.24536905101064,-27.75329135661253,26.0,43.708444309412094,-111.64146864502418,-83.26749766819813,FLAT
2026-09-30T12:30:41.911935+00:00,2,PERP,ICP|BITGET|HTX,ICP,BITGET,HTX,49.4842199831691,1.186610550907436,27.52731080679858,18.503888373130863,24.296363430988954,74.69554342331763,21.999999999999996,50.15100075031575,-81.38194812612537,-125.3192333668348,FLAT
2026-09-30T12:30:42.511513+00:00,2,PERP,DOT|GATE|HTX,DOT,GATE,HTX,5.376756857320419,-0.003059876098129757,5.426869023927999,16.377188160726178,-31.99617857566284,42.78092555926038,20.0,74.73690687160514,-138.159954471196,-138.09096340693753,FLAT
2026-09-30T12:30:42.981231+00:00,2,PERP,ICP|GATE|HTX,ICP,GATE,HTX,57.005944554793246,1.1607441362583106,34.88278687139004,19.059461075304494,33.588687303924836,80.43665613329365,20.0,46.58241749451097,-73.87651706197616,-118.13628675641458,FLAT
2026-09-30T12:30:43.462340+00:00,2,PERP,ICP|HTX|OKX,ICP,HTX,OKX,-48.94202340559595,-0.7974234422641173,-34.96751944506945,17.524571287807657,-71.24536905101064,-26.547407669537115,20.0,44.91761089072676,-107.19546049666795,-79.3377226662591,FLAT
2026-09-30T12:30:44.184978+00:00,2,PERP,DOT|BITGET|HTX,DOT,BITGET,HTX,-2.6145432350699327,-0.674196705803691,7.159970858249634,14.49801520710138,-39.834828565581404,34.63592886375322,21.999999999999996,74.49022098344368,-149.4850204072747,-129.96617898894726,FLAT
2026-09-30T12:30:44.711786+00:00,2,PERP,DOT|HTX|OKX,DOT,HTX,OKX,3.038357704812089,0.5964898527088308,-5.454571453982451,14.23817877240614,-33.0762832031084,39.39923063077222,20.0,72.45266356176981,-126.07437531089576,-143.3064656465245,FLAT
2026-09-30T12:30:45.466407+00:00,2,PERP,DOT|HTX|MEXC,DOT,HTX,MEXC,2.234931785209948,0.6002706688462346,-6.193299930287705,14.040718883861755,-32.84426731313128,37.55330319062278,26.0,70.38102824781373,-129.03199563065732,-146.12763136872422,FLAT
2026-09-30T12:30:45.939750+00:00,2,PERP,ARB|GATE|HTX,ARB,GATE,HTX,30.549006354501085,0.6804918395591953,21.599216986574604,13.151942238901672,-7.205508674260619,68.3639798146607,20.0,75.33928608696324,-130.14401174779846,-148.10404891504933,FLAT
2026-09-30T12:56:28.361607+00:00,0,PERP,OP|GATE|OKX,OP,GATE,OKX,0.8454458061346593,-0.1433123133204575,1.791504256178525,6.601375891047167,-4.7593230738463,6.454047382955519,20.0,11.212421197349977,-43.7632485273748,-41.87496432412697,FLAT
2026-09-30T12:56:28.716127+00:00,0,PERP,OP|BITGET|GATE,OP,BITGET,GATE,-3.8618306228987986,-0.0634327895423014,-3.2321097103778844,9.92737221655643,-10.960397616047723,3.241971301657376,21.999999999999996,14.207853820629246,-49.93614172629908,-48.681934832664496,FLAT
2026-09-30T12:56:29.045471+00:00,0,SPOT,ICP|GATE|HTX,ICP,GATE,HTX,-18.520692721274436,-0.5818803830762918,-5.968379452177881,21.571982204890364,-110.78815783806428,73.87086014067678,60.0,185.00157031754992,-355.82134870343634,-330.8408099104046,FLAT
2026-09-30T12:56:29.799923+00:00,0,PERP,ICP|HTX|MEXC,ICP,HTX,MEXC,-59.33041390026816,-1.2674746311545624,-35.583949520896695,18.735258123265506,-81.75923315478006,-36.80634201585376,26.0,45.22098729330822,-123.39627092719158,-75.99859479835115,FLAT
2026-09-30T12:56:30.284798+00:00,0,PERP,ICP|BITGET|HTX,ICP,BITGET,HTX,52.90922634298978,1.3689554334420129,27.762249662607335,18.369463363138504,28.509588756389093,77.32394407502285,21.999999999999996,48.55743701736823,-75.81009792358647,-126.11913142978375,FLAT
2026-09-30T12:56:30.764775+00:00,0,PERP,DOT|GATE|HTX,DOT,GATE,HTX,4.361080187826882,-0.0796462529230981,5.643633722917991,16.103124604361103,-30.049301841278407,38.79899052255497,20.0,68.8182691578947,-130.5112047220911,-127.97362595753168,FLAT
2026-09-30T12:56:31.218163+00:00,0,PERP,ICP|GATE|HTX,ICP,GATE,HTX,62.5444207533743,1.4463428198366093,34.99530231373015,19.047433334481738,39.795338260375516,85.2999715666769,20.0,45.22179528768413,-66.42175934103877,-121.52646454063088,FLAT
2026-09-30T12:56:31.702208+00:00,0,PERP,ICP|HTX|OKX,ICP,HTX,OKX,-62.155671705041996,-1.5447385957187503,-35.07867576555974,17.528529431792713,-84.57851705666819,-39.637599093996776,20.0,45.22179528768413,-120.72163657879258,-66.6628719592471,FLAT
2026-09-30T12:56:32.195613+00:00,0,PERP,DOT|BITGET|HTX,DOT,BITGET,HTX,12.367771728591936,0.3552445636278861,7.263799775555897,14.36748785375469,-22.07334128275229,46.83645969030481,21.999999999999996,68.82466915891871,-126.1618102172269,-136.3973290736676,FLAT
2026-09-30T12:56:32.711427+00:00,0,PERP,DOT|HTX|OKX,DOT,HTX,OKX,-10.82742884608301,-0.3702130119730789,-5.637302509673641,14.019297454587532,-40.54393107445375,19.059165343213724,20.0,59.667215271584695,-120.5738438363648,-110.36368312447206,FLAT
2026-09-30T12:56:33.465030+00:00,0,PERP,DOT|HTX|MEXC,DOT,HTX,MEXC,-10.621484727405539,-0.31584975148464667,-6.183996071266354,14.04936567238328,-39.445944240878994,18.367960853524767,26.0,57.87490600948004,-123.13685417909268,-114.42686293427116,FLAT
2026-09-30T12:56:33.921625+00:00,0,PERP,ARB|GATE|HTX,ARB,GATE,HTX,54.63688081154938,2.5050939743310505,21.61100548085747,13.183487593319128,39.670312111295125,69.61681193287549,20.0,29.78376465915782,-37.72445802872017,-103.78957111117585,FLAT
2026-09-30T12:56:44.313758+00:00,1,PERP,OP|GATE|OKX,OP,GATE,OKX,-7.125878292199017,-1.350836961196432,1.791504256178525,6.601375891047167,-10.411209652948505,-3.839633359009609,20.0,6.576262331434156,-44.77897624056119,-26.945124716246024,FLAT
2026-09-30T12:56:44.694527+00:00,1,PERP,OP|BITGET|GATE,OP,BITGET,GATE,2.8629035272431658,0.6139603819282667,-3.2321097103778844,9.92737221655643,-4.423037334315705,10.157443903973107,21.999999999999996,14.576303111367814,-43.767230735305624,-55.965856725718794,FLAT
2026-09-30T12:56:45.017780+00:00,1,SPOT,ICP|GATE|HTX,ICP,GATE,HTX,-14.71339198472199,-0.405387527649713,-5.968379452177881,21.571982204890364,-102.47005676302435,73.1553743499913,60.0,175.88414479531806,-338.38582210616454,-321.00789859748727,FLAT
2026-09-30T12:56:46.228914+00:00,1,PERP,ICP|HTX|MEXC,ICP,HTX,MEXC,-59.33041390026816,-1.2674746311545624,-35.583949520896695,18.735258123265506,-81.75923315478006,-36.80634201585376,26.0,45.22098729330822,-123.39627092719158,-75.99859479835115,FLAT
2026-09-30T12:56:46.781403+00:00,1,PERP,ICP|BITGET|HTX,ICP,BITGET,HTX,53.31555822210676,1.391075398031308,27.762249662607335,18.369463363138504,28.489732538330426,78.15883469735718,21.999999999999996,49.405686850470566,-76.67820397474748,-127.8022718852204,FLAT
2026-09-30T12:56:47.235655+00:00,1,PERP,DOT|GATE|HTX,DOT,GATE,HTX,7.020037683029834,0.0854743407834701,5.643633722917991,16.103124604361103,-32.732728973314806,46.83645969030481,20.0,79.51331908970921,-143.889681785942,-146.70614505709602,FLAT
2026-09-30T12:56:47.686499+00:00,1,PERP,ICP|GATE|HTX,ICP,GATE,HTX,61.11426947128962,1.3712591454658654,34.99530231373015,19.047433334481738,36.94231315714447,85.2999715666769,20.0,48.063915394533275,-72.11690455111895,-124.36858464748002,FLAT
2026-09-30T12:56:48.208831+00:00,1,PERP,ICP|HTX|OKX,ICP,HTX,OKX,-59.33041390026816,-1.383558057684027,-35.07867576555974,17.528529431792713,-81.75923315478006,-36.80634201585376,20.0,45.22098729330822,-117.90154468252854,-69.49332104301419,FLAT
2026-09-30T12:56:48.672099+00:00,1,PERP,DOT|BITGET|HTX,DOT,BITGET,HTX,11.024447462015807,0.26174705868828213,7.263799775555897,14.36748785375469,-24.75891515649531,46.83645969030481,21.999999999999996,71.51652037022231,-131.5392353022735,-139.08918028497123,FLAT
2026-09-30T12:56:49.192465+00:00,1,PERP,DOT|HTX|OKX,DOT,HTX,OKX,-8.8515029147207,-0.2292697202166344,-5.637302509673641,14.019297454587532,-42.5562210626218,25.067967065119934,20.0,67.68341614318814,-130.6023346961363,-124.38868571798172,FLAT
2026-09-30T12:56:49.904446+00:00,1,PERP,DOT|HTX|MEXC,DOT,HTX,MEXC,-9.813148815583927,-0.25831434877172915,-6.183996071266354,14.04936567238328,-41.83666847219936,22.414410806037566,26.0,64.31354315244847,-131.96621555338146,-124.91195002975239,FLAT
2026-09-30T12:56:50.381499+00:00,1,PERP,ARB|GATE|HTX,ARB,GATE,HTX,37.689806250174044,1.219616634483327,21.61100548085747,13.183487593319128,1.753374016923992,73.66274349346557,20.0,71.63934364646859,-117.49697511040208,-149.6910816590767,FLAT
2026-09-30T12:57:00.753104+00:00,2,PERP,OP|GATE|OKX,OP,GATE,OKX,1.65480949996466,-0.020707009943071317,1.791504256178525,6.601375891047167,-4.515565470986083,7.831716063457783,20.0,12.345235178049464,-44.65230490521407,-44.38544698532872,FLAT
2026-09-30T12:57:01.100094+00:00,2,PERP,OP|BITGET|GATE,OP,BITGET,GATE,-5.507381680537327,-0.22919176601083263,-3.2321097103778844,9.92737221655643,-14.433812368328525,3.4256222257278424,21.999999999999996,17.869273465696498,-57.070976123647135,-52.52700540180222,FLAT
2026-09-30T12:57:01.432498+00:00,2,SPOT,ICP|GATE|HTX,ICP,GATE,HTX,-16.82445763140472,-0.5032489863989303,-5.968379452177881,21.571982204890364,-103.96535694049858,70.44014365609198,60.0,174.69933501351915,-338.6963125018398,-317.10785812178904,FLAT
2026-09-30T12:57:02.267531+00:00,2,PERP,ICP|HTX|MEXC,ICP,HTX,MEXC,-59.33041390026816,-1.2674746311545624,-35.583949520896695,18.735258123265506,-81.75923315478006,-36.80634201585376,26.0,45.22098729330822,-123.39627092719158,-75.99859479835115,FLAT
2026-09-30T12:57:03.064003+00:00,2,PERP,ICP|BITGET|HTX,ICP,BITGET,HTX,55.70708032964555,1.5212654890678154,27.762249662607335,18.369463363138504,31.241124680487786,80.1884477544057,21.999999999999996,48.67615755936687,-73.19728254148642,-129.10235565116523,FLAT
2026-09-30T12:57:03.522396+00:00,2,PERP,DOT|GATE|HTX,DOT,GATE,HTX,4.361080187826882,-0.0796462529230981,5.643633722917991,16.103124604361103,-30.049301841278407,38.79899052255497,20.0,68.8182691578947,-130.5112047220911,-127.97362595753168,FLAT
2026-09-30T12:57:03.999896+00:00,2,PERP,ICP|GATE|HTX,ICP,GATE,HTX,61.11426947128962,1.3712591454658654,34.99530231373015,19.047433334481738,36.94231315714447,85.2999715666769,20.0,48.063915394533275,-72.11690455111895,-124.36858464748002,FLAT
2026-09-30T12:57:04.556275+00:00,2,PERP,ICP|HTX|OKX,ICP,HTX,OKX,-64.98092950981804,-1.7059191337535997,-35.07867576555974,17.528529431792713,-87.39780095855743,-42.4688561721398,20.0,45.222603741605944,-123.54172893460364,-63.83242333502589,FLAT
2026-09-30T12:57:05.049205+00:00,2,PERP,DOT|BITGET|HTX,DOT,BITGET,HTX,4.361080187826882,-0.20203389884686349,7.263799775555897,14.36748785375469,-30.049301841278407,38.79899052255497,21.999999999999996,68.8182691578947,-134.13137077472902,-128.35345990489378,FLAT
2026-09-30T12:57:05.541678+00:00,2,PERP,DOT|HTX|OKX,DOT,HTX,OKX,-2.646895800273441,0.21330645983416593,-5.637302509673641,14.019297454587532,-34.419004083172666,29.319044566558095,20.0,63.754334300108155,-118.53603587360718,-124.71068137633989,FLAT
2026-09-30T12:57:06.251732+00:00,2,PERP,DOT|HTX|MEXC,DOT,HTX,MEXC,-3.160181815273777,0.21522781358993762,-6.183996071266354,14.04936567238328,-33.867587701130745,27.73456072517222,26.0,61.621052094614875,-121.30464372447926,-127.53960889105343,FLAT
2026-09-30T12:57:06.702412+00:00,2,PERP,ARB|GATE|HTX,ARB,GATE,HTX,50.39243442257258,2.183142263227858,21.61100548085747,13.183487593319128,28.139868270469215,72.66753609636245,20.0,44.30439578470939,-63.77553299509764,-121.36092640021437,FLAT
2026-09-30T13:22:00.106655+00:00,0,PERP,OP|GATE|OKX,OP,GATE,OKX,1.4403052444911246,-0.028030190798045383,1.6275288332213205,6.679354774254745,-11.553332651721426,14.460760934926764,20.0,26.010319660341345,-65.19118114528409,-64.84355176204679,FLAT
2026-09-30T13:22:00.446243+00:00,0,PERP,OP|BITGET|GATE,OP,BITGET,GATE,-7.048145895954816,-0.39054133237244815,-3.1600926411551935,9.955548702567791,-20.897541496071035,6.811523736507397,21.999999999999996,27.72860494846563,-73.46605380338147,-65.70022132612822,FLAT
2026-09-30T13:22:00.835613+00:00,0,SPOT,ICP|GATE|HTX,ICP,GATE,HTX,-12.807989067449288,-0.3191650993164587,-5.918949090644365,21.584565453926086,-115.14759993876744,89.69123722719186,60.0,205.1014064468736,-380.3300572949967,-366.71159276470985,FLAT
2026-09-30T13:22:01.563771+00:00,0,PERP,ICP|HTX|MEXC,ICP,HTX,MEXC,-50.53449808961275,-0.7392679134099949,-36.336693928513945,19.205221684259357,-63.8411501141567,-37.195994277540166,26.0,26.780451427940967,-86.28490761358373,-57.92115107891475,FLAT
2026-09-30T13:22:02.066448+00:00,0,PERP,ICP|BITGET|HTX,ICP,BITGET,HTX,47.54586227496027,0.9875204622198492,28.731456183071845,19.052168346563153,31.572904707233285,63.53144214766626,21.999999999999996,31.807301895616703,-56.96585337145527,-94.60728786021112,FLAT
2026-09-30T13:22:02.533347+00:00,0,PERP,DOT|GATE|HTX,DOT,GATE,HTX,7.390821583013185,0.09017104239983476,5.956441355591905,15.9073266677009,-22.715660261150017,37.52136935990747,20.0,60.1925327791825,-114.86463439592443,-117.75746078349806,FLAT
2026-09-30T13:22:03.495813+00:00,0,PERP,ICP|GATE|HTX,ICP,GATE,HTX,49.68217627197902,0.7129984292817885,35.75488373951399,19.533412642288912,42.07853394889716,57.29017473503406,20.0,15.136438418511585,-34.81278820912842,-62.67172941403165,FLAT
2026-09-30T13:22:04.004384+00:00,0,PERP,ICP|HTX|OKX,ICP,HTX,OKX,-45.162267651699395,-0.5202834884293198,-35.74465141337367,18.10093237199686,-51.26744517231718,-39.05134302822688,20.0,12.271520409269693,-53.794314168213205,-34.964828794416476,FLAT
2026-09-30T13:22:04.429811+00:00,0,PERP,DOT|BITGET|HTX,DOT,BITGET,HTX,7.390821583013185,-0.00527442771816708,7.4655318242525555,14.164615619252986,-22.715660261150017,37.52136935990747,21.999999999999996,60.1925327791825,-118.37372486458507,-118.24837031483742,FLAT
2026-09-30T13:22:04.894736+00:00,0,PERP,DOT|HTX|OKX,DOT,HTX,OKX,-5.71671768076043,0.019433365630076173,-5.983982991420845,13.752909081625054,-33.95652115800285,22.670889344000855,20.0,56.65941530719518,-110.6319534737772,-111.31428764261689,FLAT
2026-09-30T13:22:05.558806+00:00,0,PERP,DOT|HTX|MEXC,DOT,HTX,MEXC,-7.784588707698825,-0.09263649842384565,-6.508419087502116,13.7760995062418,-34.19562066220849,18.764675236264683,26.0,53.001194348221674,-112.68839592292805,-110.27428867198847,FLAT
2026-09-30T13:22:06.024764+00:00,0,PERP,ARB|GATE|HTX,ARB,GATE,HTX,32.86279597890296,0.8553082867963528,21.798017857680016,12.936596420300374,9.784163886499275,55.95851948471786,20.0,46.0231044825478,-84.03695845372854,-106.18360610958565,FLAT
2026-09-30T13:22:16.410230+00:00,1,PERP,OP|GATE|OKX,OP,GATE,OKX,0.7832451759237635,-0.1264019783096128,1.6275288332213205,6.679354774254745,-10.515518419524916,12.101435902134305,20.0,22.61516631247809,-60.75821356522433,-59.08907338139108,FLAT
2026-09-30T13:22:16.743791+00:00,1,PERP,OP|BITGET|GATE,OP,BITGET,GATE,-4.24951652309824,-0.10942881346781583,-3.1600926411551935,9.955548702567791,-18.224962611683715,9.741029256864486,21.999999999999996,27.97787295910608,-71.0427429296346,-68.87899485712576,FLAT
2026-09-30T13:22:17.062456+00:00,1,SPOT,ICP|GATE|HTX,ICP,GATE,HTX,14.371419385010853,0.9400406285207162,-5.918949090644365,21.584565453926086,-207.47498668450714,236.518252441702,60.0,443.35587052777413,-710.9119081216369,-751.7930720601205,FLAT
2026-09-30T13:22:17.811531+00:00,1,PERP,ICP|HTX|MEXC,ICP,HTX,MEXC,-47.94349075087467,-0.6043563054454969,-36.336693928513945,19.205221684259357,-68.1624538483383,-27.647852865695377,26.0,40.70963206071169,-104.53539198053605,-81.39847312353027,FLAT
2026-09-30T13:22:18.286894+00:00,1,PERP,ICP|BITGET|HTX,ICP,BITGET,HTX,42.32240217852734,0.71335428851106,28.731456183071845,19.052168346563153,21.776017060641806,62.87510717347678,21.999999999999996,40.92588098157558,-75.88132010400561,-103.06953197198051,FLAT
2026-09-30T13:22:18.754870+00:00,1,PERP,DOT|GATE|HTX,DOT,GATE,HTX,-0.5991112086678463,-0.41210900493861746,5.956441355591905,15.9073266677009,-30.678377212257637,29.504179767767535,20.0,60.18615320911589,-122.82097177696545,-109.73389162129153,FLAT
2026-09-30T13:22:19.204813+00:00,1,PERP,ICP|GATE|HTX,ICP,GATE,HTX,49.61114084693907,0.7093618181918167,35.75488373951399,19.533412642288912,27.72450516966618,71.51029748283744,20.0,43.569634803795765,-77.60001337364358,-105.32504854711922,FLAT
2026-09-30T13:22:19.653781+00:00,1,PERP,ICP|HTX|OKX,ICP,HTX,OKX,-45.09801355023213,-0.5167337209285767,-35.74465141337367,18.10093237199686,-65.32235160465638,-24.7969803250625,20.0,40.70881480041823,-96.28651499170093,-77.65648588872939,FLAT
2026-09-30T13:22:20.111968+00:00,1,PERP,DOT|BITGET|HTX,DOT,BITGET,HTX,7.390821583013185,-0.00527442771816708,7.4655318242525555,14.164615619252986,-22.715660261150017,37.52136935990747,21.999999999999996,60.1925327791825,-118.37372486458507,-118.24837031483742,FLAT
2026-09-30T13:22:20.549321+00:00,1,PERP,DOT|HTX|OKX,DOT,HTX,OKX,-3.2246864501650485,0.20063366411273884,-5.983982991420845,13.752909081625054,-30.674164728584643,24.36845891398365,20.0,55.06000378105105,-105.75018551821485,-111.41244568645554,FLAT
2026-09-30T13:22:21.279389+00:00,1,PERP,DOT|HTX|MEXC,DOT,HTX,MEXC,-3.7923335591572016,0.19715925593556327,-6.508419087502116,13.7760995062418,-30.213758595987183,22.767377863206484,26.0,53.00087521683654,-108.7062147253216,-114.27667216754513,FLAT
2026-09-30T13:22:21.733680+00:00,1,PERP,ARB|GATE|HTX,ARB,GATE,HTX,37.75441697110304,1.2334310041846799,21.798017857680016,12.936596420300374,8.932656059070787,66.61681380926598,20.0,57.46716519230765,-96.33252699091688,-128.28596114389362,FLAT
2026-09-30T13:22:32.104138+00:00,2,PERP,OP|GATE|OKX,OP,GATE,OKX,1.16682109220001,-0.06897488703506012,1.6275288332213205,6.679354774254745,-10.689563896386645,13.04508816304173,20.0,23.731862801508665,-62.04895553111663,-61.149422131329075,FLAT
2026-09-30T13:22:32.483237+00:00,2,PERP,OP|BITGET|GATE,OP,BITGET,GATE,-4.517276633970724,-0.13632437883262805,-3.1600926411551935,9.955548702567791,-17.411880023179283,8.386915597304867,21.999999999999996,25.81045135140383,-68.06223873342792,-65.3574595898639,FLAT
2026-09-30T13:22:32.823913+00:00,2,SPOT,ICP|GATE|HTX,ICP,GATE,HTX,-25.211200896744224,-0.8937984805522564,-5.918949090644365,21.584565453926086,-206.94461206571592,156.77441291014117,60.0,364.6381466556352,-631.6638096307067,-593.3315086564207,FLAT
2026-09-30T13:22:33.533535+00:00,2,PERP,ICP|HTX|MEXC,ICP,HTX,MEXC,-45.07877295713003,-0.45519282059530247,-36.336693928513945,19.205221684259357,-70.94211123722994,-19.09523524379675,26.0,52.08137377089923,-118.68679107961523,-101.32283245561644,FLAT
2026-09-30T13:22:34.040656+00:00,2,PERP,ICP|BITGET|HTX,ICP,BITGET,HTX,38.1246721709183,0.4930260859017085,28.731456183071845,19.052168346563153,10.577368937514375,65.69551556698138,21.999999999999996,54.90879858128378,-101.06288582684124,-119.87285796519332,FLAT
2026-09-30T13:22:34.491265+00:00,2,PERP,DOT|GATE|HTX,DOT,GATE,HTX,-2.1712231702186724,-0.5109384307995276,5.956441355591905,15.9073266677009,-39.62905868699185,35.320719409013265,20.0,74.9660393752229,-146.55153941780665,-130.33031742864426,FLAT
2026-09-30T13:22:34.890126+00:00,2,PERP,ICP|GATE|HTX,ICP,GATE,HTX,49.58986981327573,0.7082728618454336,35.75488373951399,19.533412642288912,24.858622201626712,74.32818753573488,20.0,49.22545592855896,-86.12171746644624,-113.79875972477984,FLAT
2026-09-30T13:22:35.410322+00:00,2,PERP,ICP|HTX|OKX,ICP,HTX,OKX,-46.5009045609921,-0.5942375191821029,-35.74465141337367,18.10093237199686,-70.94211123722994,-21.946107784429625,20.0,49.22463913533937,-110.42209895919564,-89.02318276428342,FLAT
2026-09-30T13:22:35.872081+00:00,2,PERP,DOT|BITGET|HTX,DOT,BITGET,HTX,-1.6092651374677303,-0.6406666587821513,7.4655318242525555,14.164615619252986,-38.509799935507736,35.320719409013265,21.999999999999996,73.84239079603097,-147.81772255579125,-129.69757838079167,FLAT
2026-09-30T13:22:36.394861+00:00,2,PERP,DOT|HTX|OKX,DOT,HTX,OKX,0.429613048140709,0.466344683986213,-5.983982991420845,13.752909081625054,-33.40042193694881,34.48320486483247,20.0,67.87997436401258,-121.29641330954055,-134.3471622202659,FLAT
2026-09-30T13:22:37.108769+00:00,2,PERP,DOT|HTX|MEXC,DOT,HTX,MEXC,-1.1831071465429055,0.38656166344808773,-6.508419087502116,13.7760995062418,-34.401127554672954,32.25442575684801,26.0,66.6627173187054,-126.55542578587624,-137.42556216305553,FLAT
2026-09-30T13:22:37.581948+00:00,2,PERP,ARB|GATE|HTX,ARB,GATE,HTX,43.20161193370087,1.6544996365840006,21.798017857680016,12.936596420300374,18.70348790904197,67.73656157953,20.0,48.82212655658002,-77.91665650521806,-120.76067027843001,FLAT
2026-09-30T13:41:13.544760+00:00,0,PERP,OP|GATE|OKX,OP,GATE,OKX,3.444689055009942,0.21699967281240518,1.9434801179857912,6.918023965510474,-12.80010451616409,19.72894743005993,20.0,32.517802694943704,-73.26138732909358,-76.30327000701784,FLAT
2026-09-30T13:41:13.908825+00:00,0,PERP,OP|BITGET|GATE,OP,BITGET,GATE,-9.388213525693967,-0.5716805928706162,-3.539317123794982,10.231056423534596,-29.035483900600177,10.2875190251428,21.999999999999996,39.3599342714161,-92.85610104822129,-81.18677042035388,FLAT
2026-09-30T13:41:14.253531+00:00,0,SPOT,ICP|GATE|HTX,ICP,GATE,HTX,-22.17825985029398,-0.7684196722570767,-5.3159356220691985,21.944159990978797,-109.56302734909995,65.35156752037308,60.0,175.3032667088366,-345.55035843586734,-311.9707698512789,FLAT
2026-09-30T13:41:15.224476+00:00,0,PERP,ICP|HTX|MEXC,ICP,HTX,MEXC,-42.9598454179414,-0.3500306820593578,-36.27018778678036,19.111632134084225,-63.52873231302403,-22.311638155985136,26.0,41.394772812824186,-100.65331733906785,-87.35332244361942,FLAT
2026-09-30T13:41:15.885947+00:00,0,PERP,ICP|BITGET|HTX,ICP,BITGET,HTX,34.398082103976876,0.32536426872843016,28.33845318505222,18.624137624597033,10.727912830614805,58.08887598024892,21.999999999999996,47.19860003617448,-92.8091403906119,-104.94902283137118,FLAT
2026-09-30T13:41:16.467424+00:00,0,PERP,DOT|GATE|HTX,DOT,GATE,HTX,-11.36504554374862,-1.0712741382186757,5.809638602683388,16.03201602065203,-48.622939350292384,25.92299218982408,20.0,74.63073752399386,-155.06331547696962,-120.74409111113455,FLAT
2026-09-30T13:41:16.926931+00:00,0,PERP,ICP|GATE|HTX,ICP,GATE,HTX,46.0191088017603,0.5463222863101985,35.48360446801018,19.28441251208288,19.450591813621187,72.60293519326,20.0,52.90885712483034,-94.94186977921933,-116.02818785008017,FLAT
2026-09-30T13:41:17.517764+00:00,0,PERP,ICP|HTX|OKX,ICP,HTX,OKX,-50.17113903397208,-0.8289460572260122,-35.436599377920274,17.775028335811765,-75.01442585112761,-25.210443606842325,20.0,50.05483627859801,-115.63266275180534,-86.28099204967594,FLAT
2026-09-30T13:41:18.087808+00:00,0,PERP,DOT|BITGET|HTX,DOT,BITGET,HTX,4.817433118795567,-0.18418115921367714,7.43122607544037,14.191424181516963,-32.507348968673355,42.17246219337278,21.999999999999996,74.6438397407743,-142.58241478488802,-137.3850758587067,FLAT
2026-09-30T13:41:18.549425+00:00,0,PERP,DOT|HTX|OKX,DOT,HTX,OKX,5.938536356380197,0.8516372020306261,-5.838344570798407,13.828518645143793,-29.74425094066868,41.85956168999194,20.0,71.56052349523516,-121.46642986510543,-145.25842975602552,FLAT
2026-09-30T13:41:19.466726+00:00,0,PERP,DOT|HTX|MEXC,DOT,HTX,MEXC,3.6862588513852934,0.7336962450207031,-6.451722600292877,13.817682072765825,-29.89081370017854,37.48751052246702,26.0,67.35275037344643,-122.79184147333208,-143.2919834962063,FLAT
2026-09-30T13:41:19.859039+00:00,0,PERP,ARB|GATE|HTX,ARB,GATE,HTX,37.6474516196712,1.1790665316067115,22.107610785914275,13.1797828342908,15.213466809191889,60.10571397200515,20.0,44.72386009769123,-77.61800407441362,-108.7219632837821,FLAT
2026-09-30T13:41:30.243506+00:00,1,PERP,OP|GATE|OKX,OP,GATE,OKX,3.241310904051886,0.18760137179870687,1.9434801179857912,6.918023965510474,-13.190028872086534,19.718099607579642,20.0,32.897402639839015,-74.03091162991134,-76.67202212943286,FLAT
2026-09-30T13:41:30.594475+00:00,1,PERP,OP|BITGET|GATE,OP,BITGET,GATE,-3.6906128402136584,-0.014787887990789454,-3.539317123794982,10.231056423534596,-24.00232432078986,16.647577967920935,21.999999999999996,40.66489287767051,-89.12790007466539,-88.85178796938644,FLAT
2026-09-30T13:41:30.974275+00:00,1,SPOT,ICP|GATE|HTX,ICP,GATE,HTX,-35.847179064850685,-1.3913152043793349,-5.3159356220691985,21.944159990978797,-118.04198345148453,46.453085681092965,60.0,165.08679109646107,-343.8128389258764,-282.85581239962323,FLAT
2026-09-30T13:41:32.028197+00:00,1,PERP,ICP|HTX|MEXC,ICP,HTX,MEXC,-54.43300235123072,-0.9503539225233558,-36.27018778678036,19.111632134084225,-69.22411306605092,-39.606390977444676,26.0,29.77977981897949,-94.73370509825006,-58.44357662831518,FLAT
2026-09-30T13:41:32.506471+00:00,1,PERP,ICP|BITGET|HTX,ICP,BITGET,HTX,46.312628350495544,0.9651010708654075,28.33845318505222,18.624137624597033,27.8092333096569,64.82854613821144,21.999999999999996,36.84865279619206,-65.37787267158737,-101.33874574935128,FLAT
2026-09-30T13:41:32.903980+00:00,1,PERP,DOT|GATE|HTX,DOT,GATE,HTX,-7.594595135710369,-0.8360915883022302,5.809638602683388,16.03201602065203,-41.66690661676631,26.50526065535397,20.0,68.22396948578496,-141.70051470523467,-114.91959153845553,FLAT
2026-09-30T13:41:33.343845+00:00,1,PERP,ICP|GATE|HTX,ICP,GATE,HTX,49.3547268300798,0.7192919334918034,35.48360446801018,19.28441251208288,23.235550392100013,75.48890148212806,20.0,51.99671840183062,-90.24477247774078,-118.0020154159485,FLAT
2026-09-30T13:41:33.794450+00:00,1,PERP,ICP|HTX|OKX,ICP,HTX,OKX,-60.225404867642055,-1.3945859900419508,-35.436599377920274,17.775028335811765,-77.87712719930839,-42.521076388887245,20.0,35.57019548031697,-104.01072330170508,-54.48571846935,FLAT
2026-09-30T13:41:34.230795+00:00,1,PERP,DOT|BITGET|HTX,DOT,BITGET,HTX,0.4866061621999762,-0.48935327592315425,7.43122607544037,14.191424181516963,-33.61651608048244,34.61731992772998,21.999999999999996,68.23050471270209,-137.2782468686249,-123.41659856499169,FLAT
2026-09-30T13:41:34.755451+00:00,1,PERP,DOT|HTX|OKX,DOT,HTX,OKX,5.562643244942933,0.8244547451758373,-5.838344570798407,13.828518645143793,-26.32548306628624,37.64313329711166,20.0,63.93247454045838,-110.41961303594621,-133.41395240836843,FLAT
2026-09-30T13:41:35.964063+00:00,1,PERP,DOT|HTX|MEXC,DOT,HTX,MEXC,4.769934879853555,0.8121230044989913,-6.451722600292877,13.817682072765825,-25.628923089325852,35.35217264319268,26.0,60.95147082582398,-112.12867131485694,-134.75536606930953,FLAT
2026-09-30T13:41:36.441152+00:00,1,PERP,ARB|GATE|HTX,ARB,GATE,HTX,45.25405292482576,1.7562081583536946,22.107610785914275,13.1797828342908,18.019112056646414,72.53026181469168,20.0,54.26554493158671,-84.35404366085456,-130.6881959603641,FLAT
2026-09-30T13:41:46.795248+00:00,2,PERP,OP|GATE|OKX,OP,GATE,OKX,5.73618341836335,0.5482350623943956,1.9434801179857912,6.918023965510474,-11.156581676856625,22.674804335027776,20.0,33.81192871538808,-72.9119905102305,-80.54325293243006,FLAT
2026-09-30T13:41:47.138081+00:00,2,PERP,OP|BITGET|GATE,OP,BITGET,GATE,-8.904810404196661,-0.5244319900395998,-3.539317123794982,10.231056423534596,-28.513604902212776,10.729575683345871,21.999999999999996,39.278140335829306,-92.2524281142471,-81.54703314297016,FLAT
2026-09-30T13:41:47.472568+00:00,2,SPOT,ICP|GATE|HTX,ICP,GATE,HTX,-34.77568512505913,-1.3424869995069657,-5.3159356220691985,21.944159990978797,-118.86842305492861,49.4499407149096,60.0,168.9056397889031,-348.45812722176254,-289.6715161258819,FLAT
2026-09-30T13:41:48.130721+00:00,2,PERP,ICP|HTX|MEXC,ICP,HTX,MEXC,-50.11520112368495,-0.7244286223055224,-36.27018778678036,19.111632134084225,-66.33977502163324,-33.842274305555534,26.0,32.66111058451888,-94.73069781937176,-67.0890240657437,FLAT
2026-09-30T13:41:48.612706+00:00,2,PERP,ICP|BITGET|HTX,ICP,BITGET,HTX,43.07840592851164,0.791443504154107,28.33845318505222,18.624137624597033,25.2269519927939,60.94022054556003,21.999999999999996,35.560078397849566,-66.67157959010788,-96.16184575835737,FLAT
2026-09-30T13:41:49.060443+00:00,2,PERP,DOT|GATE|HTX,DOT,GATE,HTX,-10.548506584738826,-1.0203423678188739,5.809638602683388,16.03201602065203,-46.87706111847434,25.809392500317774,20.0,72.7631960772758,-151.44989579843352,-118.76294997491019,FLAT
2026-09-30T13:41:49.455655+00:00,2,PERP,ICP|GATE|HTX,ICP,GATE,HTX,51.82673206608035,0.847478635287966,35.48360446801018,19.28441251208288,33.95719317014656,69.70665117630004,20.0,35.56513253268653,-63.09154383055015,-95.7881792409764,FLAT
2026-09-30T13:41:49.903080+00:00,2,PERP,ICP|HTX|OKX,ICP,HTX,OKX,-55.8924604059452,-1.1508201641969833,-35.436599377920274,17.775028335811765,-72.1084511104686,-39.62814236111112,20.0,32.6627972534971,-95.33464898604541,-54.471254270306254,FLAT
2026-09-30T13:41:50.324716+00:00,2,PERP,DOT|BITGET|HTX,DOT,BITGET,HTX,-2.4762225496544055,-0.6981292714792026,7.43122607544037,14.191424181516963,-38.83738184635499,33.91433137865274,21.999999999999996,72.76972075073448,-147.03832867252984,-127.25282605394685,FLAT
2026-09-30T13:41:50.798793+00:00,2,PERP,DOT|HTX|OKX,DOT,HTX,OKX,2.195814984007338,0.5809848300437537,-5.838344570798407,13.828518645143793,-32.37960736003909,36.99562775434151,20.0,69.35927932126499,-121.90054211050568,-138.19325164640492,FLAT
2026-09-30T13:41:51.792400+00:00,2,PERP,DOT|HTX|MEXC,DOT,HTX,MEXC,3.689257303987059,0.7339132461491105,-6.451722600292877,13.817682072765825,-28.965651683582337,36.55609281194128,26.0,65.49689554069035,-120.0108246239798,-140.50471095292448,FLAT
2026-09-30T13:41:52.189660+00:00,2,PERP,ARB|GATE|HTX,ARB,GATE,HTX,48.81108128362399,2.02609336082787,22.107610785914275,13.1797828342908,22.68770198220471,74.96817964899982,20.0,52.026508903686775,-77.44641770739634,-130.88707776677234,FLAT
2026-09-30T13:59:37.838570+00:00,0,PERP,OP|GATE|OKX,OP,GATE,OKX,0.7763852182196551,-0.15107458635061025,1.78355248906914,6.666688919551801,-10.737503178672725,12.310477551757959,20.0,23.046173748727774,-61.567229416469644,-59.57309881141659,FLAT
2026-09-30T13:59:38.200606+00:00,0,PERP,OP|BITGET|GATE,OP,BITGET,GATE,-7.018981438777772,-0.364305295608612,-3.378997288385662,9.991576280303903,-19.912754229161056,5.884485917611038,21.999999999999996,25.815356254206144,-70.34911319498153,-63.078839460202836,FLAT
2026-09-30T13:59:38.518808+00:00,0,SPOT,ICP|GATE|HTX,ICP,GATE,HTX,-32.11305276692222,-1.2234979580493317,-5.71968239209504,21.572059194039944,-108.14701587535392,44.036560509552736,60.0,152.67377058297043,-321.1011040662293,-268.4300134846182,FLAT
2026-09-30T13:59:39.288795+00:00,0,PERP,ICP|HTX|MEXC,ICP,HTX,MEXC,-60.288686175106186,-1.2461244545004153,-36.34351297827337,19.21571566174961,-74.47122343480773,-46.06968039159276,26.0,28.573763683577187,-98.70147414011154,-50.84759627025779,FLAT
2026-09-30T13:59:39.764843+00:00,0,PERP,ICP|BITGET|HTX,ICP,BITGET,HTX,50.67519726014824,1.1796396714124042,28.53607726859767,18.7676970587493,35.06692444380066,66.29188029133371,21.999999999999996,31.06751832037549,-52.53667114517249,-96.82332134311153,FLAT
2026-09-30T13:59:40.236857+00:00,0,PERP,DOT|GATE|HTX,DOT,GATE,HTX,-0.19895577443307388,-0.386072435567551,5.944882412899027,15.913692927339577,-27.375201288245556,26.999188406191532,20.0,54.37546270622748,-113.69554640737206,-101.42976869951998,FLAT
2026-09-30T13:59:40.683830+00:00,0,PERP,ICP|GATE|HTX,ICP,GATE,HTX,59.19924991723002,1.1934898929384419,35.802224242277006,19.603874162141558,43.3776749566217,75.02998088186442,20.0,31.466026758504885,-49.890576044160184,-96.6937833980923,FLAT
2026-09-30T13:59:41.195587+00:00,0,PERP,ICP|HTX|OKX,ICP,HTX,OKX,-57.413028338038075,-1.2141952326685073,-35.631865189586726,17.938765169240224,-71.599253302701,-43.19032536711731,20.0,28.572926922925806,-90.54031503604008,-47.01446674539522,FLAT
2026-09-30T13:59:41.705947+00:00,0,PERP,DOT|BITGET|HTX,DOT,BITGET,HTX,13.23236955050211,0.41225042939839024,7.342001873607269,14.288323933320909,-19.317285044362364,45.808273866811966,21.999999999999996,65.03948567988712,-119.69877259785676,-131.5057576730918,FLAT
2026-09-30T13:59:42.242695+00:00,0,PERP,DOT|HTX|OKX,DOT,HTX,OKX,-7.606044727939132,-0.12992583193025548,-5.805155740590925,13.860900181227464,-37.78864471633781,22.74902168436732,20.0,60.583254953906774,-118.56674392965365,-115.13743237886501,FLAT
2026-09-30T13:59:43.027060+00:00,0,PERP,DOT|HTX|MEXC,DOT,HTX,MEXC,-4.651982015430045,0.1293744331815125,-6.440904111665621,13.82747774999498,-28.547712632593925,19.35467301792393,26.0,47.924423145572625,-102.03123166650093,-105.72000027516218,FLAT
2026-09-30T13:59:43.497292+00:00,0,PERP,ARB|GATE|HTX,ARB,GATE,HTX,38.149889108618495,1.209240647262976,22.141881140206735,13.238066388724748,20.629905106608337,55.687360975120725,20.0,34.92421166474415,-62.43618769834255,-94.46969149965814,FLAT
2026-09-30T13:59:53.837821+00:00,1,PERP,OP|GATE|OKX,OP,GATE,OKX,0.47127126635793104,-0.1968415263629,1.78355248906914,6.666688919551801,-10.017486933270314,10.977435169678973,20.0,20.99391828981733,-58.79495771215679,-56.18780097042716,FLAT
2026-09-30T13:59:54.198456+00:00,1,PERP,OP|BITGET|GATE,OP,BITGET,GATE,-2.2529332227494425,0.11270134301591593,-3.378997288385662,9.991576280303903,-14.307922703914455,9.811858149622044,21.999999999999996,24.125212119393325,-63.05413753492212,-65.31606755740103,FLAT
2026-09-30T13:59:54.612617+00:00,1,SPOT,ICP|GATE|HTX,ICP,GATE,HTX,-36.530917786483656,-1.428293660667375,-5.71968239209504,21.572059194039944,-102.27887374751332,29.31431540907692,60.0,132.07560154078305,-294.63479289620136,-233.109599341955,FLAT
2026-09-30T13:59:55.374875+00:00,1,PERP,ICP|HTX|MEXC,ICP,HTX,MEXC,-54.08990086733789,-0.9235351001987452,-36.34351297827337,19.21571566174961,-71.55803673937866,-36.565264976957664,26.0,35.182984953212525,-102.39750871431782,-66.96123295452823,FLAT
2026-09-30T13:59:55.892788+00:00,1,PERP,ICP|BITGET|HTX,ICP,BITGET,HTX,43.9953828348405,0.8237188354996313,28.53607726859767,18.7676970587493,24.65699565208368,63.34581569489073,21.999999999999996,38.51934894208701,-70.39843055860099,-101.32908736838007,FLAT
2026-09-30T13:59:56.338312+00:00,1,PERP,DOT|GATE|HTX,DOT,GATE,HTX,-7.208185998786032,-0.8265252114478223,5.944882412899027,15.913692927339577,-35.32847738783818,20.934746526652948,20.0,56.303799629386894,-123.57715943012411,-97.29366374314083,FLAT
2026-09-30T13:59:56.791966+00:00,1,PERP,ICP|GATE|HTX,ICP,GATE,HTX,55.8374294507713,1.0220023370271225,35.802224242277006,19.603874162141558,36.69945751581416,74.98647019540616,20.0,38.07441175158253,-63.17717847804538,-103.25865770471168,FLAT
2026-09-30T13:59:57.298856+00:00,1,PERP,ICP|HTX|OKX,ICP,HTX,OKX,-51.21494492019929,-0.8686818509299079,-35.631865189586726,17.938765169240224,-68.68771526980399,-33.68565956221148,20.0,35.18214964296086,-94.23799972317812,-63.12835527033611,FLAT
2026-09-30T13:59:57.788142+00:00,1,PERP,DOT|BITGET|HTX,DOT,BITGET,HTX,0.8407804240917471,-0.45500238375436247,7.342001873607269,14.288323933320909,-27.3053924259925,29.009633510155286,21.999999999999996,56.310282343632736,-118.9576766432325,-105.97791398018074,FLAT
2026-09-30T13:59:58.289970+00:00,1,PERP,DOT|HTX|OKX,DOT,HTX,OKX,3.0594959111507336,0.6395437190830878,-5.805155740590925,13.860900181227464,-22.464588633648308,28.707046122309343,20.0,51.1556857998695,-93.81511869292689,-111.66788766276977,FLAT
2026-09-30T13:59:59.022378+00:00,1,PERP,DOT|HTX|MEXC,DOT,HTX,MEXC,0.7701093171608164,0.5214988271327398,-6.440904111665621,13.82747774999498,-24.10489545527583,25.76544001291925,26.0,49.86620490585417,-99.53019624946438,-114.07254903043905,FLAT
2026-09-30T13:59:59.471518+00:00,1,PERP,ARB|GATE|HTX,ARB,GATE,HTX,33.40076048975682,0.8504927395695496,22.141881140206735,13.238066388724748,11.06337047369177,55.760582022814646,20.0,44.54840523042573,-81.62691589694069,-104.16710611303364,FLAT
2026-09-30T14:00:09.850394+00:00,2,PERP,OP|GATE|OKX,OP,GATE,OKX,-1.7963515414542996,-0.5369838121626523,1.78355248906914,6.666688919551801,-11.396492181137141,7.818727744706155,20.0,19.21866065903872,-58.398705329245004,-51.25383591467573,FLAT
2026-09-30T14:00:10.226661+00:00,2,PERP,OP|BITGET|GATE,OP,BITGET,GATE,-2.8836200528004063,0.04957948792942492,-3.378997288385662,9.991576280303903,-17.873849463898583,12.124677260154648,21.999999999999996,30.007168769241897,-72.50202094475482,-73.5108433177822,FLAT
2026-09-30T14:00:11.373200+00:00,2,SPOT,ICP|GATE|HTX,ICP,GATE,HTX,-31.739742986276465,-1.2061927125329972,-5.71968239209504,21.572059194039944,-99.96456640726237,36.581124385306474,60.0,136.98039549156937,-297.2252795067367,-245.28120226897087,FLAT
2026-09-30T14:00:12.103064+00:00,2,PERP,ICP|HTX|MEXC,ICP,HTX,MEXC,-67.52873563218299,-1.6229019622717593,-36.34351297827337,19.21571566174961,-80.36739380022917,-54.66052934407384,26.0,25.88160570372964,-101.90548652568543,-39.56458933792917,FLAT
2026-09-30T14:00:12.637640+00:00,2,PERP,ICP|BITGET|HTX,ICP,BITGET,HTX,58.36391261109242,1.5893178182236978,28.53607726859767,18.7676970587493,43.34007512279747,73.39811278195496,21.999999999999996,29.88362157873019,-43.07962372453038,-102.74565709208748,FLAT
2026-09-30T14:00:13.097898+00:00,2,PERP,DOT|GATE|HTX,DOT,GATE,HTX,-0.562656462059774,-0.4089270105104837,5.944882412899027,15.913692927339577,-34.20931125933002,33.11108903955695,20.0,67.32417743554358,-133.47837110777263,-120.4903840622015,FLAT
2026-09-30T14:00:14.070031+00:00,2,PERP,ICP|GATE|HTX,ICP,GATE,HTX,69.38395905915718,1.7130152203145774,35.802224242277006,19.603874162141558,54.960948799538386,83.81531838405066,20.0,28.65554366187034,-35.49681910460896,-102.66863780364399,FLAT
2026-09-30T14:00:14.655567+00:00,2,PERP,ICP|HTX|OKX,ICP,HTX,OKX,-66.09195402298873,-1.6980036555488343,-35.631865189586726,17.938765169240224,-80.36739380022917,-51.78365937859586,20.0,28.77386877865733,-99.50939738929978,-38.6220745896482,FLAT
2026-09-30T14:00:15.209281+00:00,2,PERP,DOT|BITGET|HTX,DOT,BITGET,HTX,-0.562656462059774,-0.5532250229317017,7.342001873607269,14.288323933320909,-34.20931125933002,33.11108903955695,21.999999999999996,67.32417743554358,-136.87549056848087,-121.09326460149326,FLAT
2026-09-30T14:00:15.737794+00:00,2,PERP,DOT|HTX|OKX,DOT,HTX,OKX,-2.2629874369017866,0.2555511011100477,-5.805155740590925,13.860900181227464,-33.00695281553301,28.663757245923627,20.0,61.68412738171276,-114.88592445665483,-122.15304036822731,FLAT
2026-09-30T14:00:16.517357+00:00,2,PERP,DOT|HTX|MEXC,DOT,HTX,MEXC,-4.668994571919161,0.12814408902209978,-6.440904111665621,13.82747774999498,-34.606808087293,25.446805506217363,26.0,60.081137928621445,-120.24704190424882,-123.96884754650443,FLAT
2026-09-30T14:00:16.960590+00:00,2,PERP,ARB|GATE|HTX,ARB,GATE,HTX,46.948553938916945,1.8738894390074055,22.141881140206735,13.238066388724748,18.998733235355836,74.93511914082873,20.0,55.674975807611574,-84.81812371246247,-134.46821380823357,FLAT
2026-09-30T14:25:19.664246+00:00,0,PERP,OP|GATE|OKX,OP,GATE,OKX,-3.1625464416606963,-0.7089699346953077,1.550438817961513,6.64765179590824,-17.114280373239367,10.81977751967056,20.0,27.94286145408535,-72.60758064528622,-63.21220015579439,FLAT
2026-09-30T14:25:20.063887+00:00,0,PERP,OP|BITGET|GATE,OP,BITGET,GATE,-0.3075171653244002,0.30182527336920917,-3.3157862084340195,9.966922284303674,-17.896347919145185,17.303480363262125,21.999999999999996,35.20089681108144,-77.7814585217926,-83.82016338277758,FLAT
2026-09-30T14:25:20.476499+00:00,0,SPOT,ICP|GATE|HTX,ICP,GATE,HTX,-46.82692722653869,-1.9071221582328604,-5.856595427957489,21.482804141159118,-130.5156554736009,36.98665730172523,60.0,168.29027133629177,-358.94933138193517,-277.1335240659745,FLAT
2026-09-30T14:25:21.148747+00:00,0,PERP,ICP|HTX|MEXC,ICP,HTX,MEXC,-57.643522073284046,-1.1345759683198957,-36.15388440078051,18.940677638647546,-75.31704908510184,-39.912136403380536,26.0,35.61008721401922,-106.77325189834055,-63.85183521141919,FLAT
2026-09-30T14:25:21.626221+00:00,0,PERP,ICP|BITGET|HTX,ICP,BITGET,HTX,43.44749412812598,0.8057533613048148,28.431449247109153,18.63603132439964,28.424109866367342,58.479532163742135,21.999999999999996,29.925401435404083,-57.932740816145895,-87.97348435203706,FLAT
2026-09-30T14:25:22.026454+00:00,0,PERP,DOT|GATE|HTX,DOT,GATE,HTX,-4.477089266297085,-0.5976621888873173,5.430733930189295,16.577630943881566,-40.25300534280518,31.328031639661358,20.0,71.61308688525273,-143.2968261582472,-123.5103845947248,FLAT
2026-09-30T14:25:22.420269+00:00,0,PERP,ICP|GATE|HTX,ICP,GATE,HTX,56.631983633523845,1.096687022395386,35.485303386828,19.282329246959833,43.010343625364825,70.2576112412201,20.0,27.093829302512475,-45.56878906397565,-87.86613715690459,FLAT
2026-09-30T14:25:22.943294+00:00,0,PERP,ICP|HTX|OKX,ICP,HTX,OKX,-56.313071538950375,-1.173496225626097,-35.434616185304606,17.791668092077977,-69.76744186046658,-42.8261468959501,20.0,27.093829302512475,-87.42665497767445,-45.70229859186698,FLAT
2026-09-30T14:25:23.418366+00:00,0,PERP,DOT|BITGET|HTX,DOT,BITGET,HTX,-4.889315169628317,-0.8590867951420537,7.501802695471685,14.42359251145407,-41.21738273506481,31.468407961168232,21.999999999999996,72.7213343491788,-149.44051977971532,-124.68793961487535,FLAT
2026-09-30T14:25:23.898021+00:00,0,PERP,DOT|HTX|OKX,DOT,HTX,OKX,13.96201179237444,1.3767952547819247,-5.558949324448062,14.178550549925083,-19.79670967322211,47.93939012839754,20.0,67.64095358278225,-107.87871393155629,-147.13929303562784,FLAT
2026-09-30T14:25:24.626656+00:00,0,PERP,DOT|HTX|MEXC,DOT,HTX,MEXC,10.19474566633205,1.1485807222536635,-6.274367853142994,14.338664405894363,-22.425250610055294,43.02604620678218,26.0,65.38395735637302,-113.53484011328531,-146.68437141629818,FLAT
2026-09-30T14:25:25.030911+00:00,0,PERP,ARB|GATE|HTX,ARB,GATE,HTX,36.02294940471484,1.0985738649780656,21.861908328527374,12.890385915443394,8.526377132243024,63.5500123094146,20.0,54.82611843215149,-94.16164962843584,-122.51422241303871,FLAT
2026-09-30T14:25:36.167565+00:00,1,PERP,OP|GATE|OKX,OP,GATE,OKX,-1.442600741404787,-0.45024012256607276,1.550438817961513,6.64765179590824,-14.237063286456353,11.377945842325765,20.0,25.618678319560317,-67.40618042397818,-61.44618534392457,FLAT
2026-09-30T14:25:36.576502+00:00,1,PERP,OP|BITGET|GATE,OP,BITGET,GATE,-0.2087717286725077,0.3117325881686233,-3.3157862084340195,9.966922284303674,-14.17150457565075,13.764619693001912,21.999999999999996,27.93670344143319,-66.79242180864992,-73.0171093428691,FLAT
2026-09-30T14:25:36.907186+00:00,1,SPOT,ICP|GATE|HTX,ICP,GATE,HTX,-36.89120917191646,-1.444625829106706,-5.856595427957489,21.482804141159118,-111.3162934011358,37.640360655737396,60.0,149.5081315080674,-320.9678294812457,-259.0050875917623,FLAT
2026-09-30T14:25:37.589142+00:00,1,PERP,ICP|HTX|MEXC,ICP,HTX,MEXC,-57.75991074303599,-1.140720873585294,-36.15388440078051,18.940677638647546,-72.65329845975165,-42.8261468959501,26.0,30.000378828168618,-98.49979288713976,-55.32811633299903,FLAT
2026-09-30T14:25:38.065113+00:00,1,PERP,ICP|BITGET|HTX,ICP,BITGET,HTX,44.14500184193537,0.8431812718758901,28.431449247109153,18.63603132439964,24.94828227373569,63.354660046794905,21.999999999999996,38.237573638321535,-69.72074061169499,-101.16078443800728,FLAT
2026-09-30T14:25:38.501596+00:00,1,PERP,DOT|GATE|HTX,DOT,GATE,HTX,-2.680845681072297,-0.4893087340839492,5.430733930189295,16.577630943881566,-37.93693992993341,32.60824291446029,20.0,70.5640845548977,-139.9317584150204,-123.7415935391687,FLAT
2026-09-30T14:25:38.888809+00:00,1,PERP,ICP|GATE|HTX,ICP,GATE,HTX,55.20404534175238,1.0226327795970684,35.485303386828,19.282329246959833,31.328967976229638,79.08611599297011,20.0,47.49495562430267,-77.65129103490102,-117.09576823044478,FLAT
2026-09-30T14:25:39.395486+00:00,1,PERP,ICP|HTX|OKX,ICP,HTX,OKX,-51.98836206795732,-0.9304212397050916,-35.434616185304606,17.791668092077977,-75.55943039813995,-28.312011678832683,20.0,47.49409815497503,-113.61891236781038,-80.61670266144696,FLAT
2026-09-30T14:25:39.863172+00:00,1,PERP,DOT|BITGET|HTX,DOT,BITGET,HTX,4.886431127504309,-0.18132594677022773,7.501802695471685,14.42359251145407,-29.804643554366407,39.60584819064916,21.999999999999996,69.37657978407455,-134.68302603391265,-129.48062527925202,FLAT
2026-09-30T14:25:40.362744+00:00,1,PERP,DOT|HTX|OKX,DOT,HTX,OKX,-2.051256772886978,0.2473942974078982,-5.558949324448062,14.178550549925083,-34.12062335840127,30.21500895475926,20.0,64.34822917761264,-118.90990321156585,-126.12218745681996,FLAT
2026-09-30T14:25:41.028773+00:00,1,PERP,DOT|HTX|MEXC,DOT,HTX,MEXC,-2.8433920706316673,0.23928140623061905,-6.274367853142994,14.338664405894363,-33.7532114852801,28.25620711125687,26.0,62.026474334266894,-121.505317966404,-128.55704929866675,FLAT
2026-09-30T14:25:41.422138+00:00,1,PERP,ARB|GATE|HTX,ARB,GATE,HTX,39.4965643053391,1.3680471703864532,21.861908328527374,12.890385915443394,12.369538418739445,66.65161366707694,20.0,54.06850874777032,-89.56087865755825,-124.85821408631989,FLAT
2026-09-30T14:25:51.902816+00:00,2,PERP,OP|GATE|OKX,OP,GATE,OKX,-1.3959837138111109,-0.44322756700135896,1.550438817961513,6.64765179590824,-15.027414749444468,12.265376185682797,20.0,27.29656867211587,-69.87442223952185,-64.01150603983714,FLAT
2026-09-30T14:25:52.807811+00:00,2,PERP,OP|BITGET|GATE,OP,BITGET,GATE,-1.5979516962250084,0.17235355741805358,-3.3157862084340195,9.966922284303674,-19.31938896070129,16.147779709652088,21.999999999999996,35.47282041481584,-79.47642316708311,-82.93638633290195,FLAT
2026-09-30T14:25:53.784671+00:00,2,SPOT,ICP|GATE|HTX,ICP,GATE,HTX,-5.306160518417924,0.02562211645755229,-5.856595427957489,21.482804141159118,-48.47547177724954,37.932452868851826,60.0,86.45374280708587,-195.07261915637793,-196.24279110389517,FLAT
2026-09-30T14:25:54.451004+00:00,2,PERP,ICP|HTX|MEXC,ICP,HTX,MEXC,-56.31774312738202,-1.0645795842836225,-36.15388440078051,18.940677638647546,-72.65329845975165,-39.933142857143665,26.0,32.90539786253861,-101.40481192150975,-61.126139406175454,FLAT
2026-09-30T14:25:55.001222+00:00,2,PERP,ICP|BITGET|HTX,ICP,BITGET,HTX,46.344828614042214,0.9612228620521565,28.431449247109153,18.63603132439964,28.353881239420176,64.34630008774533,21.999999999999996,35.826379031495605,-63.90394703918459,-99.74122987213178,FLAT
2026-09-30T14:25:55.415803+00:00,2,PERP,DOT|GATE|HTX,DOT,GATE,HTX,-11.37552293533517,-1.0137912300265846,5.430733930189295,16.577630943881566,-46.05598072868644,23.33322234398416,20.0,69.46821526848524,-146.95492992736098,-113.37070368228011,FLAT
2026-09-30T14:25:55.828271+00:00,2,PERP,ICP|GATE|HTX,ICP,GATE,HTX,58.10869843677624,1.1732708616369663,35.485303386828,19.282329246959833,40.093247796328946,76.13469985358722,20.0,35.83322675188819,-57.225282342387246,-102.4826232186474,FLAT
2026-09-30T14:25:56.297572+00:00,2,PERP,ICP|HTX|OKX,ICP,HTX,OKX,-59.228231128808375,-1.3373459318352647,-35.434616185304606,17.791668092077977,-75.55943039813995,-42.848000000001996,20.0,32.9062548299046,-99.03106904273994,-51.49287101520721,FLAT
2026-09-30T14:25:56.774592+00:00,2,PERP,DOT|BITGET|HTX,DOT,BITGET,HTX,-3.2248705672677236,-0.7436894278745838,7.501802695471685,14.42359251145407,-37.93693992993341,31.515535178550103,21.999999999999996,69.47486829312307,-142.91361091852815,-121.48860077620148,FLAT
2026-09-30T14:25:57.339716+00:00,2,PERP,DOT|HTX|OKX,DOT,HTX,OKX,9.919194527379105,1.091659108406462,-5.558949324448062,14.178550549925083,-21.630426748121543,41.66285697724037,20.0,63.22996980722792,-105.3014472309014,-136.45177610891636,FLAT
2026-09-30T14:25:58.016685+00:00,2,PERP,DOT|HTX|MEXC,DOT,HTX,MEXC,8.123451107420188,1.004125527524342,-6.274367853142994,14.338664405894363,-23.27890515698927,39.718942815007985,26.0,62.94612189329318,-111.95065919713946,-140.93943256144416,FLAT
2026-09-30T14:25:58.415462+00:00,2,PERP,ARB|GATE|HTX,ARB,GATE,HTX,33.17178400689347,0.877388446905708,21.861908328527374,12.890385915443394,6.179768964786891,60.1888976543874,20.0,53.83055148333911,-95.5126908470796,-118.15754080919913,FLAT
2026-09-30T15:07:16.461183+00:00,0,PERP,OP|GATE|OKX,OP,GATE,OKX,-1.3144741743620347,-0.43084294951994934,1.548072923154148,6.644061602274492,-12.702370672308394,10.093085255939993,20.0,22.798435762874494,-63.04887935833703,-57.343448095660335,FLAT
2026-09-30T15:07:16.681418+00:00,0,PERP,OP|BITGET|GATE,OP,BITGET,GATE,-0.5810602214195715,0.24752078457941473,-3.1042592784605767,10.193887601513563,-13.019541311384275,11.866966901616927,21.999999999999996,24.88795069112152,-62.803232724045216,-67.85917687119903,FLAT
2026-09-30T15:07:16.887599+00:00,0,SPOT,ICP|GATE|HTX,ICP,GATE,HTX,74.53020391861243,3.7639869846131395,-5.992413914488675,21.392905491509605,-53.25289271137068,202.492812570505,60.0,253.8536031983179,-367.1140819951999,-528.3388296833116,FLAT
2026-09-30T15:07:17.673240+00:00,0,PERP,ICP|HTX|MEXC,ICP,HTX,MEXC,-47.96511627907063,-0.6149970978994636,-36.26317717212086,19.027633052120088,-72.50580046403776,-23.31002331002363,26.0,49.43261520068304,-117.67523849259995,-94.38576906278027,FLAT
2026-09-30T15:07:18.299776+00:00,0,PERP,ICP|BITGET|HTX,ICP,BITGET,HTX,42.54096561319365,0.7217585217528606,28.87796535749993,18.93015439916358,15.01143437408814,70.09345794392496,21.999999999999996,54.84868240722307,-96.71521339063486,-124.0641749936481,FLAT
2026-09-30T15:07:18.819532+00:00,0,PERP,DOT|GATE|HTX,DOT,GATE,HTX,5.019190839010701,0.029340846051427488,4.5607965840390055,15.623075563950678,-28.620742940211883,38.68663069654499,20.0,67.27359649409934,-126.45513601835023,-127.39943060660532,FLAT
2026-09-30T15:07:19.341131+00:00,0,PERP,ICP|GATE|HTX,ICP,GATE,HTX,54.06985240391737,0.9511477841317985,35.59578532399141,19.422919748258654,29.222676797193703,78.92429114294109,20.0,49.43432263151379,-81.8074311583115,-118.76282845046347,FLAT
2026-09-30T15:07:19.897589+00:00,0,PERP,AVAX|BITGET|HTX,AVAX,BITGET,HTX,20.408094990882475,2.3454855526430993,-0.8029917197664408,9.043367027669985,0.878080989361596,39.94306472036469,21.999999999999996,38.985421284244474,-65.30434857511644,-107.7314777243756,FLAT
2026-09-30T15:07:20.459005+00:00,0,PERP,ICP|HTX|OKX,ICP,HTX,OKX,-48.54803078910841,-0.7347609545357436,-35.42277291266361,17.863303425993767,-73.66892454439444,-23.31002331002363,20.0,50.60430280192281,-114.85045443365365,-88.71705240456279,FLAT
2026-09-30T15:07:20.995772+00:00,0,PERP,DOT|BITGET|HTX,DOT,BITGET,HTX,5.019190839010701,-0.12687393990010143,6.745204240988034,13.604160187161915,-28.620742940211883,38.68663069654499,21.999999999999996,67.27359649409934,-130.63954367529925,-127.21502294965629,FLAT
2026-09-30T15:07:21.559984+00:00,0,PERP,DOT|HTX|OKX,DOT,HTX,OKX,-3.089501175097542,0.1310379109876369,-4.839512379347671,13.354999259834337,-34.654673092262556,28.662774823546844,20.0,63.33646282786029,-119.15162354077518,-122.8387500307548,FLAT
2026-09-30T15:07:22.075373+00:00,0,PERP,AVAX|GATE|HTX,AVAX,GATE,HTX,21.1355017046011,2.531192304562464,0.02569883930401194,8.339865298755354,0.6126498447445172,41.66763228136139,20.0,40.96839158853542,-66.3814405830949,-108.61032503059279,FLAT
2026-09-30T15:07:32.310544+00:00,1,PERP,OP|GATE|OKX,OP,GATE,OKX,-1.5667347946168864,-0.46881078235408413,1.548072923154148,6.644061602274492,-13.268071011395266,10.15553404846159,20.0,23.427256783141356,-64.24340071769078,-58.0347179084488,FLAT
2026-09-30T15:07:32.531081+00:00,1,PERP,OP|BITGET|GATE,OP,BITGET,GATE,-0.6378926694905473,0.24194563501012406,-3.1042592784605767,10.193887601513563,-13.228037519253943,11.961922030387928,21.999999999999996,25.191562788931982,-63.315341029725346,-68.25774409778047,FLAT
2026-09-30T15:07:32.736815+00:00,1,SPOT,ICP|GATE|HTX,ICP,GATE,HTX,22.460991865504987,1.3300393343618622,-5.992413914488675,21.392905491509605,-45.432874234024865,90.45478958513264,60.0,135.58305733477715,-241.02351765431334,-298.03026083439846,FLAT
2026-09-30T15:07:33.517295+00:00,1,PERP,ICP|HTX|MEXC,ICP,HTX,MEXC,-56.68604651162923,-1.0733268443619066,-36.26317717212086,19.027633052120088,-81.20649651972123,-32.05128205128194,26.0,49.435177095691564,-126.37849644329192,-85.64707221653049,FLAT
2026-09-30T15:07:34.137806+00:00,1,PERP,ICP|BITGET|HTX,ICP,BITGET,HTX,50.64972250423905,1.1501098558235263,28.87796535749993,18.93015439916358,23.786269158878603,77.53188775212027,21.999999999999996,53.47476388339827,-86.5664600820196,-130.12868627801862,FLAT
2026-09-30T15:07:34.678751+00:00,1,PERP,DOT|GATE|HTX,DOT,GATE,HTX,-3.1303389501735612,-0.4922933069567561,4.5607965840390055,15.623075563950678,-34.18425522584756,27.948989695611992,20.0,62.15269042662284,-126.8977422365094,-111.54088353819583,FLAT
2026-09-30T15:07:35.254489+00:00,1,PERP,ICP|GATE|HTX,ICP,GATE,HTX,59.95028512940648,1.2539051862992203,35.59578532399141,19.422919748258654,35.08771929824572,84.82012284293683,20.0,49.436032059631664,-75.94409808537733,-124.66036957857708,FLAT
2026-09-30T15:07:35.803828+00:00,1,PERP,AVAX|BITGET|HTX,AVAX,BITGET,HTX,6.67252539242158,0.8266298480770696,-0.8029917197664408,9.043367027669985,-8.88800584306404,22.236846394794174,21.999999999999996,31.104097488385456,-67.18911161168305,-82.14393560294607,FLAT
2026-09-30T15:07:36.359961+00:00,1,PERP,ICP|HTX|OKX,ICP,HTX,OKX,-53.77906976744229,-1.027598110888467,-35.42277291266361,17.863303425993767,-78.30626450116007,-29.13752913752843,20.0,49.43432263151379,-118.31781422001026,-81.71956640664898,FLAT
2026-09-30T15:07:36.963274+00:00,1,PERP,DOT|BITGET|HTX,DOT,BITGET,HTX,-3.1303389501735612,-0.7259208253428998,6.745204240988034,13.604160187161915,-34.18425522584756,27.948989695611992,21.999999999999996,62.15269042662284,-131.08214989345845,-111.3564758812468,FLAT
2026-09-30T15:07:37.610186+00:00,1,PERP,DOT|HTX|OKX,DOT,HTX,OKX,3.6423665899643076,0.6351089059826119,-4.839512379347671,13.354999259834337,-25.651504023154192,33.094772051835974,20.0,58.72445864643113,-105.53645029023765,-122.65874307761477,FLAT
2026-09-30T15:07:38.136266+00:00,1,PERP,AVAX|GATE|HTX,AVAX,GATE,HTX,7.08271584101583,0.846178774945563,0.02569883930401194,8.339865298755354,-11.288120184769213,25.463692081570954,20.0,36.725797629681814,-74.03961665375503,-88.16379087194875,FLAT
2026-09-30T15:07:48.410042+00:00,2,PERP,OP|GATE|OKX,OP,GATE,OKX,-0.13852103454059517,-0.25384983744241074,1.548072923154148,6.644061602274492,-10.505932821029962,10.24509531134532,20.0,20.75130292736607,-58.80530867155018,-55.44832531555724,FLAT
2026-09-30T15:07:48.625932+00:00,2,PERP,OP|BITGET|GATE,OP,BITGET,GATE,-2.2489964968408493,0.08389956953152398,-3.1042592784605767,10.193887601513563,-16.59234034168233,12.112207566949973,21.999999999999996,28.7109938883155,-70.19907495153726,-71.92746073372605,FLAT
2026-09-30T15:07:48.861035+00:00,2,SPOT,ICP|GATE|HTX,ICP,GATE,HTX,21.47848415896103,1.284112533678622,-5.992413914488675,21.392905491509605,-47.327202742122324,90.39817338259759,60.0,137.43010273073347,-244.7648915583671,-299.82069002781975,FLAT
2026-09-30T15:07:49.688292+00:00,2,PERP,ICP|HTX|MEXC,ICP,HTX,MEXC,-50.87209302325646,-0.7677736800535919,-36.26317717212086,19.027633052120088,-75.40603248259781,-26.22377622377714,26.0,49.43346866665376,-120.57632397713071,-91.47286961499749,FLAT
2026-09-30T15:07:50.259157+00:00,2,PERP,ICP|BITGET|HTX,ICP,BITGET,HTX,45.262082055774755,0.8655035956282928,28.87796535749993,18.93015439916358,17.513134851139256,73.0353491089697,21.999999999999996,55.272030885514134,-94.6368613918748,-127.42941463698389,FLAT
2026-09-30T15:07:50.774234+00:00,2,PERP,DOT|GATE|HTX,DOT,GATE,HTX,-7.217366612088938,-0.7538952972425838,4.5607965840390055,15.623075563950678,-42.32626155327601,27.948989695611992,20.0,70.32596108929562,-143.21301922661064,-119.7141542008686,FLAT
2026-09-30T15:07:51.305475+00:00,2,PERP,ICP|GATE|HTX,ICP,GATE,HTX,57.00920917994567,1.1024822289076321,35.59578532399141,19.422919748258654,32.15434083601254,81.87134502924076,20.0,49.435177095691564,-78.87662158367043,-121.71073680094091,FLAT
2026-09-30T15:07:51.845977+00:00,2,PERP,AVAX|BITGET|HTX,AVAX,BITGET,HTX,6.197674612757886,0.7741216640997088,-0.8029917197664408,9.043367027669985,-11.507861518280649,23.907406468077763,21.999999999999996,35.39333185385263,-74.09820165236684,-88.10373004169683,FLAT
2026-09-30T15:07:52.408935+00:00,2,PERP,ICP|HTX|OKX,ICP,HTX,OKX,-52.325581395349374,-0.9462308330994177,-35.42277291266361,17.863303425993767,-78.30626450116007,-26.22377622377714,20.0,52.35616326641507,-121.23965485491152,-87.55515995530153,FLAT
2026-09-30T15:07:52.940984+00:00,2,PERP,DOT|BITGET|HTX,DOT,BITGET,HTX,-3.1303389501735612,-0.7259208253428998,6.745204240988034,13.604160187161915,-34.18425522584756,27.948989695611992,21.999999999999996,62.15269042662284,-131.08214989345845,-111.3564758812468,FLAT
2026-09-30T15:07:53.508956+00:00,2,PERP,DOT|HTX|OKX,DOT,HTX,OKX,5.254844993565211,0.7558485909671325,-4.839512379347671,13.354999259834337,-23.871652832904154,34.53897186771471,20.0,58.37952178332861,-103.41166223688509,-123.75800603039099,FLAT
2026-09-30T15:07:54.097128+00:00,2,PERP,AVAX|GATE|HTX,AVAX,GATE,HTX,6.599744618822623,0.788267621120898,0.02569883930401194,8.339865298755354,-12.682350480105464,25.892497012347526,20.0,38.549402926649236,-77.2574522460587,-90.41620109969276,FLAT
2026-09-30T15:31:53.292654+00:00,0,PERP,OP|GATE|OKX,OP,GATE,OKX,0.008975717862291788,-0.24022994475546725,1.601303389559534,6.628347990997086,-13.87185578327621,13.922015075251704,20.0,27.793808588755645,-69.26696776159139,-66.11452027444781,FLAT
2026-09-30T15:31:53.629109+00:00,0,PERP,OP|BITGET|GATE,OP,BITGET,GATE,0.4493747589617847,0.32118041180843404,-2.9442490378051485,10.566098279963095,-16.99362880165589,17.91323217207319,21.999999999999996,34.90527996016461,-76.95465972401534,-83.76276117004295,FLAT
2026-09-30T15:31:54.095790+00:00,0,SPOT,ICP|GATE|HTX,ICP,GATE,HTX,40.77633564814054,2.172415878652062,-6.192699282775947,21.620646116829054,-47.83609918793563,129.52430969193074,60.0,176.64003197723068,-284.28343188239035,-378.3570409519374,FLAT
2026-09-30T15:31:54.825362+00:00,0,PERP,ICP|HTX|MEXC,ICP,HTX,MEXC,-45.82713646437475,-0.49840758242943506,-36.34074562548561,19.033399918694524,-66.37806637806554,-25.197003767022387,26.0,41.37049943409575,-103.40782018667568,-84.51424129255898,FLAT
2026-09-30T15:31:55.252732+00:00,0,PERP,ICP|BITGET|HTX,ICP,BITGET,HTX,48.95720302637629,1.0656137807620873,28.833374898195547,18.88472961919555,25.260653044012482,72.6744186046524,21.999999999999996,47.182762942931035,-78.7554847971141,-119.0238066493879,FLAT
2026-09-30T15:31:55.680565+00:00,0,PERP,DOT|GATE|HTX,DOT,GATE,HTX,-16.716306977010433,-1.1934283962398617,3.6550053080067197,17.06957229206302,-58.9403045183301,25.576459289946563,20.0,84.65822514121099,-173.2535349675478,-132.57967912315084,FLAT
2026-09-30T15:31:56.096450+00:00,0,PERP,ICP|GATE|HTX,ICP,GATE,HTX,56.26234783811191,1.04827189992505,35.83628791261335,19.485459761879522,34.00361291585385,78.53403141361292,20.0,44.28127786671517,-72.11395286347468,-112.97902136771475,FLAT
2026-09-30T15:31:56.496916+00:00,0,PERP,APT|GATE|HTX,APT,GATE,HTX,31.007315083140252,1.4660236615663056,7.269554188622333,16.1919357216625,2.6503297465452214,59.385791421993076,20.0,56.56007592526795,-87.17930036734506,-134.6763131586387,FLAT
2026-09-30T15:31:57.060874+00:00,0,PERP,AVAX|BITGET|HTX,AVAX,BITGET,HTX,7.4459741771115695,0.8893065950232367,-1.2114464179201048,9.735023493000705,-9.873801355181344,24.77045381341414,21.999999999999996,34.618477700756394,-71.28083263801763,-88.60037793209062,FLAT
2026-09-30T15:31:57.529192+00:00,0,PERP,ICP|HTX|OKX,ICP,HTX,OKX,-48.718689946882776,-0.7297696721073114,-35.661560238341394,17.892124334020494,-69.26406926407114,-28.09412923789889,20.0,41.37134350373494,-100.9738525294647,-74.93877450417745,FLAT
2026-09-30T15:31:57.977326+00:00,0,PERP,DOT|BITGET|HTX,DOT,BITGET,HTX,-15.389224495307996,-1.3316123695918893,5.613337119667312,15.772278851248688,-56.514685952632206,25.793168037160363,21.999999999999996,82.43467518370488,-172.5626982560044,-130.61450610119795,FLAT
2026-09-30T15:31:58.430442+00:00,0,PERP,DOT|HTX|OKX,DOT,HTX,OKX,26.709119396273184,1.9595235508491766,-3.804516499113046,15.571966911121267,-9.418131959422205,63.085060265426485,20.0,72.30920768145221,-103.92282314176137,-165.19878444599175,FLAT
2026-09-30T15:32:08.780854+00:00,1,PERP,OP|GATE|OKX,OP,GATE,OKX,-2.504985210404209,-0.6195040763612721,1.601303389559534,6.628347990997086,-15.367055816155606,10.38325253696959,20.0,25.756733786123988,-68.72509299183912,-60.53868293353404,FLAT
2026-09-30T15:32:09.087031+00:00,1,PERP,OP|BITGET|GATE,OP,BITGET,GATE,-0.4477950161796418,0.23627018748818854,-2.9442490378051485,10.566098279963095,-17.041741431070847,16.165693470371334,21.999999999999996,33.20891047968964,-75.30640287295533,-80.31885298786611,FLAT
2026-09-30T15:32:09.372059+00:00,1,SPOT,ICP|GATE|HTX,ICP,GATE,HTX,38.19624671395516,2.0530813814199425,-6.192699282775947,21.620646116829054,-51.09465439257832,127.64625581424438,60.0,178.0606437474018,-288.96259885720417,-377.89959884442214,FLAT
2026-09-30T15:32:10.041855+00:00,1,PERP,ICP|HTX|MEXC,ICP,HTX,MEXC,-51.61024342939302,-0.8022475159001823,-36.34074562548561,19.033399918694524,-72.15007215007341,-30.991254708779834,26.0,41.372188064034525,-109.18151458862233,-78.72167898074031,FLAT
2026-09-30T15:32:10.481158+00:00,1,PERP,ICP|BITGET|HTX,ICP,BITGET,HTX,49.50648736602892,1.0946999445954475,28.833374898195547,18.88472961919555,26.356213528178074,72.6744186046524,21.999999999999996,46.09002283182639,-76.56718420184386,-117.93106653828325,FLAT
2026-09-30T15:32:10.873124+00:00,1,PERP,DOT|GATE|HTX,DOT,GATE,HTX,-11.137636976720211,-0.866608842425723,3.6550053080067197,17.06957229206302,-47.60865518366519,25.363056590848032,20.0,73.05306355664608,-150.316724048318,-120.76111483948739,FLAT
2026-09-30T15:32:11.272240+00:00,1,PERP,ICP|GATE|HTX,ICP,GATE,HTX,54.800469316840235,0.9732478286874995,35.83628791261335,19.485459761879522,34.00361291585385,75.60337307356946,20.0,41.3730331154315,-69.20570811219099,-107.1401182763876,FLAT
2026-09-30T15:32:11.672225+00:00,1,PERP,APT|GATE|HTX,APT,GATE,HTX,20.87397127968016,0.8401970786517549,7.269554188622333,16.1919357216625,-8.699122216099253,50.47318611987484,20.0,59.04903801246934,-101.01771441719093,-128.25266994372186,FLAT
2026-09-30T15:32:12.127810+00:00,1,PERP,AVAX|BITGET|HTX,AVAX,BITGET,HTX,6.2795849365082645,0.7694928892379435,-1.2114464179201048,9.735023493000705,-12.955149848115077,25.519523180850268,21.999999999999996,38.450526990221164,-78.19423042041613,-93.18149658899154,FLAT
2026-09-30T15:32:12.589718+00:00,1,PERP,ICP|HTX|OKX,ICP,HTX,OKX,-54.501796911902154,-1.0529904846311349,-35.661560238341394,17.892124334020494,-75.03607503607567,-33.88838017965745,20.0,41.3730331154315,-106.74754791316577,-69.14621317411545,FLAT
2026-09-30T15:32:13.078204+00:00,1,PERP,DOT|BITGET|HTX,DOT,BITGET,HTX,0.4915534584015724,-0.3247332683862769,5.613337119667312,15.772278851248688,-27.323702574779674,28.329460351541602,21.999999999999996,55.65041819185909,-116.58745788630608,-106.36654142373338,FLAT
2026-09-30T15:32:13.531880+00:00,1,PERP,DOT|HTX|OKX,DOT,HTX,OKX,3.776853246666434,0.48686012428943565,-3.804516499113046,15.571966911121267,-22.10306296682174,29.780018784595352,20.0,51.86320100021106,-96.16174746791975,-111.44773628391945,FLAT
2026-09-30T15:32:23.885322+00:00,2,PERP,OP|GATE|OKX,OP,GATE,OKX,-1.1049797336670775,-0.40828923389393623,1.601303389559534,6.628347990997086,-14.292921476209974,12.110567417138451,20.0,26.406377882548366,-68.30060274831789,-62.915641910127285,FLAT
2026-09-30T15:32:24.203547+00:00,2,PERP,OP|BITGET|GATE,OP,BITGET,GATE,-2.458022908295998,0.04601756643047699,-2.9442490378051485,10.566098279963095,-16.72836002112654,11.82323259558915,21.999999999999996,28.558608212744517,-70.34271919606591,-71.32608984613881,FLAT
2026-09-30T15:32:24.488873+00:00,2,SPOT,ICP|GATE|HTX,ICP,GATE,HTX,45.42469023342433,2.3874119782212424,-6.192699282775947,21.620646116829054,-30.179737652528125,121.1255596555172,60.0,150.62104440801795,-240.60808277777014,-343.9393033463111,FLAT
2026-09-30T15:32:25.170868+00:00,2,PERP,ICP|HTX|MEXC,ICP,HTX,MEXC,-58.866172634536305,-1.1834683821741336,-36.34074562548561,19.033399918694524,-77.95983535528794,-39.70447086111717,26.0,38.481770940506664,-112.10086067030899,-67.1180457048751,FLAT
2026-09-30T15:32:25.582914+00:00,2,PERP,ICP|BITGET|HTX,ICP,BITGET,HTX,56.27717490496398,1.4532270548831654,28.833374898195547,18.88472961919555,34.0222186196315,78.55152172534741,21.999999999999996,44.28009877563867,-67.0912550542027,-121.99824560279053,FLAT
2026-09-30T15:32:25.981532+00:00,2,PERP,DOT|GATE|HTX,DOT,GATE,HTX,-6.676606577863398,-0.6052648366985792,3.6550053080067197,17.06957229206302,-33.04585190352927,19.714129575290062,20.0,52.79522201757849,-115.49607922911447,-94.85434628486183,FLAT
2026-09-30T15:32:26.478401+00:00,2,PERP,ICP|GATE|HTX,ICP,GATE,HTX,61.978868810030896,1.3416455765935642,35.83628791261335,19.485459761879522,39.5203121161658,84.44396746623451,20.0,44.6469377277826,-66.96291352423015,-119.25461728140377,FLAT
2026-09-30T15:32:26.876840+00:00,2,PERP,APT|GATE|HTX,APT,GATE,HTX,39.48935973909329,1.9898674318083815,7.269554188622333,16.1919357216625,15.164918488563828,63.83677419354861,20.0,48.48039887046281,-66.58503457052132,-131.04761887538908,FLAT
2026-09-30T15:32:27.306026+00:00,2,PERP,AVAX|BITGET|HTX,AVAX,BITGET,HTX,11.567673382057997,1.312695322118744,-1.2114464179201048,9.735023493000705,-10.11381520682142,33.25445525632409,21.999999999999996,43.31816078353242,-80.22052957243373,-105.78406245777663,FLAT
2026-09-30T15:32:27.730385+00:00,2,PERP,ICP|HTX|OKX,ICP,HTX,OKX,-59.57713677026466,-1.3366538307835052,-35.661560238341394,17.892124334020494,-80.84834777585148,-38.2207317073191,20.0,42.88293002137891,-114.069717558889,-66.3237585524012,FLAT
2026-09-30T15:32:28.147075+00:00,2,PERP,DOT|BITGET|HTX,DOT,BITGET,HTX,2.925821195882694,-0.17039490292627232,5.613337119667312,15.772278851248688,-27.709861450693207,33.603972601290444,21.999999999999996,61.29587056045403,-122.61906913081454,-117.28650604207715,FLAT
2026-09-30T15:32:28.582743+00:00,2,PERP,DOT|HTX|OKX,DOT,HTX,OKX,1.0269857089562073,0.31026923160353403,-3.804516499113046,15.571966911121267,-24.93360218113971,27.11103116697311,20.0,52.03899615796626,-99.16808183999294,-108.95454382405242,FLAT
2026-09-30T15:53:50.237283+00:00,0,PERP,OP|GATE|OKX,OP,GATE,OKX,1.2459816404164492,-0.051987223134251456,1.5906087052811817,6.629072377548804,-10.021913298138285,12.533463068815642,20.0,22.55254935232278,-60.165071355742256,-59.49540371585724,FLAT
2026-09-30T15:53:50.581152+00:00,0,PERP,OP|BITGET|GATE,OP,BITGET,GATE,3.484849724557648,0.6771079456680134,-3.2752620925593594,9.983802228827331,-9.008003052762836,15.9872244933279,21.999999999999996,24.986516493152667,-58.71925745335614,-72.24900307903992,FLAT
2026-09-30T15:53:50.898498+00:00,0,SPOT,ICP|GATE|HTX,ICP,GATE,HTX,-10.860097140412694,-0.24708702419123113,-5.588188420628865,21.336242714646463,-66.65556755702795,45.03145596304048,60.0,111.8083658329653,-238.8757449693644,-228.42801021663465,FLAT
2026-09-30T15:53:51.698837+00:00,0,PERP,ICP|HTX|MEXC,ICP,HTX,MEXC,-48.815506101936855,-0.6267030217584615,-36.69421809849237,19.341358797718016,-68.78761822871726,-28.768699654774245,26.0,40.21509116164396,-104.30849129186885,-80.14060960536207,FLAT
2026-09-30T15:53:52.245856+00:00,0,PERP,APT|GATE|HTX,APT,GATE,HTX,37.79844294585555,1.9751148715212985,8.339186892388001,14.915211504015996,14.493998235218797,61.12331255520465,20.0,46.45371755406871,-66.2989062112379,-125.23784321688535,FLAT
2026-09-30T15:53:52.859007+00:00,0,PERP,ICP|BITGET|HTX,ICP,BITGET,HTX,47.091676630310886,0.9383129925430855,29.069214281321738,19.20730341817322,25.42457427912259,68.77138017316042,21.999999999999996,43.143631635826,-74.78827163802515,-110.84579752766469,FLAT
2026-09-30T15:53:53.390672+00:00,0,PERP,DOT|GATE|HTX,DOT,GATE,HTX,-3.609087114219145,-0.5176464459099309,4.469634613177781,15.606639997684058,-28.206521657792027,21.00828052055803,20.0,49.23256256571869,-107.90871883668851,-91.77120847309894,FLAT
2026-09-30T15:53:53.952046+00:00,0,PERP,ICP|GATE|HTX,ICP,GATE,HTX,53.406466512699865,0.8623685395476887,36.19309099841288,19.960579178033772,31.746031746031633,75.07941091539072,20.0,43.1031767216157,-73.55023597399693,-107.98949663859355,FLAT
2026-09-30T15:53:54.641358+00:00,0,PERP,ICP|HTX|OKX,ICP,HTX,OKX,-54.558506819814,-1.017273655693254,-35.9744876784157,18.26845612032843,-74.5199197477786,-34.522439585730204,20.0,40.216757445168284,-104.76218951453119,-67.66880553785379,FLAT
2026-09-30T15:53:55.205089+00:00,0,PERP,DOT|BITGET|HTX,DOT,BITGET,HTX,4.494999560191726,-0.1593291383870202,6.6530478784730365,13.544592910803795,-20.125651740171556,29.13561894757999,21.999999999999996,49.23912960708252,-104.01782922572711,-99.72170067618947,FLAT
2026-09-30T15:53:56.233610+00:00,0,PERP,DOT|HTX|OKX,DOT,HTX,OKX,3.2443205050913804,0.6064312958290173,-4.860899029458583,13.365437421018624,-18.828802950545676,25.406110129759796,20.0,44.22038884298393,-84.18829276407104,-100.48739800220231,FLAT
2026-09-30T15:53:57.098161+00:00,0,PERP,DOT|HTX|MEXC,DOT,HTX,MEXC,1.2969982726573903,0.5005981823844401,-5.4069471567165515,13.391869298130153,-19.114264446780105,21.79025158459247,26.0,40.899047086918976,-86.60636437698254,-100.096245828228,FLAT
2026-09-30T15:54:07.483430+00:00,1,PERP,OP|GATE|OKX,OP,GATE,OKX,0.6780876256562429,-0.1376544149246952,1.5906087052811817,6.629072377548804,-11.314576369699791,12.6927503273766,20.0,24.005678743564935,-62.910863818545906,-61.10782036566035,FLAT
2026-09-30T15:54:07.823433+00:00,1,PERP,OP|BITGET|GATE,OP,BITGET,GATE,0.8145493477274002,0.4096446771028573,-3.2752620925593594,9.983802228827331,-12.154420883085937,13.79340446438615,21.999999999999996,25.94570817583438,-62.82486696636096,-71.01437473277988,FLAT
2026-09-30T15:54:08.143832+00:00,1,SPOT,ICP|GATE|HTX,ICP,GATE,HTX,-11.708810625374877,-0.2868650439819216,-5.588188420628865,21.336242714646463,-72.20695703224477,48.888308492200935,60.0,121.23713890279942,-253.85590751441532,-241.71363581562923,FLAT
2026-09-30T15:54:08.956080+00:00,1,PERP,ICP|HTX|MEXC,ICP,HTX,MEXC,-53.130384836301836,-0.8497937973080093,-36.69421809849237,19.341358797718016,-74.5199197477786,-31.654676258994208,26.0,43.0940304929361,-112.91973214222233,-80.13357233243426,FLAT
2026-09-30T15:54:09.505520+00:00,1,PERP,APT|GATE|HTX,APT,GATE,HTX,34.687847136671834,1.766562964071232,8.339186892388001,14.915211504015996,10.818250161117593,58.57380320423822,20.0,47.59046635695074,-71.11140308822115,-123.82508266880096,FLAT
2026-09-30T15:54:10.530909+00:00,1,PERP,ICP|BITGET|HTX,ICP,BITGET,HTX,47.567638864827174,0.9630932661793082,29.069214281321738,19.20730341817322,23.475928035769922,71.6780693706709,21.999999999999996,47.97393339112146,-81.56721963667329,-118.58278848047063,FLAT
2026-09-30T15:54:11.063937+00:00,1,PERP,DOT|GATE|HTX,DOT,GATE,HTX,3.962910091348526,-0.03246852121305097,4.469634613177781,15.606639997684058,-20.408579157727978,28.354856856300792,20.0,48.744110578804246,-99.62232434971001,-98.62933282192726,FLAT
2026-09-30T15:54:11.595601+00:00,1,PERP,ICP|GATE|HTX,ICP,GATE,HTX,53.41417641114621,0.8627547957969476,36.19309099841288,19.960579178033772,31.75519630485235,75.07941091539072,20.0,43.0940304929361,-73.53192518649662,-107.98035040991394,FLAT
2026-09-30T15:54:12.631378+00:00,1,PERP,ICP|HTX|OKX,ICP,HTX,OKX,-53.130384836301836,-0.9390994534450954,-35.9744876784157,18.26845612032843,-74.5199197477786,-31.654676258994208,20.0,43.0940304929361,-107.639462562299,-73.41384191235758,FLAT
2026-09-30T15:54:13.182697+00:00,1,PERP,DOT|BITGET|HTX,DOT,BITGET,HTX,4.104776755753381,-0.18813936598175915,6.6530478784730365,13.544592910803795,-20.125651740171556,28.354856856300792,21.999999999999996,48.46060863269405,-103.23930825133864,-98.1624176105218,FLAT
2026-09-30T15:54:13.780817+00:00,1,PERP,DOT|HTX|OKX,DOT,HTX,OKX,-1.9186673513016395,0.22013732775628875,-4.860899029458583,13.365437421018624,-24.256641154332126,20.509630453822147,20.0,44.774680134933405,-90.17042225980694,-96.14520961821414,FLAT
2026-09-30T15:54:14.587771+00:00,1,PERP,DOT|HTX|MEXC,DOT,HTX,MEXC,-4.5082768370519055,0.06710566685340359,-5.4069471567165515,13.391869298130153,-25.03973700800244,16.106202665366887,26.0,41.16433018657081,-92.7971200378567,-94.67748000865424,FLAT
2026-09-30T15:54:24.954977+00:00,2,PERP,OP|GATE|OKX,OP,GATE,OKX,1.6136462207394509,0.0034752246085428336,1.5906087052811817,6.629072377548804,-9.437951639108544,12.683744962502796,20.0,22.118112048108063,-59.146672392497784,-59.211248305329676,FLAT
2026-09-30T15:54:28.629165+00:00,2,PERP,OP|BITGET|GATE,OP,BITGET,GATE,8.287418274028902,1.158143971762788,-3.2752620925593594,9.983802228827331,-5.912405987540392,22.50279648795539,21.999999999999996,28.391664601546115,-59.02880849652714,-82.16972318206086,FLAT
2026-09-30T15:54:28.966585+00:00,2,SPOT,ICP|GATE|HTX,ICP,GATE,HTX,-7.132622262657762,-0.07238546461456899,-5.588188420628865,21.336242714646463,-67.74912742702143,53.58415833573993,60.0,121.41980705240108,-249.58074605879366,-246.5921538087699,FLAT
2026-09-30T15:54:29.790827+00:00,2,PERP,ICP|HTX|MEXC,ICP,HTX,MEXC,-58.89112324044876,-1.147639386358692,-36.69421809849237,19.341358797718016,-77.43045597935149,-40.287769784174145,26.0,37.36260844418575,-110.09884632504487,-65.76905675850398,FLAT
2026-09-30T15:54:30.808302+00:00,2,PERP,APT|GATE|HTX,APT,GATE,HTX,40.5871098266708,2.1620828457980554,8.339186892388001,14.915211504015996,16.286643826459724,64.90318505427695,20.0,48.42001337612062,-66.4725564420489,-130.98401153800955,FLAT
2026-09-30T15:54:31.877689+00:00,2,PERP,ICP|BITGET|HTX,ICP,BITGET,HTX,56.32878249582029,1.4192293223580041,29.069214281321738,19.20730341817322,34.652035807105634,78.02430170520181,21.999999999999996,43.129315589212766,-65.54649406342887,-120.08440301309284,FLAT
2026-09-30T15:54:32.413869+00:00,2,PERP,DOT|GATE|HTX,DOT,GATE,HTX,3.1878237780413876,-0.08213240231892367,4.469634613177781,15.606639997684058,-21.954207146870353,28.354856856300792,20.0,50.29301904962305,-102.71686080967118,-100.17824129274605,FLAT
2026-09-30T15:54:32.960055+00:00,2,PERP,ICP|GATE|HTX,ICP,GATE,HTX,63.60219716680993,1.373161866894135,36.19309099841288,19.960579178033772,43.352601156070314,83.86350491613514,20.0,40.25487055280742,-59.09536039514998,-113.92528447052968,FLAT
2026-09-30T15:54:33.983993+00:00,2,PERP,ICP|HTX|OKX,ICP,HTX,OKX,-58.12335365242727,-1.2124103880549146,-35.9744876784157,18.26845612032843,-84.41760004586519,-31.700288184438598,20.0,53.02519731103477,-127.46830967848426,-83.29939680501187,FLAT
2026-09-30T15:54:34.980476+00:00,2,PERP,DOT|BITGET|HTX,DOT,BITGET,HTX,12.310428298663023,0.4176855264271101,6.6530478784730365,13.544592910803795,-12.03167416656381,36.67228896393926,21.999999999999996,48.644072178734035,-95.32879422377088,-106.66331326420026,FLAT
2026-09-30T15:54:35.792651+00:00,2,PERP,DOT|HTX|OKX,DOT,HTX,OKX,-5.801399175660027,-0.07036807824354509,-4.860899029458583,13.365437421018624,-27.539586381911676,16.025072862277945,20.0,43.58976849755259,-92.2684558500057,-90.47574038928913,FLAT
2026-09-30T15:54:37.089456+00:00,2,PERP,DOT|HTX|MEXC,DOT,HTX,MEXC,-6.217581491778645,-0.06053182845618715,-5.4069471567165515,13.391869298130153,-26.833624181683557,14.482188688444975,26.0,41.34134751406831,-94.76802453903531,-93.23048335922982,FLAT
2026-09-30T16:13:17.283569+00:00,0,PERP,OP|GATE|OKX,OP,GATE,OKX,-1.2042057650263338,-0.4285258850524911,1.652673957843295,6.666761151475559,-13.508281257860189,11.124089662435388,20.0,24.635313704570077,-65.79626892027356,-60.10672940916217,FLAT
2026-09-30T16:13:17.624708+00:00,0,PERP,OP|BITGET|GATE,OP,BITGET,GATE,4.503145880221382,0.7733542587644973,-3.254123278355213,10.030680080522899,-9.284975292735975,18.3017125995244,21.999999999999996,27.57426684249792,-61.60511885687868,-77.13010272037754,FLAT
2026-09-30T16:13:18.016138+00:00,0,SPOT,ICP|GATE|HTX,ICP,GATE,HTX,23.390820905822007,1.3122290967157637,-5.452957770488138,21.980749206445825,-28.10565568604817,74.95670492104534,60.0,102.8218052214991,-191.47450313705914,-249.2314679130326,FLAT
2026-09-30T16:13:18.673961+00:00,0,PERP,ICP|HTX|MEXC,ICP,HTX,MEXC,-55.064065787658876,-0.9656646496694992,-36.837770527547995,18.87435277489848,-76.59150056947617,-33.449242207606034,26.0,43.380954520811805,-115.13468456273998,-78.76948284075377,FLAT
2026-09-30T16:13:19.131103+00:00,0,PERP,APT|GATE|HTX,APT,GATE,HTX,33.36030062945028,1.687357640320013,8.440677872906178,14.768429739541174,6.290099383570169,60.454404986776126,20.0,53.98420213334411,-82.13478062268013,-131.99792924721407,FLAT
2026-09-30T16:13:19.553189+00:00,0,PERP,ICP|BITGET|HTX,ICP,BITGET,HTX,52.280278140333095,1.2405882903151806,29.09550478814019,18.688531508146546,27.808313956370068,76.7723112213381,21.999999999999996,48.70933527967526,-77.99652611144538,-124.38614171287317,FLAT
2026-09-30T16:13:19.956307+00:00,0,PERP,DOT|GATE|HTX,DOT,GATE,HTX,-7.019763222161357,-0.7252008472607224,4.311720528416043,15.62530407042331,-39.06140365754762,25.047634158910093,20.0,64.15406210071573,-133.5271862866794,-110.88997573120979,FLAT
2026-09-30T16:13:20.349890+00:00,0,PERP,ICP|GATE|HTX,ICP,GATE,HTX,61.14209108868618,1.2799170356353378,36.291359350502205,19.415892629203363,39.32129709523835,82.96915002442118,20.0,43.382601731279166,-66.35266398654302,-116.06039240519814,FLAT
2026-09-30T16:13:20.785199+00:00,0,PERP,ICP|HTX|OKX,ICP,HTX,OKX,-62.19714277389765,-1.4708584003853722,-35.947017350601655,17.846806610628416,-85.13388952164136,-39.167286245352926,20.0,46.25410197188493,-121.44097414292463,-69.03383307713365,FLAT
2026-09-30T16:13:21.210923+00:00,0,PERP,DOT|BITGET|HTX,DOT,BITGET,HTX,1.0164090631437084,-0.3959739749501316,6.381957415760617,13.550255047172325,-31.05421829071142,33.11283740441206,21.999999999999996,64.1605239869741,-129.59669969344614,-118.89140397562554,FLAT
2026-09-30T16:13:21.688529+00:00,0,PERP,DOT|HTX|OKX,DOT,HTX,OKX,5.190858042674051,0.7197693785517497,-4.433268225360887,13.371124911426037,-24.653703250284707,35.20337442444399,20.0,59.825551808934286,-106.0459868338581,-125.46219445873916,FLAT
2026-09-30T16:13:22.349448+00:00,0,PERP,DOT|HTX|MEXC,DOT,HTX,MEXC,4.210344336623706,0.6899194391293848,-5.035741299769694,13.40168882335177,-24.183202437266793,32.76368038076738,26.0,56.92246814053919,-108.0699292780363,-126.72188982107627,FLAT
2026-09-30T16:13:32.741942+00:00,1,PERP,OP|GATE|OKX,OP,GATE,OKX,0.07483219189197143,-0.2366729105934894,1.652673957843295,6.666761151475559,-12.661458189500152,12.837151224078802,20.0,25.498392033812344,-65.8125241811558,-62.682869300047855,FLAT
2026-09-30T16:13:33.103651+00:00,1,PERP,OP|BITGET|GATE,OP,BITGET,GATE,3.6783564178954897,0.6911275846302649,-3.254123278355213,10.030680080522899,-10.500226503996624,17.867680690484278,21.999999999999996,28.357472238327546,-63.60357546396896,-77.47927620716703,FLAT
2026-09-30T16:13:33.428317+00:00,1,SPOT,ICP|GATE|HTX,ICP,GATE,HTX,15.806442526236086,0.9671826968704931,-5.452957770488138,21.980749206445825,-32.433518900343294,64.12179872210987,60.0,96.40288009244517,-189.38344122230032,-231.97763658504317,FLAT
2026-09-30T16:13:34.365331+00:00,1,PERP,ICP|HTX|MEXC,ICP,HTX,MEXC,-52.21083499316603,-0.8144949206450722,-36.837770527547995,18.87435277489848,-73.74403758542259,-30.59022018873314,26.0,43.380131624258325,-112.28639868213293,-81.62768196307317,FLAT
2026-09-30T16:13:34.765326+00:00,1,PERP,APT|GATE|HTX,APT,GATE,HTX,25.78129912594873,1.1741682466494432,8.440677872906178,14.768429739541174,-2.513826043237799,54.10846860450347,20.0,56.47667231461722,-93.4311762307612,-128.14446304621453,FLAT
2026-09-30T16:13:35.213293+00:00,1,PERP,ICP|BITGET|HTX,ICP,BITGET,HTX,49.40378056656147,1.0866704946597152,29.09550478814019,18.688531508146546,24.934192914822795,73.89345777819133,21.999999999999996,48.718568473340014,-80.87988034665742,-121.51652146339116,FLAT
2026-09-30T16:13:35.674798+00:00,1,PERP,DOT|GATE|HTX,DOT,GATE,HTX,-5.068509951458022,-0.6003230681206156,4.311720528416043,15.62530407042331,-39.06140365754762,28.951709231885836,20.0,68.04759190060825,-137.42071608657193,-118.68758060407805,FLAT
2026-09-30T16:13:36.091993+00:00,1,PERP,ICP|GATE|HTX,ICP,GATE,HTX,56.811613861531555,1.0568792742582909,36.291359350502205,19.415892629203363,33.5615028915126,80.07507162315352,20.0,46.25080660529266,-74.98066306428227,-116.03451887794398,FLAT
2026-09-30T16:13:36.582252+00:00,1,PERP,ICP|HTX|OKX,ICP,HTX,OKX,-54.53300415412588,-1.0414180648125362,-35.947017350601655,17.846806610628416,-76.87927107061566,-32.09537378728977,20.0,45.02926902459276,-111.96152274460677,-74.88091258790465,FLAT
2026-09-30T16:13:37.039802+00:00,1,PERP,DOT|BITGET|HTX,DOT,BITGET,HTX,-5.068509951458022,-0.8450370363772695,6.381957415760617,13.550255047172325,-39.06140365754762,28.951709231885836,21.999999999999996,68.04759190060825,-141.49095297391648,-118.61734371673347,FLAT
2026-09-30T16:13:37.487222+00:00,1,PERP,DOT|HTX|OKX,DOT,HTX,OKX,4.620483519117702,0.6771121954549898,-4.433268225360887,13.371124911426037,-27.684653448878382,37.12007431903919,20.0,64.77421546794793,-114.02560069146543,-132.327558012348,FLAT
2026-09-30T16:13:38.144412+00:00,1,PERP,DOT|HTX|MEXC,DOT,HTX,MEXC,4.669108715633641,0.7241512725241851,-5.035741299769694,13.40168882335177,-25.661979331891295,35.18276823168742,26.0,60.815804177338535,-113.44204220946014,-133.03431370879565,FLAT
2026-09-30T16:13:48.558220+00:00,2,PERP,OP|GATE|OKX,OP,GATE,OKX,1.7463226131364529,0.014047099208351057,1.652673957843295,6.666761151475559,-9.552058519548545,13.064850344626233,20.0,22.612941968877163,-59.81767444626901,-60.025118355660105,FLAT
2026-09-30T16:13:48.929878+00:00,2,PERP,OP|BITGET|GATE,OP,BITGET,GATE,-1.6319730795788523,0.16171886509731034,-3.254123278355213,10.030680080522899,-14.092125598149652,10.837604667823797,21.999999999999996,24.933795830916857,-63.77179815071129,-67.02552377709586,FLAT
2026-09-30T16:13:49.263691+00:00,2,SPOT,ICP|GATE|HTX,ICP,GATE,HTX,8.129114065120735,0.6179075930508295,-5.452957770488138,21.980749206445825,-43.32999313501173,59.66561949877214,60.0,102.91189621694187,-206.78893158146548,-234.03047348620214,FLAT
2026-09-30T16:13:49.941443+00:00,2,PERP,ICP|HTX|MEXC,ICP,HTX,MEXC,-57.900693915649,-1.1159547370606089,-36.837770527547995,18.87435277489848,-82.23942800227758,-33.449242207606034,26.0,49.074067645561676,-126.47572512029126,-84.46259596550365,FLAT
2026-09-30T16:13:50.378466+00:00,2,PERP,APT|GATE|HTX,APT,GATE,HTX,29.543575084900464,1.4289194981571487,8.440677872906178,14.768429739541174,10.768944621737386,48.340550458711995,20.0,37.460919598724416,-61.132652849893205,-103.36079218453023,FLAT
2026-09-30T16:13:50.812291+00:00,2,PERP,ICP|BITGET|HTX,ICP,BITGET,HTX,52.75084604161373,1.2657677915015366,29.09550478814019,18.688531508146546,25.90360405127612,79.61749751827618,21.999999999999996,53.43202798519839,-84.62392872206246,-131.95402071533437,FLAT
2026-09-30T16:13:51.214835+00:00,2,PERP,DOT|GATE|HTX,DOT,GATE,HTX,-14.715519646637532,-1.2177196737610816,4.311720528416043,15.62530407042331,-53.80836078428985,24.408696162878663,20.0,78.33231443326262,-162.45239574596852,-124.42929006772525,FLAT
2026-09-30T16:13:51.616197+00:00,2,PERP,ICP|GATE|HTX,ICP,GATE,HTX,62.56836518824693,1.3533761408538894,36.291359350502205,19.415892629203363,36.44057362405029,88.71115979095067,20.0,51.94556694040814,-77.79635266686006,-130.3653673808566,FLAT
2026-09-30T16:13:52.093430+00:00,2,PERP,ICP|HTX|OKX,ICP,HTX,OKX,-63.60552783105988,-1.5497736420804038,-35.947017350601655,17.846806610628416,-87.93111269208786,-39.167286245352926,20.0,49.07571485602904,-127.05981019751525,-71.85544596127777,FLAT
2026-09-30T16:13:52.522728+00:00,2,PERP,DOT|BITGET|HTX,DOT,BITGET,HTX,-5.5546924388028,-0.8809169873931165,6.381957415760617,13.550255047172325,-41.95201901948331,30.871868942341507,21.999999999999996,72.864350131129,-149.19832656637294,-125.35426165770988,FLAT
2026-09-30T16:13:52.985314+00:00,2,PERP,DOT|HTX|OKX,DOT,HTX,OKX,11.786712074872696,1.2130602628932972,-4.433268225360887,13.371124911426037,-21.96870607540258,45.76169676921982,20.0,67.64995400690495,-111.18539185694664,-143.84491900148566,FLAT
2026-09-30T16:13:53.644033+00:00,2,PERP,DOT|HTX|MEXC,DOT,HTX,MEXC,10.77946773708538,1.180090751644514,-5.035741299769694,13.40168882335177,-21.96870607540258,43.74065634075386,26.0,65.63791768909995,-114.57088246473283,-146.4143153296235,FLAT
2026-09-30T16:36:21.404468+00:00,0,PERP,OP|GATE|OKX,OP,GATE,OKX,5.23773579185649,0.5577832455381914,1.5262763994818636,6.653945635806128,-5.657596034488455,16.152574325620783,20.0,21.798735311970415,-54.98260774594074,-62.425033238109336,FLAT
2026-09-30T16:36:21.736232+00:00,0,PERP,OP|BITGET|GATE,OP,BITGET,GATE,-1.3648588333137202,0.1770868168352158,-3.1485513364700517,10.072418348431363,-15.518342946091446,12.803891825630132,21.999999999999996,28.326092654364945,-68.69588426398633,-72.27853581646512,FLAT
2026-09-30T16:36:22.056055+00:00,0,SPOT,ICP|GATE|HTX,ICP,GATE,HTX,12.84821395200808,0.8159248211461376,-4.975357213778829,21.84462428873038,-41.113231530950365,66.8880735911892,60.0,107.86266393131883,-210.00053824849036,-245.72609473628685,FLAT
2026-09-30T16:36:22.881625+00:00,0,PERP,ICP|HTX|MEXC,ICP,HTX,MEXC,-49.53270857789293,-0.6754913428290311,-36.79792950362676,18.85261626141874,-66.14108007979569,-32.87349742415735,26.0,33.43310820282663,-94.77625877899555,-69.35754028229604,FLAT
2026-09-30T16:36:23.362238+00:00,0,PERP,APT|GATE|HTX,APT,GATE,HTX,38.68005404469521,2.0776324301169766,8.178644995327794,14.680849512755296,21.51354087573054,55.86178768132388,20.0,34.215892802788254,-46.880996922385506,-107.89903548878434,FLAT
2026-09-30T16:36:23.868433+00:00,0,PERP,ICP|BITGET|HTX,ICP,BITGET,HTX,46.04089005864065,0.895624873240992,29.215350341900287,18.78636940469718,28.402161291858352,63.69374002933359,21.999999999999996,35.12983221289464,-63.943021262936576,-97.60822190032795,FLAT
2026-09-30T16:36:24.359158+00:00,0,PERP,DOT|GATE|HTX,DOT,GATE,HTX,5.439883678644009,0.07435191527204216,4.278388361033839,15.621592441303468,-30.632462229991386,41.559499371170986,20.0,72.15268043103322,-133.06353102205844,-135.43379144117037,FLAT
2026-09-30T16:36:24.829186+00:00,0,PERP,ICP|GATE|HTX,ICP,GATE,HTX,51.50391295684287,0.7870021383899465,36.25107120547824,19.380940670083792,36.430694056195364,66.58145702790775,20.0,29.996269824252792,-55.81664697353567,-86.3266556466823,FLAT
2026-09-30T16:36:25.460268+00:00,0,PERP,ICP|HTX|OKX,ICP,HTX,OKX,-55.68562433903579,-1.0973792343508442,-36.026121992300354,17.914957501783817,-71.84200341977642,-39.48535793230401,20.0,32.5377745896317,-94.35365601710777,-55.078538649628044,FLAT
2026-09-30T16:36:25.976675+00:00,0,PERP,DOT|BITGET|HTX,DOT,BITGET,HTX,10.983377793098992,0.3513371117090538,6.236807572429904,13.510016626423957,-22.59912819472243,44.59296644703903,21.999999999999996,67.1183650896683,-123.95430085682064,-133.47452396427744,FLAT
2026-09-30T16:36:26.558211+00:00,0,PERP,DOT|HTX|OKX,DOT,HTX,OKX,-4.827023262696795,-0.034461395839716996,-4.366447055468832,13.364989896815068,-35.56341090617421,26.09142216124516,20.0,61.68407052153055,-118.88103437223592,-118.14193973824453,FLAT
2026-09-30T16:36:27.718108+00:00,0,PERP,DOT|HTX|MEXC,DOT,HTX,MEXC,-4.126769430428112,0.06365783459397896,-4.9800471072695665,13.404126644957556,-33.95766816359114,25.880823691015742,26.0,59.862674047031554,-120.84029510335313,-122.72354484531687,FLAT
2026-09-30T16:36:38.087797+00:00,1,PERP,OP|GATE|OKX,OP,GATE,OKX,2.7002589339319982,0.17643404360455167,1.5262763994818636,6.653945635806128,-6.816796076931642,12.232784594818913,20.0,19.04442561959925,-53.387498096012756,-55.7509338149363,FLAT
2026-09-30T16:36:38.429220+00:00,1,PERP,OP|BITGET|GATE,OP,BITGET,GATE,0.23011942341888414,0.33543789018802184,-3.1485513364700517,10.072418348431363,-11.699290598822243,12.168628919357882,21.999999999999996,23.867366814601514,-60.418106076953705,-67.18454707042945,FLAT
2026-09-30T16:36:38.781079+00:00,1,SPOT,ICP|GATE|HTX,ICP,GATE,HTX,12.865146675542505,0.8166999648753507,-4.975357213778829,21.84462428873038,-49.668361352502856,75.48756699155001,60.0,124.99505720522049,-235.68806134394453,-271.45798141054934,FLAT
2026-09-30T16:36:39.768941+00:00,1,PERP,ICP|HTX|MEXC,ICP,HTX,MEXC,-53.66794369745742,-0.8948367674758536,-36.79792950362676,18.85261626141874,-68.9915417497866,-38.30140120103076,26.0,30.85567652803811,-95.04928877419795,-61.352204830634115,FLAT
2026-09-30T16:36:40.590241+00:00,1,PERP,APT|GATE|HTX,APT,GATE,HTX,40.19085960467406,2.1805423849303,8.178644995327794,14.680849512755296,20.71621921275746,59.68434031222047,20.0,38.812122732971666,-52.274548515541994,-116.31781804986434,FLAT
2026-09-30T16:36:41.100711+00:00,1,PERP,ICP|BITGET|HTX,ICP,BITGET,HTX,49.22245689714888,1.0649799396708441,29.215350341900287,18.78636940469718,28.992006520209834,69.4708317285464,21.999999999999996,40.28054652468569,-68.50389034637614,-108.5360279113318,FLAT
2026-09-30T16:36:41.588620+00:00,1,PERP,DOT|GATE|HTX,DOT,GATE,HTX,2.91975847953152,-0.08697127943948296,4.278388361033839,15.621592441303468,-30.632462229991386,36.499015627982075,20.0,67.11187192364258,-128.0227225146678,-125.33249919059082,FLAT
2026-09-30T16:36:42.070164+00:00,1,PERP,ICP|GATE|HTX,ICP,GATE,HTX,58.287392360212294,1.1370098866640193,36.25107120547824,19.380940670083792,41.329964821750224,75.25455994895403,20.0,33.72800061023945,-54.649106993967465,-98.73148935371523,FLAT
2026-09-30T16:36:42.587690+00:00,1,PERP,ICP|HTX|OKX,ICP,HTX,OKX,-62.23129458536314,-1.4627538240296412,-36.026121992300354,17.914957501783817,-77.5429267597616,-46.876751501288005,20.0,30.858149472633208,-98.37495424009445,-46.00751996364556,FLAT
2026-09-30T16:36:43.479469+00:00,1,PERP,DOT|BITGET|HTX,DOT,BITGET,HTX,10.983377793098992,0.3513371117090538,6.236807572429904,13.510016626423957,-22.59912819472243,44.59296644703903,21.999999999999996,67.1183650896683,-123.95430085682064,-133.47452396427744,FLAT
2026-09-30T16:36:44.039456+00:00,1,PERP,DOT|HTX|OKX,DOT,HTX,OKX,-5.00020866587958,-0.047419535316055535,-4.366447055468832,13.364989896815068,-35.56341090617421,25.744025543046334,20.0,61.33757195395441,-118.53453580465978,-117.44804455246958,FLAT
2026-09-30T16:36:44.814543+00:00,1,PERP,DOT|HTX|MEXC,DOT,HTX,MEXC,-3.321527296417104,0.12373203079787182,-4.9800471072695665,13.404126644957556,-33.154796792300715,26.68845063025227,26.0,59.862609157219154,-120.0373588422503,-123.53110689474099,FLAT
2026-09-30T16:36:55.201165+00:00,2,PERP,OP|GATE|OKX,OP,GATE,OKX,0.9352812099971963,-0.08881875834759025,1.5262763994818636,6.653945635806128,-9.932444645501803,11.823667761650114,20.0,21.75405817053358,-59.21277921551725,-58.05144953270183,FLAT
2026-09-30T16:36:55.532768+00:00,2,PERP,OP|BITGET|GATE,OP,BITGET,GATE,1.4990529140535003,0.4614189055448983,-3.1485513364700517,10.072418348431363,-11.809704359578843,14.817969544378418,21.999999999999996,26.6236789974624,-63.28483202057119,-72.59019987831087,FLAT
2026-09-30T16:36:55.869747+00:00,2,SPOT,ICP|GATE|HTX,ICP,GATE,HTX,-5.241541906099156,-0.012185363721620596,-4.975357213778829,21.84462428873038,-102.348431095014,92.02088679221454,60.0,194.47112627615803,-357.8442001573932,-357.4673702821514,FLAT
2026-09-30T16:36:56.679602+00:00,2,PERP,ICP|HTX|MEXC,ICP,HTX,MEXC,-58.444579390380945,-1.1482040257220607,-36.79792950362676,18.85261626141874,-80.43061305959331,-36.36723002004905,26.0,44.32223322734494,-119.95491678331149,-76.75293271092265,FLAT
2026-09-30T16:36:57.160759+00:00,2,PERP,APT|GATE|HTX,APT,GATE,HTX,36.519611951990605,1.930471866225389,8.178644995327794,14.680849512755296,13.41507818524601,59.64467005076024,20.0,46.06136842334394,-66.82493523342572,-123.52739347877639,FLAT
2026-09-30T16:36:57.684245+00:00,2,PERP,ICP|BITGET|HTX,ICP,BITGET,HTX,51.19026132767601,1.1697263325547782,29.215350341900287,18.78636940469718,27.107114532294307,75.2890409952034,21.999999999999996,47.93653302547333,-78.04476883507931,-122.01022367877643,FLAT
2026-09-30T16:36:58.168635+00:00,2,PERP,DOT|GATE|HTX,DOT,GATE,HTX,6.949943716629825,0.17101683875277643,4.278388361033839,15.621592441303468,-30.632462229991386,44.59296644703903,20.0,75.17313492624328,-136.0839855172685,-141.48771301224846,FLAT
2026-09-30T16:36:58.644986+00:00,2,PERP,ICP|GATE|HTX,ICP,GATE,HTX,55.89729262000631,1.0136877125295454,36.25107120547824,19.380940670083792,33.61591858601631,78.18507118807273,20.0,44.32140701600243,-72.95655963546437,-112.25540699859692,FLAT
2026-09-30T16:36:59.560965+00:00,2,PERP,ICP|HTX|OKX,ICP,HTX,OKX,-61.30258008625988,-1.4109136508664737,-36.026121992300354,17.914957501783817,-83.28270316509733,-39.23116585505482,20.0,44.32305991386034,-117.57964108665732,-67.11801605110587,FLAT
2026-09-30T16:37:00.433485+00:00,2,PERP,DOT|BITGET|HTX,DOT,BITGET,HTX,10.983377793098992,0.3513371117090538,6.236807572429904,13.510016626423957,-22.59912819472243,44.59296644703903,21.999999999999996,67.1183650896683,-123.95430085682064,-133.47452396427744,FLAT
2026-09-30T16:37:01.006350+00:00,2,PERP,DOT|HTX|OKX,DOT,HTX,OKX,-7.099021899604763,-0.20445768124277552,-4.366447055468832,13.364989896815068,-38.878497033123516,24.86868943051279,20.0,63.791916650779314,-124.303966628434,-119.02705313676094,FLAT
2026-09-30T16:37:02.166222+00:00,2,PERP,DOT|HTX|MEXC,DOT,HTX,MEXC,-7.347737966481027,-0.1766389502222551,-4.9800471072695665,13.404126644957556,-37.16915364875728,22.65031593406741,26.0,59.86293371086382,-124.05204025235153,-119.49329675220079,FLAT
2026-09-30T16:54:38.958822+00:00,0,PERP,OP|GATE|OKX,OP,GATE,OKX,-0.3860109268050138,-0.2837001323732142,1.5056959888238668,6.667980377042249,-11.919266725027855,11.168444562763558,20.0,23.08858306626133,-62.51354578011305,-58.751331640201016,FLAT
2026-09-30T16:54:39.214055+00:00,0,PERP,OP|BITGET|GATE,OP,BITGET,GATE,-1.0358534910270834,0.2251805104639242,-3.295735601987374,10.035869029270819,-14.013685728843095,11.951765950586335,21.999999999999996,25.96813790895182,-64.68608803580754,-69.21563946152553,FLAT
2026-09-30T16:54:39.448889+00:00,0,SPOT,ICP|GATE|HTX,ICP,GATE,HTX,-18.300738534118288,-0.6132131009264219,-4.8545784710581845,21.927385508799624,-84.288689780746,47.77481840488651,60.0,132.3055790523744,-277.7396903620622,-250.9349759283191,FLAT
2026-09-30T16:54:40.256926+00:00,0,PERP,ICP|HTX|MEXC,ICP,HTX,MEXC,-57.28884052689342,-1.0865620468837083,-36.80212222440722,18.854623499175872,-75.10621559633113,-39.41255251798559,26.0,35.89922835848085,-106.20332173040475,-65.2887980649025,FLAT
2026-09-30T16:54:40.812459+00:00,0,PERP,ICP|BITGET|HTX,ICP,BITGET,HTX,51.76322961188751,1.2125951418303624,29.09904323913611,18.6906458643243,31.079800126956325,72.46354432137947,21.999999999999996,41.1706248542243,-67.18986796640408,-112.53512593646767,FLAT
2026-09-30T16:54:41.370133+00:00,0,PERP,DOT|GATE|HTX,DOT,GATE,HTX,9.04048228423493,0.304850969513572,4.278226423378547,15.621586732871998,-29.706155380868626,47.84395281921094,20.0,77.48002087429956,-137.46440267854672,-147.04574727013195,FLAT
2026-09-30T16:54:41.891522+00:00,0,PERP,APT|GATE|HTX,APT,GATE,HTX,35.16333870700272,1.8374732416664363,8.195750543807375,14.676452179917447,12.459498353147858,57.88784855749185,20.0,45.26915932168415,-67.00541151234367,-120.96125733536863,FLAT
2026-09-30T16:54:42.420763+00:00,0,PERP,ICP|GATE|HTX,ICP,GATE,HTX,61.97917213333515,1.3348371218793087,36.175230207970316,19.331153968085353,42.46927310517235,81.50035182008297,20.0,38.79065419127752,-58.49661129407549,-110.11577580339018,FLAT
2026-09-30T16:54:43.009311+00:00,0,PERP,ICP|HTX|OKX,ICP,HTX,OKX,-60.161211221527736,-1.3516524078515353,-35.99119024797173,17.881831773580377,-77.9738532110097,-42.289671942447036,20.0,35.900063186102166,-103.88272614914013,-55.60158149162686,FLAT
2026-09-30T16:54:43.592761+00:00,0,PERP,DOT|BITGET|HTX,DOT,BITGET,HTX,13.775483121543086,0.5580176752765427,6.2366456347746135,13.510033500340956,-21.69144971798986,49.2709492940091,21.999999999999996,70.86476789759831,-126.79286325036279,-141.8990715568328,FLAT
2026-09-30T16:54:44.159114+00:00,0,PERP,DOT|HTX|OKX,DOT,HTX,OKX,-10.29557921488733,-0.4428253428649015,-4.377498520593116,13.364367666960106,-43.50516193177945,23.12329330910412,20.0,66.69646570532629,-131.8241291165126,-120.19725753502352,FLAT
2026-09-30T16:54:44.707821+00:00,0,PERP,AVAX|BITGET|HTX,AVAX,BITGET,HTX,14.740044531769136,1.7006586751496153,-0.6659707170821503,9.058852004795108,-5.742562386348293,35.2277434797843,21.999999999999996,40.91000370562474,-73.98659537489087,-104.80371790249119,FLAT
2026-09-30T16:54:54.958915+00:00,1,PERP,OP|GATE|OKX,OP,GATE,OKX,1.5450837620756275,0.005907001974296769,1.5056959888238668,6.667980377042249,-10.309132402863685,13.421354978397915,20.0,23.72680089387808,-61.541629285565634,-61.642459883452126,FLAT
2026-09-30T16:54:55.204796+00:00,1,PERP,OP|BITGET|GATE,OP,BITGET,GATE,-2.4533203129661896,0.0839404426825598,-3.295735601987374,10.035869029270819,-18.56577265113679,13.681167798029747,21.999999999999996,32.25483853619776,-75.52487558534716,-77.23174193621487,FLAT
2026-09-30T16:54:55.444416+00:00,1,SPOT,ICP|GATE|HTX,ICP,GATE,HTX,-39.04410513376977,-1.5592158330500037,-4.8545784710581845,21.927385508799624,-129.22270686619885,51.272867217031504,60.0,181.20295874340863,-371.5710871385493,-303.3304044314983,FLAT
2026-09-30T16:54:56.244895+00:00,1,PERP,ICP|HTX|MEXC,ICP,HTX,MEXC,-54.41646983225912,-0.9342190051486211,-36.80212222440722,18.854623499175872,-72.23857798165145,-36.53543309352525,26.0,35.898394013067865,-103.3348497703121,-68.16508314394984,FLAT
2026-09-30T16:54:56.947524+00:00,1,PERP,ICP|BITGET|HTX,ICP,BITGET,HTX,48.90663460187517,1.0597595988133683,29.09904323913611,18.6906458643243,28.274973517801172,69.55494959301811,21.999999999999996,41.07906547191656,-69.90313519325149,-109.53497182579855,FLAT
2026-09-30T16:54:57.480480+00:00,1,PERP,DOT|GATE|HTX,DOT,GATE,HTX,9.097369358310736,0.308492537751714,4.278226423378547,15.621586732871998,-29.706155380868626,47.95800473810452,20.0,77.59352842365308,-137.57791022790025,-147.27330673837906,FLAT
2026-09-30T16:54:58.009430+00:00,1,PERP,APT|GATE|HTX,APT,GATE,HTX,35.31548584739808,1.8478399936941197,8.195750543807375,14.676452179917447,12.762970711597266,57.88784855749185,20.0,44.96606925795495,-66.39884909016507,-120.65816727163943,FLAT
2026-09-30T16:54:58.545878+00:00,1,PERP,ICP|GATE|HTX,ICP,GATE,HTX,61.97917213333515,1.3348371218793087,36.175230207970316,19.331153968085353,42.46927310517235,81.50035182008297,20.0,38.79065419127752,-58.49661129407549,-110.11577580339018,FLAT
2026-09-30T16:54:59.108189+00:00,1,PERP,ICP|HTX|OKX,ICP,HTX,OKX,-60.161211221527736,-1.3516524078515353,-35.99119024797173,17.881831773580377,-77.9738532110097,-42.289671942447036,20.0,35.900063186102166,-103.88272614914013,-55.60158149162686,FLAT
2026-09-30T16:54:59.668468+00:00,1,PERP,DOT|BITGET|HTX,DOT,BITGET,HTX,13.807377445320679,0.5603784631884888,6.2366456347746135,13.510033500340956,-21.69144971798986,49.33476360071687,21.999999999999996,70.92826849792753,-126.856363850692,-142.02638646386978,FLAT
2026-09-30T16:55:00.560055+00:00,1,PERP,DOT|HTX|OKX,DOT,HTX,OKX,-10.490343258372503,-0.45739872548491706,-4.377498520593116,13.364367666960106,-44.1280508205788,23.359567142999804,20.0,67.55782120282691,-133.3083735028126,-121.29488686641983,FLAT
2026-09-30T16:55:01.107205+00:00,1,PERP,AVAX|BITGET|HTX,AVAX,BITGET,HTX,14.175682396713185,1.6383591547736098,-0.6659707170821503,9.058852004795108,-5.1345780508316174,33.49090279029188,21.999999999999996,38.570803458249415,-71.03941079199888,-100.72767696562344,FLAT
2026-09-30T16:55:11.360556+00:00,2,PERP,OP|GATE|OKX,OP,GATE,OKX,-0.3320243277593615,-0.27560373796396737,1.5056959888238668,6.667980377042249,-11.200938758819667,10.554961743827196,20.0,21.75660786366376,-60.463242611307294,-56.80587361866709,FLAT
2026-09-30T16:55:11.619985+00:00,2,PERP,OP|BITGET|GATE,OP,BITGET,GATE,0.8899985815125078,0.4170774021952344,-3.295735601987374,10.035869029270819,-11.182390232528094,12.971491761171183,21.999999999999996,24.151729061513567,-60.03838369205428,-68.41895642467212,FLAT
2026-09-30T16:55:11.847436+00:00,2,SPOT,ICP|GATE|HTX,ICP,GATE,HTX,-38.28893951546397,-1.524776450479622,-4.8545784710581845,21.927385508799624,-132.26448731152084,55.838238304461996,60.0,188.82559657129323,-382.23550541175587,-315.5184133468134,FLAT
2026-09-30T16:55:12.637743+00:00,2,PERP,ICP|HTX|MEXC,ICP,HTX,MEXC,-56.427517782555725,-1.040879737482232,-36.80212222440722,18.854623499175872,-75.10621559633113,-37.68380650734038,26.0,37.634659181978,-107.9387525539019,-68.75297489904486,FLAT
2026-09-30T16:55:13.181884+00:00,2,PERP,ICP|BITGET|HTX,ICP,BITGET,HTX,46.85952798189508,0.9502338694811626,29.09904323913611,18.6906458643243,24.18114716020492,69.55494959301811,21.999999999999996,45.16216824424062,-78.08006432317181,-113.61807459812262,FLAT
2026-09-30T16:55:14.206417+00:00,2,PERP,DOT|GATE|HTX,DOT,GATE,HTX,9.072361526822892,0.30689168683205537,4.278226423378547,15.621586732871998,-29.706155380868626,47.90775806428505,20.0,77.54352147462878,-137.52790327887595,-147.17305311553528,FLAT
2026-09-30T16:55:14.735858+00:00,2,PERP,APT|GATE|HTX,APT,GATE,HTX,39.46476620005468,2.13055684527316,8.195750543807375,14.676452179917447,16.002555918572803,62.948421059909606,20.0,46.76131291743638,-64.95450754267095,-127.51398343353861,FLAT
2026-09-30T16:55:15.252354+00:00,2,PERP,ICP|GATE|HTX,ICP,GATE,HTX,61.54347013387573,1.3122982708526842,36.175230207970316,19.331153968085353,41.5981208843541,81.50035182008297,20.0,39.65815753924768,-60.235266862863895,-110.98327915136034,FLAT
2026-09-30T16:55:15.858579+00:00,2,PERP,ICP|HTX|OKX,ICP,HTX,OKX,-62.603274563240994,-1.4882191406468466,-35.99119024797173,17.881831773580377,-80.84149082568825,-44.30316637881515,20.0,36.768401844323996,-107.61870242204051,-54.45642571348058,FLAT
2026-09-30T16:55:16.430280+00:00,2,PERP,DOT|BITGET|HTX,DOT,BITGET,HTX,13.807377445320679,0.5603784631884888,6.2366456347746135,13.510033500340956,-21.69144971798986,49.33476360071687,21.999999999999996,70.92826849792753,-126.856363850692,-142.02638646386978,FLAT
2026-09-30T16:55:17.009013+00:00,2,PERP,DOT|HTX|OKX,DOT,HTX,OKX,-9.769574987286145,-0.40346663613748995,-4.377498520593116,13.364367666960106,-43.031667243811356,23.702350546386253,20.0,66.79861741688242,-131.45278614010067,-120.87846648386179,FLAT
2026-09-30T16:55:17.547103+00:00,2,PERP,AVAX|BITGET|HTX,AVAX,BITGET,HTX,17.392887358025355,1.9935040406387516,-0.6659707170821503,9.058852004795108,-3.0990130004848737,37.889897919050064,21.999999999999996,40.91774251378312,-71.35078479718584,-107.47361114991533,FLAT
2026-09-30T17:14:19.116634+00:00,0,PERP,OP|GATE|OKX,OP,GATE,OKX,3.6830153842326574,0.31092161471680696,1.592002346830567,6.7252096297860255,-6.904407391148393,14.289303400127906,20.0,21.185891202364772,-55.68230094034373,-59.88319225566211,FLAT
2026-09-30T17:14:19.479122+00:00,0,PERP,OP|BITGET|GATE,OP,BITGET,GATE,-4.29410586200385,-0.10420308220803425,-3.2534118357392057,9.987171244963468,-19.709942610222075,11.141952688042966,21.999999999999996,30.86513586001645,-75.32166663449932,-73.26050038379863,FLAT
2026-09-30T17:14:19.804579+00:00,0,SPOT,ICP|GATE|HTX,ICP,GATE,HTX,-28.85284974995961,-1.1208978750724155,-4.543118677375998,21.68773053567711,-116.60467983166889,59.03015279205226,60.0,176.14295728598694,-354.2045184402798,-305.7162287554152,FLAT
2026-09-30T17:14:20.551700+00:00,0,PERP,ICP|HTX|MEXC,ICP,HTX,MEXC,-52.50652755284357,-0.8138760353274382,-37.12590158845756,18.8979958823804,-79.91164715957733,-24.957520091847265,26.0,55.24381641922295,-130.02956199034273,-99.41219791583325,FLAT
2026-09-30T17:14:21.016769+00:00,0,PERP,ICP|BITGET|HTX,ICP,BITGET,HTX,52.55550691255495,1.2350640824831038,29.56684984987059,18.61333139610499,27.87507774621556,77.25625860601104,21.999999999999996,49.123004058245904,-78.81477616190092,-124.81241281438635,FLAT
2026-09-30T17:14:21.510851+00:00,0,PERP,DOT|GATE|HTX,DOT,GATE,HTX,-9.046057738778535,-0.8418062276091222,4.089407272787646,15.603905721716044,-30.422911645811013,12.347829517982412,20.0,42.8094600650515,-103.32177898365015,-77.06788231024626,FLAT
2026-09-30T17:14:21.970974+00:00,0,PERP,APT|GATE|HTX,APT,GATE,HTX,33.57809289693314,1.650104282215062,8.762882241410095,15.038571151522422,7.741324940986338,59.43831970914859,20.0,51.52397643637598,-78.54553373679974,-128.19941390411446,FLAT
2026-09-30T17:14:22.463093+00:00,0,PERP,ICP|GATE|HTX,ICP,GATE,HTX,62.88246050938584,1.3359348109732805,36.74524974500349,19.564735157503957,39.41795553354943,86.36047801328095,20.0,46.64917708652007,-69.97647129797413,-122.26440535479753,FLAT
2026-09-30T17:14:23.011463+00:00,0,PERP,ICP|HTX|OKX,ICP,HTX,OKX,-66.78031872576096,-1.6424328286616408,-36.58828995621294,18.382504442602027,-88.47575221239023,-44.99598623853185,20.0,43.77189431577161,-121.6593565719489,-61.36419803345271,FLAT
2026-09-30T17:14:23.532964+00:00,0,PERP,DOT|BITGET|HTX,DOT,BITGET,HTX,-9.046057738778535,-1.1323675696745308,6.158576901128439,13.427296089269976,-30.422911645811013,12.347829517982412,21.999999999999996,42.8094600650515,-107.39094861199095,-76.99871268190547,FLAT
2026-09-30T17:14:24.057938+00:00,0,PERP,DOT|HTX|OKX,DOT,HTX,OKX,6.246159206684254,0.7934788666783681,-4.377659033136542,13.388911395074492,-13.610688950813632,26.172318325696775,20.0,39.75805300831675,-74.99108292599384,-96.30803036715007,FLAT
2026-09-30T17:14:24.554607+00:00,0,PERP,AVAX|BITGET|HTX,AVAX,BITGET,HTX,15.51513362936463,1.717768170085018,-0.4664808130521355,9.303708568325481,-5.979775180435798,37.01557202148598,21.999999999999996,42.928741973941165,-76.44203634132482,-108.41079480847927,FLAT
2026-09-30T17:14:34.958739+00:00,1,PERP,OP|GATE|OKX,OP,GATE,OKX,2.947782237463503,0.20159667360080086,1.592002346830567,6.7252096297860255,-8.076184191435631,13.991346546728956,20.0,22.061010228139622,-57.72919676640582,-60.46035442803801,FLAT
2026-09-30T17:14:35.290429+00:00,1,PERP,OP|BITGET|GATE,OP,BITGET,GATE,-4.716165504590197,-0.14646326101484028,-3.2534118357392057,9.987171244963468,-19.133612798931665,9.716757812776589,21.999999999999996,28.86397503834268,-72.74417600153514,-69.83414468685847,FLAT
2026-09-30T17:14:35.612549+00:00,1,SPOT,ICP|GATE|HTX,ICP,GATE,HTX,-17.426151816584134,-0.5940240320680431,-4.543118677375998,21.68773053567711,-93.57222535750553,58.82135150114376,60.0,152.6595361746063,-307.6886428547358,-282.0240063531261,FLAT
2026-09-30T17:14:36.329120+00:00,1,PERP,ICP|HTX|MEXC,ICP,HTX,MEXC,-58.19870345036171,-1.1150813024333146,-37.12590158845756,18.8979958823804,-79.91164715957733,-36.39678899082455,26.0,43.76940854139102,-118.55515411251079,-76.49852113902404,FLAT
2026-09-30T17:14:36.840789+00:00,1,PERP,ICP|BITGET|HTX,ICP,BITGET,HTX,53.4074843328014,1.2808365131198214,29.56684984987059,18.61333139610499,29.177397882564904,77.65533375722723,21.999999999999996,48.220396359757565,-76.60984832706325,-124.30888026711419,FLAT
2026-09-30T17:14:37.298007+00:00,1,PERP,DOT|GATE|HTX,DOT,GATE,HTX,-9.046057738778535,-0.8418062276091222,4.089407272787646,15.603905721716044,-30.422911645811013,12.347829517982412,20.0,42.8094600650515,-103.32177898365015,-77.06788231024626,FLAT
2026-09-30T17:14:37.772324+00:00,1,PERP,APT|GATE|HTX,APT,GATE,HTX,33.52167446796006,1.6463527004720473,8.762882241410095,15.038571151522422,7.653828993594569,59.413168646029746,20.0,51.58640258795313,-78.69545583576866,-128.2366889925728,FLAT
2026-09-30T17:14:38.267849+00:00,1,PERP,ICP|GATE|HTX,ICP,GATE,HTX,62.88246050938584,1.3359348109732805,36.74524974500349,19.564735157503957,39.41795553354943,86.36047801328095,20.0,46.64917708652007,-69.97647129797413,-122.26440535479753,FLAT
2026-09-30T17:14:38.754149+00:00,1,PERP,ICP|HTX|OKX,ICP,HTX,OKX,-66.78031872576096,-1.6424328286616408,-36.58828995621294,18.382504442602027,-88.47575221239023,-44.99598623853185,20.0,43.77189431577161,-121.6593565719489,-61.36419803345271,FLAT
2026-09-30T17:14:39.235954+00:00,1,PERP,DOT|BITGET|HTX,DOT,BITGET,HTX,-9.046057738778535,-1.1323675696745308,6.158576901128439,13.427296089269976,-30.422911645811013,12.347829517982412,21.999999999999996,42.8094600650515,-107.39094861199095,-76.99871268190547,FLAT
2026-09-30T17:14:39.739492+00:00,1,PERP,DOT|HTX|OKX,DOT,HTX,OKX,6.993367756109592,0.8492868802932928,-4.377659033136542,13.388911395074492,-12.066922412117265,26.120188474798578,20.0,38.1603080689064,-71.84957144788713,-94.65815557684152,FLAT
2026-09-30T17:14:40.227808+00:00,1,PERP,AVAX|BITGET|HTX,AVAX,BITGET,HTX,17.92776746009972,1.9770877535626126,-0.4664808130521355,9.303708568325481,-3.8901832160809224,39.750950538568475,21.999999999999996,43.56303433236803,-74.9867367353968,-111.78046568398864,FLAT
2026-09-30T17:14:50.585938+00:00,2,PERP,OP|GATE|OKX,OP,GATE,OKX,0.6346110327082322,-0.14235858312609892,1.592002346830567,6.7252096297860255,-10.081954771522517,11.369797222395839,20.0,21.45037456675712,-59.12433168511021,-57.22816944232239,FLAT
2026-09-30T17:14:50.945276+00:00,2,PERP,OP|BITGET|GATE,OP,BITGET,GATE,-3.2745883935025866,-0.002120375954708921,-3.2534118357392057,9.987171244963468,-20.00722632555796,13.481060708020465,21.999999999999996,33.49924084418935,-78.2530553340081,-78.23371338794902,FLAT
2026-09-30T17:14:51.327112+00:00,2,SPOT,ICP|GATE|HTX,ICP,GATE,HTX,-33.83641373856272,-1.3506851264588602,-4.543118677375998,21.68773053567711,-144.39471309894424,76.87817553227117,60.0,222.0240279270961,-427.87562234866436,-369.44532213674324,FLAT
2026-09-30T17:14:52.037961+00:00,2,PERP,ICP|HTX|MEXC,ICP,HTX,MEXC,-61.05924187549405,-1.266448592538366,-37.12590158845756,18.8979958823804,-82.76634884384903,-39.263188073391795,26.0,43.77023665589755,-121.41068391128903,-73.63295017096331,FLAT
2026-09-30T17:14:52.536247+00:00,2,PERP,ICP|BITGET|HTX,ICP,BITGET,HTX,55.640923907573914,1.4008279067743652,29.56684984987059,18.61333139610499,30.75830807334423,80.5449954855475,21.999999999999996,49.511193311813564,-76.31973508833991,-128.48933894749047,FLAT
2026-09-30T17:14:52.995506+00:00,2,PERP,DOT|GATE|HTX,DOT,GATE,HTX,-2.155602524606115,-0.40022093883216336,4.089407272787646,15.603905721716044,-22.479025519631655,18.18402734680813,20.0,40.67181363335856,-93.24024642577787,-80.76643370737905,FLAT
2026-09-30T17:14:53.447990+00:00,2,PERP,APT|GATE|HTX,APT,GATE,HTX,42.59334834473938,2.249579814629163,8.762882241410095,15.038571151522422,17.810741441997013,67.3931197346822,20.0,49.372080129912575,-66.32422092932566,-134.0023176231847,FLAT
2026-09-30T17:14:53.905424+00:00,2,PERP,ICP|GATE|HTX,ICP,GATE,HTX,65.77992162672297,1.4840309182812204,36.74524974500349,19.564735157503957,42.307828289893656,89.26553575464347,20.0,46.65083474629109,-67.08825620140092,-125.17112075593106,FLAT
2026-09-30T17:14:54.461062+00:00,2,PERP,ICP|HTX|OKX,ICP,HTX,OKX,-66.78031872576096,-1.6424328286616408,-36.58828995621294,18.382504442602027,-88.47575221239023,-44.99598623853185,20.0,43.77189431577161,-121.6593565719489,-61.36419803345271,FLAT
2026-09-30T17:14:54.956335+00:00,2,PERP,DOT|BITGET|HTX,DOT,BITGET,HTX,-3.751871469850343,-0.7380822099319326,6.158576901128439,13.427296089269976,-25.670291482671193,18.18402734680813,21.999999999999996,43.87077161267446,-103.69963999647409,-83.89622205835416,FLAT
2026-09-30T17:14:55.585380+00:00,2,PERP,DOT|HTX|OKX,DOT,HTX,OKX,4.391301710422457,0.6549420251436514,-4.377659033136542,13.388911395074492,-15.813462362310737,24.66873024267402,20.0,40.464293082270004,-77.9000964114442,-95.51068235808057,FLAT
2026-09-30T17:14:56.071578+00:00,2,PERP,AVAX|BITGET|HTX,AVAX,BITGET,HTX,23.675170896755304,2.594841780835419,-0.4664808130521355,9.303708568325481,0.6852859083017471,46.671801406463764,21.999999999999996,45.877897801613955,-72.72613108026007,-121.01618002112986,FLAT
2026-09-30T17:34:17.093349+00:00,0,PERP,OP|GATE|OKX,OP,GATE,OKX,0.44215884708709297,-0.16104961080136418,1.508446699975053,6.620865754237066,-11.830027598866977,12.738650252011041,20.0,24.56756753007299,-63.90604182891502,-61.79777108210898,FLAT
2026-09-30T17:34:17.482663+00:00,0,PERP,OP|BITGET|GATE,OP,BITGET,GATE,-3.711721745546237,-0.05972851238705005,-3.1166273239546793,9.96332233649573,-19.10295407228535,11.696503062752495,21.999999999999996,30.81088390283141,-74.79721065116208,-73.62401428953858,FLAT
2026-09-30T17:34:17.807697+00:00,0,SPOT,ICP|GATE|HTX,ICP,GATE,HTX,-85.04790849444444,-3.6435352420728035,-4.097656841785427,22.217502034262335,-216.66727469606073,46.78482386417882,60.0,265.71174860611876,-544.2813664603941,-382.59422931208303,FLAT
2026-09-30T17:34:18.803435+00:00,0,PERP,ICP|HTX|MEXC,ICP,HTX,MEXC,-51.688186394592826,-0.778354751736968,-37.01374705070386,18.853150586081274,-75.12279687951539,-28.149515239477285,26.0,47.217107779545366,-117.32615760835688,-88.08133959077193,FLAT
2026-09-30T17:34:19.432420+00:00,0,PERP,ICP|BITGET|HTX,ICP,BITGET,HTX,50.49400028205753,1.1236720512079794,29.574004951662605,18.6175275142826,25.311251073114605,75.69141193595419,21.999999999999996,50.12704509263346,-82.38979897118145,-124.24445207692504,FLAT
2026-09-30T17:34:19.904719+00:00,0,PERP,DOT|GATE|HTX,DOT,GATE,HTX,6.725534540259481,0.13744742383033537,4.547923242013495,15.843231088376177,-27.06542272932211,40.56903031721237,20.0,67.58895504939834,-125.20230102073394,-129.61006212459722,FLAT
2026-09-30T17:34:20.367431+00:00,0,PERP,APT|GATE|HTX,APT,GATE,HTX,38.58131291791578,2.0113591850579855,8.466105773748478,14.972565500924745,9.867388969093671,67.32213643049434,20.0,57.23391889393965,-81.83263569859446,-142.0899495506855,FLAT
2026-09-30T17:34:20.820066+00:00,0,PERP,ICP|GATE|HTX,ICP,GATE,HTX,59.27683803354178,1.1851425627505283,36.39153508117516,19.310168811466408,34.069531141029955,84.498834498834,20.0,50.13213165403995,-78.45413559418515,-124.23943107169879,FLAT
2026-09-30T17:34:21.347129+00:00,0,PERP,ICP|HTX|OKX,ICP,HTX,OKX,-60.37540381296558,-1.3514968562526262,-36.1592663319473,17.91801243856665,-83.79081190407422,-36.85602031930468,20.0,47.219651800917646,-120.85119737304456,-72.52289781356026,FLAT
2026-09-30T17:34:21.820232+00:00,0,PERP,DOT|BITGET|HTX,DOT,BITGET,HTX,11.04897306466901,0.343891384239058,6.394226655945647,13.535513310468954,-19.029214367299872,41.15141709940539,21.999999999999996,60.11420167025194,-113.53764269349745,-122.87139211371168,FLAT
2026-09-30T17:34:22.353491+00:00,0,PERP,DOT|HTX|OKX,DOT,HTX,OKX,-3.3173305377576234,0.0890426226324165,-4.511996115515001,13.416783361033353,-31.776048090442764,25.289909547110412,20.0,57.08450790399035,-110.34855987891812,-112.88641356661577,FLAT
2026-09-30T17:34:22.828668+00:00,0,PERP,AVAX|BITGET|HTX,AVAX,BITGET,HTX,25.834692525019687,2.6108340354279953,-0.22257154925622558,9.98043679555615,1.0966465669848269,50.579115243758466,21.999999999999996,49.35496083123917,-76.03574271499812,-128.15664762425385,FLAT
2026-09-30T17:34:33.207567+00:00,1,PERP,OP|GATE|OKX,OP,GATE,OKX,3.0534104128943085,0.233347687487931,1.508446699975053,6.620865754237066,-7.819574352081471,13.94634405190942,20.0,21.75925612654847,-57.08727717860499,-60.19715347848283,FLAT
2026-09-30T17:34:33.554666+00:00,1,PERP,OP|BITGET|GATE,OP,BITGET,GATE,-4.693776381873294,-0.15829549668803794,-3.1166273239546793,9.96332233649573,-17.40693132275206,8.029083257432568,21.999999999999996,25.4479555788007,-67.73825957759807,-64.59366616018794,FLAT
2026-09-30T17:34:33.942368+00:00,1,SPOT,ICP|GATE|HTX,ICP,GATE,HTX,-26.18916429718454,-0.9943290393911557,-4.097656841785427,22.217502034262335,-96.4373525228468,44.167014529343795,60.0,140.9734818783036,-299.313177559365,-255.23815324943283,FLAT
2026-09-30T17:34:34.685624+00:00,1,PERP,ICP|HTX|MEXC,ICP,HTX,MEXC,-51.688186394592826,-0.778354751736968,-37.01374705070386,18.853150586081274,-75.12279687951539,-28.149515239477285,26.0,47.217107779545366,-117.32615760835688,-88.08133959077193,FLAT
2026-09-30T17:34:35.185148+00:00,1,PERP,ICP|BITGET|HTX,ICP,BITGET,HTX,46.30923549530763,0.8988965119458773,29.574004951662605,18.6175275142826,19.881465713638136,72.75902211874019,21.999999999999996,52.63380411488466,-90.32634335290912,-123.81882128196224,FLAT
2026-09-30T17:34:35.809152+00:00,1,PERP,DOT|GATE|HTX,DOT,GATE,HTX,-1.860987456897556,-0.40452043293196205,4.547923242013495,15.843231088376177,-35.08870074804382,31.41481760763787,20.0,66.51586209679813,-132.15248608685545,-119.3827564624225,FLAT
2026-09-30T17:34:36.266112+00:00,1,PERP,APT|GATE|HTX,APT,GATE,HTX,31.975780242776697,1.5701834443520184,8.466105773748478,14.972565500924745,3.0433672037966097,60.93667268799008,20.0,57.70876320132209,-89.13150177127395,-136.1793301155637,FLAT
2026-09-30T17:34:36.761099+00:00,1,PERP,ICP|GATE|HTX,ICP,GATE,HTX,57.81196591499782,1.1092824222801811,36.39153508117516,19.310168811466408,34.069531141029955,81.5613166326834,20.0,47.218803299834526,-75.54080723997973,-118.38858485134276,FLAT
2026-09-30T17:34:37.287190+00:00,1,PERP,ICP|HTX|OKX,ICP,HTX,OKX,-56.04671535493488,-1.1099137859834234,-36.1592663319473,17.91801243856665,-80.90147356255461,-31.08159035464797,20.0,50.10043519361168,-120.84264242421898,-81.178111170911,FLAT
2026-09-30T17:34:37.776729+00:00,1,PERP,DOT|BITGET|HTX,DOT,BITGET,HTX,11.04897306466901,0.343891384239058,6.394226655945647,13.535513310468954,-19.029214367299872,41.15141709940539,21.999999999999996,60.11420167025194,-113.53764269349745,-122.87139211371168,FLAT
2026-09-30T17:34:38.303847+00:00,1,PERP,DOT|HTX|OKX,DOT,HTX,OKX,-3.6947090765837576,0.0609152743201405,-4.511996115515001,13.416783361033353,-32.033251956877784,24.791729159117093,20.0,56.845598991676646,-110.36685483303943,-112.14932426630872,FLAT
2026-09-30T17:34:38.828534+00:00,1,PERP,AVAX|BITGET|HTX,AVAX,BITGET,HTX,20.391267101806942,2.065424497276673,-0.22257154925622558,9.98043679555615,-4.131134542992854,44.91919645415399,21.999999999999996,48.95051407347859,-80.85907706721521,-122.09228207688881,FLAT
2026-09-30T17:34:49.194514+00:00,2,PERP,OP|GATE|OKX,OP,GATE,OKX,1.593290029398009,0.012814537036740247,1.508446699975053,6.620865754237066,-9.645056896783188,12.851592513134502,20.0,22.49304791352843,-59.64655151028667,-59.83619372668788,FLAT
2026-09-30T17:34:49.550774+00:00,2,PERP,OP|BITGET|GATE,OP,BITGET,GATE,-3.2415305329891453,-0.012536301126878579,-3.1166273239546793,9.96332233649573,-19.357684588066082,12.897028889096163,21.999999999999996,32.26515676261069,-76.50621402672209,-76.27881297566154,FLAT
2026-09-30T17:34:49.879980+00:00,2,SPOT,ICP|GATE|HTX,ICP,GATE,HTX,-32.88663101450706,-1.2957790722073623,-4.097656841785427,22.217502034262335,-111.95177809273483,46.300735462752044,60.0,158.77457525176473,-332.62869650271415,-275.1729675563022,FLAT
2026-09-30T17:34:50.589743+00:00,2,PERP,ICP|HTX|MEXC,ICP,HTX,MEXC,-54.58392553405078,-0.9319491934848524,-37.01374705070386,18.853150586081274,-78.01213522103167,-31.05168359942123,26.0,47.21795529284822,-120.21634346317603,-85.18001874413085,FLAT
2026-09-30T17:34:51.076600+00:00,2,PERP,ICP|BITGET|HTX,ICP,BITGET,HTX,49.52176509096739,1.071450552389499,29.574004951662605,18.6175275142826,23.372404574859562,75.69141193595419,21.999999999999996,52.06118332610883,-86.26278370291188,-126.17859031040042,FLAT
2026-09-30T17:34:51.537755+00:00,2,PERP,DOT|GATE|HTX,DOT,GATE,HTX,3.454617003839644,-0.06900778206637317,4.547923242013495,15.843231088376177,-27.06542272932211,34.002117290428124,20.0,61.04643846498745,-118.65978443632306,-116.50063251340208,FLAT
2026-09-30T17:34:52.012883+00:00,2,PERP,APT|GATE|HTX,APT,GATE,HTX,33.24772441050783,1.6551350959345459,8.466105773748478,14.972565500924745,5.578992898906954,60.93667268799008,20.0,55.174230644367405,-84.06134351920893,-133.644797558609,FLAT
2026-09-30T17:34:52.489287+00:00,2,PERP,ICP|GATE|HTX,ICP,GATE,HTX,59.27683803354178,1.1851425627505283,36.39153508117516,19.310168811466408,34.069531141029955,84.498834498834,20.0,50.13213165403995,-78.45413559418515,-124.23943107169879,FLAT
2026-09-30T17:34:52.983860+00:00,2,PERP,ICP|HTX|OKX,ICP,HTX,OKX,-57.47966467350651,-1.189886345634479,-36.1592663319473,17.91801243856665,-80.90147356255461,-33.95385195936073,20.0,47.218803299834526,-117.96101053044183,-75.4242176724211,FLAT
2026-09-30T17:34:53.460711+00:00,2,PERP,DOT|BITGET|HTX,DOT,BITGET,HTX,2.9853009156033394,-0.2518504959620332,6.394226655945647,13.535513310468954,-27.06542272932211,33.06023948691505,21.999999999999996,60.107708504226224,-121.56735788949398,-114.77372133519563,FLAT
2026-09-30T17:34:53.946860+00:00,2,PERP,DOT|HTX|OKX,DOT,HTX,OKX,-3.5717355543418705,0.07008092296577949,-4.511996115515001,13.416783361033353,-32.07013669445424,25.075395221692,20.0,57.16556285276832,-110.72370343170756,-112.75295418997531,FLAT
2026-09-30T17:34:54.593997+00:00,2,PERP,AVAX|BITGET|HTX,AVAX,BITGET,HTX,19.752975051725574,2.001470177124516,-0.22257154925622558,9.98043679555615,-5.233841285109397,44.74849860638619,21.999999999999996,49.88380302298793,-82.8950727588411,-122.85487317863033,FLAT
2026-09-30T17:52:14.085404+00:00,0,PERP,OP|GATE|OKX,OP,GATE,OKX,-0.4420471069310761,-0.2760562281185499,1.3811740270850938,6.604528166027117,-11.812425320195663,10.947923273483262,20.0,22.76133788704639,-61.95493723432715,-58.32808713344456,FLAT
2026-09-30T17:52:14.433593+00:00,0,PERP,OP|BITGET|GATE,OP,BITGET,GATE,-2.241710965428245,0.1158344223526924,-3.4231553131310504,10.199423657551,-16.431194412626084,11.963092527800256,21.999999999999996,28.400645278339397,-69.40868437783443,-71.7868931192707,FLAT
2026-09-30T17:52:14.753623+00:00,0,SPOT,ICP|GATE|HTX,ICP,GATE,HTX,11.287836147666486,0.7366231874843171,-4.663231761970523,21.654311431754394,-66.48734956308466,89.20092483945652,60.0,155.51261216462112,-283.33672996573523,-315.37676876604814,FLAT
2026-09-30T17:52:15.425911+00:00,0,PERP,ICP|HTX|MEXC,ICP,HTX,MEXC,-55.78083002581779,-0.989943752547944,-37.09147394002495,18.87921009419947,-80.52919183203832,-30.91589595375921,26.0,49.89131990156828,-125.32903779358165,-88.06689788783402,FLAT
2026-09-30T17:52:15.848493+00:00,0,PERP,ICP|BITGET|HTX,ICP,BITGET,HTX,50.26663944714738,1.111679421283839,29.571545214606502,18.616063081064187,22.29673098860463,78.26086956521871,21.999999999999996,55.68422213487889,-90.95903636088076,-132.3735464854911,FLAT
2026-09-30T17:52:16.240937+00:00,0,PERP,DOT|GATE|HTX,DOT,GATE,HTX,11.703061598560272,0.4862690546266663,4.122475213339666,15.589283984029398,-26.86386168258892,50.32066897557863,20.0,77.09427347274772,-134.0806103686763,-149.29246723498667,FLAT
2026-09-30T17:52:16.679386+00:00,0,PERP,ICP|GATE|HTX,ICP,GATE,HTX,59.00980311782655,1.1595452344785686,36.55098314882346,19.368644966319497,33.92015427765793,84.10672853828238,20.0,49.89216054847975,-78.52298941964528,-123.44790593793867,FLAT
2026-09-30T17:52:17.085161+00:00,0,PERP,APT|GATE|HTX,APT,GATE,HTX,36.459959974179945,1.8572842357087702,8.659573262239572,14.968299508196326,10.855974943677626,62.08663526237501,20.0,51.04454207300621,-74.84814039156817,-130.47160407314163,FLAT
2026-09-30T17:52:17.584348+00:00,0,PERP,ICP|HTX|OKX,ICP,HTX,OKX,-58.663630191051475,-1.2494553350831148,-36.23699322126839,17.949130585201146,-83.40523439746894,-33.80548554913321,20.0,49.89216054847975,-123.0604017246803,-78.32366822061493,FLAT
2026-09-30T17:52:18.023806+00:00,0,PERP,DOT|BITGET|HTX,DOT,BITGET,HTX,14.269552457164547,0.6016719691098774,6.192202739381998,13.424839667588806,-21.752700076851372,50.32066897557863,21.999999999999996,71.97065858416062,-127.91556140039398,-144.09912482035725,FLAT
2026-09-30T17:52:18.490434+00:00,0,PERP,DOT|HTX|OKX,DOT,HTX,OKX,-10.396523948230652,-0.4471064642709239,-4.411149059003842,13.386911994186637,-45.00424311431384,24.43325998800372,20.0,69.50905818636186,-136.10215224167186,-124.35346723336941,FLAT
2026-09-30T17:52:18.934586+00:00,0,PERP,AVAX|BITGET|HTX,AVAX,BITGET,HTX,21.84390230393296,2.479583873734673,-0.650839107503545,9.071982460329368,-4.522584510762151,48.21842722491532,21.999999999999996,52.62605467092594,-84.49780007418454,-129.4953210033448,FLAT
2026-09-30T17:52:29.644373+00:00,1,PERP,OP|GATE|OKX,OP,GATE,OKX,-0.869905257878667,-0.34083877430382337,1.3811740270850938,6.604528166027117,-12.640457310603148,10.922864194058413,20.0,23.565350518537095,-63.586981856225336,-59.10704068551041,FLAT
2026-09-30T17:52:29.978424+00:00,1,PERP,OP|BITGET|GATE,OP,BITGET,GATE,-2.303417671308816,0.10978440345433169,-3.4231553131310504,10.199423657551,-18.470919981860014,13.885860416420481,21.999999999999996,32.364220575167906,-75.41198524389686,-77.67323630471944,FLAT
2026-09-30T17:52:31.689466+00:00,1,SPOT,ICP|GATE|HTX,ICP,GATE,HTX,9.39801136866647,0.6493507389949723,-4.663231761970523,21.654311431754394,-51.74641223067988,70.63968425824463,60.0,122.27110868665665,-235.35428915536602,-263.5740247068718,FLAT
2026-09-30T17:52:32.353376+00:00,1,PERP,ICP|HTX|MEXC,ICP,HTX,MEXC,-55.78083002581779,-0.989943752547944,-37.09147394002495,18.87921009419947,-80.52919183203832,-30.91589595375921,26.0,49.89131990156828,-125.32903779358165,-88.06689788783402,FLAT
2026-09-30T17:52:32.811027+00:00,1,PERP,ICP|BITGET|HTX,ICP,BITGET,HTX,50.4134349674179,1.1195648436543637,29.571545214606502,18.616063081064187,22.589382053148643,78.26086956521871,21.999999999999996,55.39222645131447,-90.37438961277233,-132.08155080192668,FLAT
2026-09-30T17:52:33.204062+00:00,1,PERP,DOT|GATE|HTX,DOT,GATE,HTX,4.285615887200667,0.01046492411249498,4.122475213339666,15.589283984029398,-31.690158104668022,40.290193541188124,20.0,71.94950532547186,-133.76213864347955,-134.1172236533203,FLAT
2026-09-30T17:52:33.599278+00:00,1,PERP,ICP|GATE|HTX,ICP,GATE,HTX,59.00980311782655,1.1595452344785686,36.55098314882346,19.368644966319497,33.92015427765793,84.10672853828238,20.0,49.89216054847975,-78.52298941964528,-123.44790593793867,FLAT
2026-09-30T17:52:34.063710+00:00,1,PERP,APT|GATE|HTX,APT,GATE,HTX,33.19358544773942,1.6390647562914906,8.659573262239572,14.968299508196326,8.186025234626637,58.22047842045208,20.0,49.868912913661816,-76.34246094127475,-125.42981807187432,FLAT
2026-09-30T17:52:34.551436+00:00,1,PERP,ICP|HTX|OKX,ICP,HTX,OKX,-58.663630191051475,-1.2494553350831148,-36.23699322126839,17.949130585201146,-83.40523439746894,-33.80548554913321,20.0,49.89216054847975,-123.0604017246803,-78.32366822061493,FLAT
2026-09-30T17:52:35.007063+00:00,1,PERP,DOT|BITGET|HTX,DOT,BITGET,HTX,12.2986600328856,0.4548625864222603,6.192202739381998,13.424839667588806,-23.70912540499259,48.335297862938106,21.999999999999996,71.95591557880203,-129.85724372317662,-142.09901070235816,FLAT
2026-09-30T17:52:35.483096+00:00,1,PERP,DOT|HTX|OKX,DOT,HTX,OKX,-7.711168663898649,-0.24651089110975438,-4.411149059003842,13.386911994186637,-42.15534506164964,26.953972003924687,20.0,69.16194251353765,-132.90613851618346,-126.52706357646619,FLAT
2026-09-30T17:52:35.918448+00:00,1,PERP,AVAX|BITGET|HTX,AVAX,BITGET,HTX,20.304403969808593,2.309885757489806,-0.650839107503545,9.071982460329368,-4.759064184758355,45.373719446240024,21.999999999999996,50.03119758430193,-82.13942266155674,-124.0557561380455,FLAT
2026-09-30T17:52:46.241749+00:00,2,PERP,OP|GATE|OKX,OP,GATE,OKX,0.5894117404525723,-0.11988173367255056,1.3811740270850938,6.604528166027117,-10.911649135222357,12.111816611599657,20.0,23.022089010830737,-61.31491217313819,-59.7527315953453,FLAT
2026-09-30T17:52:46.568544+00:00,2,PERP,OP|BITGET|GATE,OP,BITGET,GATE,-3.001143520895422,0.0413760430397651,-3.4231553131310504,10.199423657551,-16.208786681309874,10.216581809874281,21.999999999999996,26.433297656494936,-67.21892902467376,-68.07303477950026,FLAT
2026-09-30T17:52:46.882843+00:00,2,SPOT,ICP|GATE|HTX,ICP,GATE,HTX,19.70026612571285,1.1251107182265867,-4.663231761970523,21.654311431754394,-50.49806546441382,90.00647834716435,60.0,140.22820767891477,-252.06304138135806,-300.89791778804965,FLAT
2026-09-30T17:52:47.555853+00:00,2,PERP,ICP|HTX|MEXC,ICP,HTX,MEXC,-58.663630191051475,-1.142640827841333,-37.09147394002495,18.87921009419947,-83.40523439746894,-33.80548554913321,26.0,49.89216054847975,-128.20592100592376,-85.17814893937148,FLAT
2026-09-30T17:52:48.020852+00:00,2,PERP,ICP|BITGET|HTX,ICP,BITGET,HTX,53.32617616398583,1.2760287095042113,29.571545214606502,18.616063081064187,25.492797285493474,81.18295158016764,21.999999999999996,55.394745469775515,-87.47349339888854,-135.00615183533665,FLAT
2026-09-30T17:52:48.414611+00:00,2,PERP,DOT|GATE|HTX,DOT,GATE,HTX,0.8639778675068044,-0.2090216169755495,4.122475213339666,15.589283984029398,-31.167555440171355,32.92121866580233,20.0,64.08322714511175,-125.37325779862277,-118.88197059757441,FLAT
2026-09-30T17:52:48.811119+00:00,2,PERP,ICP|GATE|HTX,ICP,GATE,HTX,64.8470349780439,1.4609205692202512,36.55098314882346,19.368644966319497,39.74198204341306,89.95937318630354,20.0,49.89384330577686,-72.70284441118727,-129.30223334325694,FLAT
2026-09-30T17:52:49.205000+00:00,2,PERP,APT|GATE|HTX,APT,GATE,HTX,26.584275071785957,1.1975108996002648,8.659573262239572,14.968299508196326,-3.9738207038308992,57.16709514465901,20.0,60.978798136104714,-99.61219210217519,-135.48632001852417,FLAT
2026-09-30T17:52:49.685254+00:00,2,PERP,ICP|HTX|OKX,ICP,HTX,OKX,-62.99691081414704,-1.4908754196117944,-36.23699322126839,17.949130585201146,-86.30609896432718,-39.58466473988453,20.0,47.0174020078492,-123.08650775090798,-69.66973048923306,FLAT
2026-09-30T17:52:50.122000+00:00,2,PERP,DOT|BITGET|HTX,DOT,BITGET,HTX,8.12385376744551,0.1438863387491353,6.192202739381998,13.424839667588806,-24.705713260742,40.97978992577467,21.999999999999996,65.63217398236814,-124.53008998249214,-128.41976116876083,FLAT
2026-09-30T17:52:50.582357+00:00,2,PERP,DOT|HTX|OKX,DOT,HTX,OKX,-4.192446501144476,0.016337043072692146,-4.411149059003842,13.386911994186637,-35.12207248946409,26.91585887247605,20.0,62.06343649981763,-118.77435993027788,-119.39044443129751,FLAT
2026-09-30T17:52:51.015807+00:00,2,PERP,AVAX|BITGET|HTX,AVAX,BITGET,HTX,24.376854892669275,2.7587899458156757,-0.650839107503545,9.071982460329368,-1.3113787704643887,50.06955371104516,21.999999999999996,51.25598611987188,-79.91652578283272,-129.97637893842057,FLAT
2026-09-30T18:11:14.190937+00:00,0,PERP,OP|GATE|OKX,OP,GATE,OKX,2.5362633672854074,0.15603736267697838,1.5023332820841067,6.626169959958224,-8.025483483070639,13.115474675367,20.0,21.13558319058286,-56.66339995573761,-58.74872458386576,FLAT
2026-09-30T18:11:14.554703+00:00,0,PERP,OP|BITGET|GATE,OP,BITGET,GATE,-3.390766770841047,0.004465640244432954,-3.4357409932558096,10.071170079324935,-18.62691812472339,11.866702722460598,21.999999999999996,30.50394912134382,-73.69512625281139,-73.80639283706023,FLAT
2026-09-30T18:11:14.871709+00:00,0,SPOT,ICP|GATE|HTX,ICP,GATE,HTX,45.76486960411685,2.2827483445526444,-4.113388369824296,21.850090524856302,-29.855723626852626,121.49651926811167,60.0,150.6626557266868,-242.40499098371515,-342.2725633646228,FLAT
2026-09-30T18:11:16.118253+00:00,0,PERP,ICP|HTX|MEXC,ICP,HTX,MEXC,-38.70101612797772,-0.09406062663780054,-36.92989835460607,18.829534064148824,-63.638993346832876,-13.652167974426144,26.0,50.18078419416951,-108.88987918639633,-105.45851457434944,FLAT
2026-09-30T18:11:16.705304+00:00,0,PERP,ICP|BITGET|HTX,ICP,BITGET,HTX,37.68259249346207,0.43199703139423673,29.608683547147027,18.689732473987444,11.734236325715575,63.65005589519468,21.999999999999996,51.720914721916714,-97.59536194334817,-113.76228706996437,FLAT
2026-09-30T18:11:17.357284+00:00,0,PERP,DOT|GATE|HTX,DOT,GATE,HTX,-22.886090811732316,-1.7047642888454446,3.6787727631504286,15.582719410947924,-51.38982567273076,5.640612409347767,20.0,57.161248584433544,-138.2298470203147,-85.12308823063087,FLAT
2026-09-30T18:11:18.226575+00:00,0,PERP,ICP|GATE|HTX,ICP,GATE,HTX,44.69811419475889,0.4254909334145238,36.46955593784746,19.33897437221056,19.501207653451758,69.90969997087149,20.0,50.18417424761451,-93.15252253201021,-109.62431828063853,FLAT
2026-09-30T18:11:19.073794+00:00,0,PERP,APT|GATE|HTX,APT,GATE,HTX,27.29251942614086,1.242076753108772,8.795829064243206,14.891745067768651,2.4973691111540575,52.10697669086662,20.0,49.47457149551545,-81.7730314486046,-118.78571912213886,FLAT
2026-09-30T18:11:19.636652+00:00,0,PERP,ICP|HTX|OKX,ICP,HTX,OKX,-43.04966236657215,-0.3793763325622544,-36.2395615124324,17.950779396662107,-66.53167486259548,-19.463251961641113,20.0,47.27169439438428,-103.56380774454735,-90.04800394517557,FLAT
2026-09-30T18:11:20.196410+00:00,0,PERP,DOT|BITGET|HTX,DOT,BITGET,HTX,-14.914842420965524,-1.5414992934392346,5.749108768589861,13.405099358464254,-43.37321795772176,13.566483418643305,21.999999999999996,57.024743632477836,-134.14707035878945,-92.84211828253127,FLAT
2026-09-30T18:11:20.809900+00:00,0,PERP,DOT|HTX|OKX,DOT,HTX,OKX,23.285528416219226,2.049129056558304,-4.1347295948430025,13.381420717891244,-3.6968595336117627,50.39991911780062,20.0,53.970782729075765,-79.53291266784453,-134.5054314417194,FLAT
2026-09-30T18:11:21.927564+00:00,0,PERP,DOT|HTX|MEXC,DOT,HTX,MEXC,12.310580356513778,1.2746930983408056,-4.770525112326898,13.40017098317561,-23.24000200754961,48.11253225414758,26.0,71.26391868626057,-121.73339558148328,-156.14697605273506,FLAT
2026-09-30T18:11:32.304051+00:00,1,PERP,OP|GATE|OKX,OP,GATE,OKX,0.3269059499877436,-0.17739166655842523,1.5023332820841067,6.626169959958224,-10.53783313141543,11.210921243327565,20.0,21.74802633405702,-59.78819274755655,-57.456614295300476,FLAT
2026-09-30T18:11:32.643685+00:00,1,PERP,OP|BITGET|GATE,OP,BITGET,GATE,-2.473578203895377,0.09553634600369355,-3.4357409932558096,10.071170079324935,-15.697375211474185,10.761744684366636,21.999999999999996,26.46566136335209,-66.72729558157046,-68.66314704097454,FLAT
2026-09-30T18:11:33.098896+00:00,1,SPOT,ICP|GATE|HTX,ICP,GATE,HTX,31.49687559632408,1.6297536124913867,-4.113388369824296,21.850090524856302,-30.10422667829138,93.20060968679877,60.0,122.91759890816158,-214.90843721662867,-286.23159696478467,FLAT
2026-09-30T18:11:33.896904+00:00,1,PERP,ICP|HTX|MEXC,ICP,HTX,MEXC,-37.25146738177809,-0.01707790676479286,-36.92989835460607,18.829534064148824,-60.746311831065825,-13.652167974426144,26.0,47.269999861012955,-103.08641333747272,-102.54773024119288,FLAT
2026-09-30T18:11:34.963780+00:00,1,PERP,ICP|BITGET|HTX,ICP,BITGET,HTX,34.279261042819975,0.24990071431859734,29.608683547147027,18.689732473987444,7.857545154361656,60.722981548313456,21.999999999999996,52.68482753916647,-102.43596593195184,-111.7991255403329,FLAT
2026-09-30T18:11:35.497533+00:00,1,PERP,DOT|GATE|HTX,DOT,GATE,HTX,-24.51561542185288,-1.8093368327735417,3.6787727631504286,15.582719410947924,-54.63853340365476,5.631536604986387,20.0,60.4181791488035,-144.73548531560868,-88.37094299063946,FLAT
2026-09-30T18:11:35.991086+00:00,1,PERP,ICP|GATE|HTX,ICP,GATE,HTX,40.31377028254069,0.19878067319936216,36.46955593784746,19.33897437221056,16.585171213503447,64.0492772406831,20.0,47.27352760856342,-93.15791233290744,-100.85324891139906,FLAT
2026-09-30T18:11:36.527238+00:00,1,PERP,APT|GATE|HTX,APT,GATE,HTX,24.086666173630533,1.0267995483271106,8.795829064243206,14.891745067768651,-8.692345361667186,56.899004948494095,20.0,65.43372534655998,-108.92189977247037,-139.53690123081088,FLAT
2026-09-30T18:11:37.154007+00:00,1,PERP,ICP|HTX|OKX,ICP,HTX,OKX,-40.15190282385728,-0.2179482698201039,-36.2395615124324,17.950779396662107,-63.641657027183605,-16.55770996803252,20.0,47.27352760856342,-100.67562312331464,-92.9553791529633,FLAT
2026-09-30T18:11:37.836957+00:00,1,PERP,DOT|BITGET|HTX,DOT,BITGET,HTX,-14.893931633058743,-1.5399393805025523,5.749108768589861,13.405099358464254,-43.45246991806051,13.687600644123332,21.999999999999996,57.22529226813957,-134.42687095478993,-93.16378414367304,FLAT
2026-09-30T18:11:38.415279+00:00,1,PERP,DOT|HTX|OKX,DOT,HTX,OKX,20.642366138554635,1.851604269513037,-4.1347295948430025,13.381420717891244,-6.533931153324124,47.952637737245226,20.0,54.37399866893311,-82.77320022741424,-132.46136600102133,FLAT
2026-09-30T18:11:39.324656+00:00,1,PERP,DOT|HTX|MEXC,DOT,HTX,MEXC,20.155339187426513,1.8601153918893063,-4.770525112326898,13.40017098317561,-4.824314545307518,45.25813816534496,26.0,49.981410686406704,-82.03520011938733,-132.01007396407857,FLAT
2026-09-30T18:11:49.693869+00:00,2,PERP,OP|GATE|OKX,OP,GATE,OKX,0.12130683625821703,-0.20842001550992462,1.5023332820841067,6.626169959958224,-11.22602773595549,11.48919139683624,20.0,22.714924994073858,-61.443286012113454,-58.701783108825985,FLAT
2026-09-30T18:11:50.038412+00:00,2,PERP,OP|BITGET|GATE,OP,BITGET,GATE,-1.5931041417083236,0.18296154637783626,-3.4357409932558096,10.071170079324935,-17.590093045738442,14.426180532731703,21.999999999999996,32.0213593879737,-74.17571144045634,-77.88328091396122,FLAT
2026-09-30T18:11:50.382824+00:00,2,SPOT,ICP|GATE|HTX,ICP,GATE,HTX,9.704616730759064,0.6324003593881785,-4.113388369824296,21.850090524856302,-35.14407551553855,54.62283701002768,60.0,89.67982783758379,-186.71051498329805,-214.41605321743577,FLAT
2026-09-30T18:11:51.193220+00:00,2,PERP,ICP|HTX|MEXC,ICP,HTX,MEXC,-48.77777321736887,-0.6292176334474995,-36.92989835460607,18.829534064148824,-57.85895923677175,-39.68263112141268,26.0,18.265412012144274,-71.19447289430997,-47.51267924533766,FLAT
2026-09-30T18:11:51.750585+00:00,2,PERP,ICP|BITGET|HTX,ICP,BITGET,HTX,46.06217556126113,0.8803492525649703,29.608683547147027,18.689732473987444,33.93933697245721,58.195673345959875,21.999999999999996,24.145114041238404,-47.81446061592821,-80.73210384005125,FLAT
2026-09-30T18:11:52.609967+00:00,2,PERP,DOT|GATE|HTX,DOT,GATE,HTX,-22.92377165586945,-1.707182406193477,3.6787727631504286,15.582719410947924,-51.45612548886458,5.631536604986387,20.0,57.21881998045107,-138.35371823246606,-85.17158382228703,FLAT
2026-09-30T18:11:53.170883+00:00,2,PERP,ICP|GATE|HTX,ICP,GATE,HTX,50.48512770926106,0.7247319067526916,36.46955593784746,19.33897437221056,39.85076945985044,61.12566528219121,20.0,21.168026973039478,-43.786813451036494,-71.82413631738322,FLAT
2026-09-30T18:11:53.741654+00:00,2,PERP,APT|GATE|HTX,APT,GATE,HTX,20.33218130612635,0.7746810188721374,8.795829064243206,14.891745067768651,-11.23175510995611,51.92059734026033,20.0,63.02420101306485,-109.05178518726416,-132.14896928908195,FLAT
2026-09-30T18:11:54.359064+00:00,2,PERP,ICP|HTX|OKX,ICP,HTX,OKX,-51.67400715511694,-0.859820362204135,-36.2395615124324,17.950779396662107,-60.7543005780331,-42.579756592290295,20.0,18.268936181253267,-68.78367524685396,-37.928741101395374,FLAT
2026-09-30T18:11:54.900363+00:00,2,PERP,DOT|BITGET|HTX,DOT,BITGET,HTX,-20.177206243104926,-1.9340636214922482,5.749108768589861,13.405099358464254,-51.45612548886458,11.144123993560573,21.999999999999996,62.726785879002016,-147.93202013645646,-96.12180110397271,FLAT
2026-09-30T18:11:55.501171+00:00,2,PERP,DOT|HTX|OKX,DOT,HTX,OKX,20.88592008739898,1.8698051731374712,-4.1347295948430025,13.381420717891244,-6.1041634196790096,48.009059900484544,20.0,54.000111952354786,-81.96954577719079,-132.14390144768234,FLAT
2026-09-30T18:11:56.312617+00:00,2,PERP,DOT|HTX|MEXC,DOT,HTX,MEXC,20.961368656051693,1.9202660772527378,-4.770525112326898,13.40017098317561,-4.020262121089413,46.06615442485085,26.0,49.98134598436314,-81.23108299312565,-132.8180255215409,FLAT
2026-09-30T18:34:49.960152+00:00,0,PERP,OP|GATE|OKX,OP,GATE,OKX,4.139094061406112,0.4033778207133142,1.2351206220548767,7.199140087117301,-4.810037467183337,13.100301406079318,20.0,17.902920544088104,-49.94807863332632,-55.76810132811254,FLAT
2026-09-30T18:34:50.306849+00:00,0,PERP,OP|BITGET|GATE,OP,BITGET,GATE,-5.5525008776624585,-0.24139895452392154,-2.997284431251545,10.58503526434164,-18.514180991635598,7.425351484313669,21.999999999999996,25.953933316960374,-69.47082987734443,-64.37656923252558,FLAT
2026-09-30T18:34:50.755281+00:00,0,SPOT,ICP|GATE|HTX,ICP,GATE,HTX,39.27790041515999,1.9158062559236162,-3.423606547660869,22.28905288871934,18.42764632009164,60.15413161743144,60.0,41.563217533196145,-85.71196466544363,-171.14095569828845,FLAT
2026-09-30T18:34:51.867904+00:00,0,PERP,ICP|HTX|MEXC,ICP,HTX,MEXC,-50.2722121847754,-0.6910820533706733,-37.174704550115756,18.952174449876182,-69.28004067402682,-31.197072032662643,26.0,38.275267906935994,-102.38060403084705,-76.25290042438911,FLAT
2026-09-30T18:34:52.789862+00:00,0,PERP,ICP|BITGET|HTX,ICP,BITGET,HTX,43.744700305961004,0.7463297483328496,29.733201527940953,18.773871481498517,23.199433035012706,64.30142056301102,21.999999999999996,40.92296803939703,-75.45673653232527,-103.49118707446709,FLAT
2026-09-30T18:34:53.295045+00:00,0,PERP,DOT|GATE|HTX,DOT,GATE,HTX,-12.181582895153253,-1.0000585141078138,3.5205435225468045,15.701207675541326,-40.99683653084551,16.66571855023724,20.0,57.73286503760941,-128.25024509100172,-96.87804006529984,FLAT
2026-09-30T18:34:54.159551+00:00,0,PERP,ICP|GATE|HTX,ICP,GATE,HTX,56.40974052410152,1.0139198801620535,36.67605751126727,19.462763674857868,37.16610690775779,75.65900752264821,20.0,38.27698033756455,-63.786930941074026,-103.25993034894549,FLAT
2026-09-30T18:34:55.021991+00:00,0,PERP,APT|GATE|HTX,APT,GATE,HTX,29.392112652346647,1.3881266031493564,8.743156835822669,14.87541249456354,8.868014921563638,49.92974521317528,20.0,40.941390434260825,-66.81653234851986,-108.12797881161345,FLAT
2026-09-30T18:34:55.587762+00:00,0,PERP,ICP|HTX|OKX,ICP,HTX,OKX,-56.093319563927935,-1.084642534534533,-36.444250928419166,18.115709102207607,-75.09087739686393,-37.02848643919454,20.0,38.27698033756455,-102.92360680600932,-63.69274482678918,FLAT
2026-09-30T18:34:56.467069+00:00,0,PERP,DOT|BITGET|HTX,DOT,BITGET,HTX,-5.560995062948715,-0.8219961239564326,5.590879527986237,13.566821382634673,-32.90666336799531,21.8069054927561,21.999999999999996,54.74400293993059,-121.24154583591212,-98.96002890470044,FLAT
2026-09-30T18:34:57.409507+00:00,0,PERP,DOT|HTX|OKX,DOT,HTX,OKX,8.171961710714548,0.8941067611518725,-3.9425562219952264,13.549296861487448,-16.842104653453926,33.30290914494549,20.0,50.10379673399465,-89.00334516545334,-113.34926210093536,FLAT
2026-09-30T18:34:58.540738+00:00,0,PERP,DOT|HTX|MEXC,DOT,HTX,MEXC,10.03630399959432,1.0785189253270289,-4.58964994893888,13.56114724097059,-13.647064168084144,33.830335398663536,26.0,47.42953989801176,-88.48695411715704,-117.84952524561419,FLAT
2026-09-30T18:35:08.953085+00:00,1,PERP,OP|GATE|OKX,OP,GATE,OKX,1.0678939408981236,-0.023228702196808407,1.2351206220548767,7.199140087117301,-9.494810214110139,11.6484487305768,20.0,21.140986240806843,-57.87091707697186,-57.55431434932876,FLAT
2026-09-30T18:35:09.298680+00:00,1,PERP,OP|BITGET|GATE,OP,BITGET,GATE,-4.344886048007757,-0.12731196288933938,-2.997284431251545,10.58503526434164,-16.631080744068385,7.950781427310538,21.999999999999996,24.592543700984294,-66.22634001380113,-63.540609559546375,FLAT
2026-09-30T18:35:09.631941+00:00,1,SPOT,ICP|GATE|HTX,ICP,GATE,HTX,46.015368019858286,2.2180832363918253,-3.423606547660869,22.28905288871934,27.679194679919306,64.3651258045641,60.0,36.51788769031835,-71.41508646273817,-170.30662004254333,FLAT
2026-09-30T18:35:10.790708+00:00,1,PERP,ICP|HTX|MEXC,ICP,HTX,MEXC,-60.2573354142355,-1.2179410296780244,-37.174704550115756,18.952174449876182,-78.46556233652935,-41.987514585763996,26.0,36.699082641446736,-109.98994042786032,-63.886272605798496,FLAT
2026-09-30T18:35:11.692431+00:00,1,PERP,ICP|BITGET|HTX,ICP,BITGET,HTX,54.00133172118071,1.2926545394302813,29.733201527940953,18.773871481498517,33.350482362513034,74.66731235724833,21.999999999999996,41.0949064855564,-65.47762565098431,-114.02901731486378,FLAT
2026-09-30T18:35:12.567979+00:00,1,PERP,DOT|GATE|HTX,DOT,GATE,HTX,-5.560995062948715,-0.5783974566263685,3.5205435225468045,15.701207675541326,-32.90666336799531,21.8069054927561,20.0,54.74400293993059,-117.1712098304727,-99.0303649101399,FLAT
2026-09-30T18:35:13.068694+00:00,1,PERP,ICP|GATE|HTX,ICP,GATE,HTX,63.5699353618091,1.381811869055551,36.67605751126727,19.462763674857868,45.1060189557917,82.03926164664477,20.0,36.69994061317328,-54.26997916864885,-108.0631447485508,FLAT
2026-09-30T18:35:13.959643+00:00,1,PERP,APT|GATE|HTX,APT,GATE,HTX,38.267931689968115,1.9848037736725457,8.743156835822669,14.87541249456354,17.645073142709133,58.904722371280194,20.0,41.10235431538609,-58.20043800849963,-117.26391985084362,FLAT
2026-09-30T18:35:14.841675+00:00,1,PERP,ICP|HTX|OKX,ICP,HTX,OKX,-66.07941341370216,-1.6358820026355803,-36.444250928419166,18.115709102207607,-84.27782621331036,-47.81943990665116,20.0,36.70079908773779,-110.53437437262899,-51.325610109505796,FLAT
2026-09-30T18:35:15.345268+00:00,1,PERP,DOT|BITGET|HTX,DOT,BITGET,HTX,-5.560995062948715,-0.8219961239564326,5.590879527986237,13.566821382634673,-32.90666336799531,21.8069054927561,21.999999999999996,54.74400293993059,-121.24154583591212,-98.96002890470044,FLAT
2026-09-30T18:35:16.257603+00:00,1,PERP,DOT|HTX|OKX,DOT,HTX,OKX,4.287224112513588,0.6073953813722364,-3.9425562219952264,13.549296861487448,-21.147751212343692,29.841047252425756,20.0,50.96667089296218,-94.17186588331066,-110.75027436738317,FLAT
2026-09-30T18:35:17.453469+00:00,1,PERP,DOT|HTX|MEXC,DOT,HTX,MEXC,4.344394318589462,0.6587970846992235,-4.58964994893888,13.56114724097059,-19.32573764906298,28.12512766998232,26.0,47.430002059415834,-94.16608975953994,-112.14477967833704,FLAT
2026-09-30T18:35:27.853830+00:00,2,PERP,OP|GATE|OKX,OP,GATE,OKX,-0.20986275581891256,-0.20071610781120297,1.2351206220548767,7.199140087117301,-11.41607249529386,11.015832497527356,20.0,22.43235883836055,-61.08355195570929,-58.21307071383303,FLAT
2026-09-30T18:35:28.213657+00:00,2,PERP,OP|BITGET|GATE,OP,BITGET,GATE,-5.542628177538367,-0.24046625095916815,-2.997284431251545,10.58503526434164,-20.47421926048343,9.407677071864295,21.999999999999996,29.89845621479426,-75.37539104402614,-70.3034177179101,FLAT
2026-09-30T18:35:28.560687+00:00,2,SPOT,ICP|GATE|HTX,ICP,GATE,HTX,47.12945707802341,2.2680669240669964,-3.423606547660869,22.28905288871934,29.902729026598518,64.3651258045641,60.0,34.30073694748915,-66.97440137322977,-168.08946929971412,FLAT
2026-09-30T18:35:29.308133+00:00,2,PERP,ICP|HTX|MEXC,ICP,HTX,MEXC,-60.2573354142355,-1.2179410296780244,-37.174704550115756,18.952174449876182,-78.46556233652935,-41.987514585763996,26.0,36.699082641446736,-109.98994042786032,-63.886272605798496,FLAT
2026-09-30T18:35:30.174501+00:00,2,PERP,ICP|BITGET|HTX,ICP,BITGET,HTX,54.65601327249159,1.3275264917580718,29.733201527940953,18.773871481498517,33.60563046528098,75.72349279648671,21.999999999999996,41.8889073237452,-66.01647838640517,-115.87919859229096,FLAT
2026-09-30T18:35:31.111185+00:00,2,PERP,DOT|GATE|HTX,DOT,GATE,HTX,-5.560995062948715,-0.5783974566263685,3.5205435225468045,15.701207675541326,-32.90666336799531,21.8069054927561,20.0,54.74400293993059,-117.1712098304727,-99.0303649101399,FLAT
2026-09-30T18:35:31.975662+00:00,2,PERP,ICP|GATE|HTX,ICP,GATE,HTX,62.54497537535819,1.3291492563057,36.67605751126727,19.462763674857868,43.056399205496646,82.03926164664477,20.0,38.74055887466544,-58.36021718043606,-110.10376301004294,FLAT
2026-09-30T18:35:32.848698+00:00,2,PERP,APT|GATE|HTX,APT,GATE,HTX,38.17062925380643,1.9782626148174722,8.743156835822669,14.87541249456354,16.307311374952338,60.048549891402736,20.0,43.57490548520127,-62.0107509460716,-120.88029854078134,FLAT
2026-09-30T18:35:33.454265+00:00,2,PERP,ICP|HTX|OKX,ICP,HTX,OKX,-63.61188721135447,-1.4996728049483097,-36.444250928419166,18.115709102207607,-84.27782621331036,-42.87180863477125,20.0,41.67096167930266,-115.50453696419385,-61.24340397295057,FLAT
2026-09-30T18:35:33.983204+00:00,2,PERP,DOT|BITGET|HTX,DOT,BITGET,HTX,-5.560995062948715,-0.8219961239564326,5.590879527986237,13.566821382634673,-32.90666336799531,21.8069054927561,21.999999999999996,54.74400293993059,-121.24154583591212,-98.96002890470044,FLAT
2026-09-30T18:35:34.540405+00:00,2,PERP,DOT|HTX|OKX,DOT,HTX,OKX,3.6326050704693635,0.5590815058452402,-3.9425562219952264,13.549296861487448,-21.299407468418075,28.681115273587743,20.0,49.96210194362797,-93.31895319005082,-108.58577343921094,FLAT
2026-09-30T18:35:35.288529+00:00,2,PERP,DOT|HTX|MEXC,DOT,HTX,MEXC,5.15752427301619,0.7187573476458657,-4.58964994893888,13.56114724097059,-18.514498580352033,28.940157345507256,26.0,47.429936004163515,-93.35478463557668,-112.95974329860965,FLAT
2026-09-30T18:56:10.941905+00:00,0,PERP,OP|GATE|OKX,OP,GATE,OKX,2.324764543966129,0.10323545237025017,1.6415634882486116,6.617891819442432,-9.52279984465565,14.19438186501809,20.0,23.711648804166877,-60.876012137071136,-62.26446718093636,FLAT
2026-09-30T18:56:11.312422+00:00,0,PERP,OP|BITGET|GATE,OP,BITGET,GATE,-1.5737335590393364,0.17978886399816174,-3.382921952917743,10.062850132346933,-14.534325723881691,11.396890023884776,21.999999999999996,25.935293391298387,-65.08669716226234,-68.71510536810091,FLAT
2026-09-30T18:56:12.000743+00:00,0,PERP,ICP|HTX|MEXC,ICP,HTX,MEXC,-55.43706999834419,-0.9670339819949223,-37.13981342637205,18.921006823592904,-73.22788517867718,-37.58764705882322,26.0,35.83882167024938,-103.92689342255451,-67.39098803779822,FLAT
2026-09-30T18:56:12.336760+00:00,0,SPOT,ICP|GATE|HTX,ICP,GATE,HTX,-25.808687080842716,-1.0064740898118225,-3.501519399954032,22.163678038705786,-101.34958739459688,49.831477802400045,60.0,151.57218793734717,-315.42025593199,-270.90518513970125,FLAT
2026-09-30T18:56:12.735297+00:00,0,PERP,ICP|GATE|HTX,ICP,GATE,HTX,55.74611009911523,0.9702891435424678,36.76445855893855,19.562881504451138,37.729463233597826,73.76807317792888,20.0,35.83882167024938,-60.873816995590104,-98.84243628923971,FLAT
2026-09-30T18:56:13.136084+00:00,0,PERP,APT|GATE|HTX,APT,GATE,HTX,19.459186845971477,0.7261993079863445,8.655022478058186,14.877684747279398,-8.630120225622262,47.57006942658792,20.0,56.09103278054723,-99.37617548422769,-121.00607972907697,FLAT
2026-09-30T18:56:13.658980+00:00,0,PERP,ICP|BITGET|HTX,ICP,BITGET,HTX,46.84122862794293,0.9182721172104389,29.655955178230823,18.71479393485035,26.28448787050708,67.41452368032918,21.999999999999996,40.93826926391643,-72.30973657164017,-106.69683776601478,FLAT
2026-09-30T18:56:14.061787+00:00,0,PERP,DOT|GATE|HTX,DOT,GATE,HTX,-19.21048978429041,-1.4738948294833354,3.734986612710625,15.567919730775111,-45.36304266809843,6.96667781402871,20.0,52.43043032854514,-127.5284596093542,-81.66212152986323,FLAT
2026-09-30T18:56:14.514013+00:00,0,PERP,ICP|HTX|OKX,ICP,HTX,OKX,-55.43706999834419,-1.0526101088605715,-36.409668365633756,18.0764002478631,-73.22788517867718,-37.58764705882322,20.0,35.83882167024938,-98.65703848329281,-60.660842977059914,FLAT
2026-09-30T18:56:14.959770+00:00,0,PERP,DOT|BITGET|HTX,DOT,BITGET,HTX,-17.42385778803035,-1.7362163668090467,5.805322618150058,13.379196769624285,-45.36304266809843,10.5516419249585,21.999999999999996,56.01225596594714,-135.18062125219564,-88.75857527275558,FLAT
2026-09-30T18:56:15.443200+00:00,0,PERP,DOT|HTX|OKX,DOT,HTX,OKX,15.140252167866741,1.4459877278775195,-4.191194164659823,13.369025172089158,-8.181480947367925,38.56253840831103,20.0,46.673138742406884,-76.66342552511497,-115.42687131537772,FLAT
2026-09-30T18:56:16.380886+00:00,0,PERP,DOT|HTX|MEXC,DOT,HTX,MEXC,17.83816645313241,1.6933110345998794,-4.826989682143719,13.385110987971437,-4.072656186364654,39.84345898821351,26.0,43.837713513153986,-75.08338001737492,-120.50816218351122,FLAT
2026-09-30T18:56:26.746483+00:00,1,PERP,OP|GATE|OKX,OP,GATE,OKX,0.7597883127230531,-0.13324109846205517,1.6415634882486116,6.617891819442432,-10.751397666338702,12.292064239023404,20.0,23.041691922497144,-61.434653077084455,-59.69219267327193,FLAT
2026-09-30T18:56:27.086631+00:00,1,PERP,OP|BITGET|GATE,OP,BITGET,GATE,-1.4825180643107672,0.1888534424753228,-3.382921952917743,10.062850132346933,-14.705030038919542,11.750228052693767,21.999999999999996,26.459176753315553,-65.78128483931735,-69.59232675892706,FLAT
2026-09-30T18:56:27.745039+00:00,1,PERP,ICP|HTX|MEXC,ICP,HTX,MEXC,-46.63527363014786,-0.5018475122547795,-37.13981342637205,18.921006823592904,-64.44053895723556,-28.771352941178165,26.0,35.83621272022196,-95.13693825108547,-76.20467320541584,FLAT
2026-09-30T18:56:28.098234+00:00,1,SPOT,ICP|GATE|HTX,ICP,GATE,HTX,-37.38659232368602,-1.5288560348402647,-3.501519399954032,22.163678038705786,-117.6371584587077,42.957626755693035,60.0,161.19739271999026,-341.33303177874393,-273.65653887563735,FLAT
2026-09-30T18:56:28.492337+00:00,1,PERP,ICP|GATE|HTX,ICP,GATE,HTX,52.780250753854396,0.8186826767453341,36.76445855893855,19.562881504451138,34.76935427953354,70.7964601769917,20.0,35.83795150724761,-63.83305578665262,-95.86995312530075,FLAT
2026-09-30T18:56:28.891530+00:00,1,PERP,APT|GATE|HTX,APT,GATE,HTX,19.98519129429388,0.7615545703982994,8.655022478058186,14.877684747279398,-7.705921561599327,47.69535617847431,20.0,55.29077152367176,-97.65171556332928,-120.33110522408789,FLAT
2026-09-30T18:56:29.399820+00:00,1,PERP,ICP|BITGET|HTX,ICP,BITGET,HTX,46.85377750359487,0.918942649608264,29.655955178230823,18.71479393485035,25.899493329963885,67.82659982306205,21.999999999999996,41.731570126266675,-73.48803197453361,-107.9022147710979,FLAT
2026-09-30T18:56:29.809063+00:00,1,PERP,DOT|GATE|HTX,DOT,GATE,HTX,-19.839436414023083,-1.5142950011574836,3.734986612710625,15.567919730775111,-45.36304266809843,5.704971475142262,20.0,51.169523120097324,-126.26755240090638,-79.13950798252895,FLAT
2026-09-30T18:56:30.297444+00:00,1,PERP,ICP|HTX|OKX,ICP,HTX,OKX,-49.569205752880706,-0.7279954640749119,-36.409668365633756,18.0764002478631,-67.36965436438203,-31.71011764705911,20.0,35.83708185739061,-92.79706785613888,-66.53663257596526,FLAT
2026-09-30T18:56:30.752463+00:00,1,PERP,DOT|BITGET|HTX,DOT,BITGET,HTX,-19.839436414023083,-1.9167637245904185,5.805322618150058,13.379196769624285,-45.36304266809843,5.704971475142262,21.999999999999996,51.169523120097324,-130.33788840634583,-79.06917197708952,FLAT
2026-09-30T18:56:31.211692+00:00,1,PERP,DOT|HTX|OKX,DOT,HTX,OKX,19.147647292077075,1.7457399590706113,-4.191194164659823,13.369025172089158,-4.232464650070211,42.628564063431625,20.0,46.77125591661087,-72.81252640202126,-119.59101414470231,FLAT
2026-09-30T18:56:31.906036+00:00,1,PERP,DOT|HTX|MEXC,DOT,HTX,MEXC,20.287016687341453,1.876264335204537,-4.826989682143719,13.385110987971437,-1.6290624745451954,42.29758840864406,26.0,43.837514377500625,-72.6395871699021,-122.9620924682884,FLAT
2026-09-30T18:56:42.303660+00:00,2,PERP,OP|GATE|OKX,OP,GATE,OKX,1.7313931286389028,0.0135737547305298,1.6415634882486116,6.617891819442432,-9.471568152291665,12.954345893718688,20.0,22.422014092575917,-59.535145733116195,-59.734796498045995,FLAT
2026-09-30T18:56:42.649833+00:00,2,PERP,OP|BITGET|GATE,OP,BITGET,GATE,-0.18420424304999017,0.31787392913519663,-3.382921952917743,10.062850132346933,-12.961954470016579,12.603435883471459,21.999999999999996,25.565857461551627,-63.14488997865046,-69.55221529794082,FLAT
2026-09-30T18:56:43.391358+00:00,2,PERP,ICP|HTX|MEXC,ICP,HTX,MEXC,-49.569205752880706,-0.656909668834866,-37.13981342637205,18.921006823592904,-67.36965436438203,-31.71011764705911,26.0,35.83708185739061,-98.06692279540059,-73.26677763670355,FLAT
2026-09-30T18:56:43.717341+00:00,2,SPOT,ICP|GATE|HTX,ICP,GATE,HTX,-58.85138446349636,-2.4973230962334623,-3.501519399954032,22.163678038705786,-160.6351830967645,43.054477710948724,60.0,204.89542560634737,-428.0290893031579,-317.4514227172501,FLAT
2026-09-30T18:56:44.122987+00:00,2,PERP,ICP|GATE|HTX,ICP,GATE,HTX,52.780250753854396,0.8186826767453341,36.76445855893855,19.562881504451138,34.76935427953354,70.7964601769917,20.0,35.83795150724761,-63.83305578665262,-95.86995312530075,FLAT
2026-09-30T18:56:44.522099+00:00,2,PERP,APT|GATE|HTX,APT,GATE,HTX,18.171166442928488,0.6396253265556301,8.655022478058186,14.877684747279398,-8.6311193593136,44.987146529562594,20.0,53.52100847598912,-96.8071503133609,-115.85313252749353,FLAT
2026-09-30T18:56:44.935956+00:00,2,PERP,ICP|BITGET|HTX,ICP,BITGET,HTX,44.89054198274056,0.8140397835821299,29.655955178230823,18.71479393485035,25.34404574048077,64.4488508254737,21.999999999999996,38.93004244621345,-71.24195188396351,-101.72293809345632,FLAT
2026-09-30T18:56:45.398715+00:00,2,PERP,DOT|GATE|HTX,DOT,GATE,HTX,-19.839436414023083,-1.5142950011574836,3.734986612710625,15.567919730775111,-45.36304266809843,5.704971475142262,20.0,51.169523120097324,-126.26755240090638,-79.13950798252895,FLAT
2026-09-30T18:56:46.396265+00:00,2,PERP,ICP|HTX|OKX,ICP,HTX,OKX,-49.569205752880706,-0.7279954640749119,-36.409668365633756,18.0764002478631,-67.36965436438203,-31.71011764705911,20.0,35.83708185739061,-92.79706785613888,-66.53663257596526,FLAT
2026-09-30T18:56:46.839760+00:00,2,PERP,DOT|BITGET|HTX,DOT,BITGET,HTX,-7.6090900625847,-1.0026321394114202,5.805322618150058,13.379196769624285,-45.36304266809843,30.175631860456242,21.999999999999996,75.59618381232977,-154.76454909857824,-127.96649305463595,FLAT
2026-09-30T18:56:47.295029+00:00,2,PERP,DOT|HTX|OKX,DOT,HTX,OKX,8.733817843404879,0.9667879177195782,-4.191194164659823,13.369025172089158,-26.703743035689786,44.4112122889817,20.0,71.05209088951054,-119.5646397605405,-145.65449734315206,FLAT
2026-09-30T18:56:47.981560+00:00,2,PERP,DOT|HTX|MEXC,DOT,HTX,MEXC,18.646839311733387,1.7537268846684888,-4.826989682143719,13.385110987971437,-8.138683161064142,45.56976096922183,26.0,53.60813041059548,-88.9198238895159,-136.00488106196104,FLAT
2026-09-30T19:18:32.528581+00:00,0,PERP,OP|GATE|OKX,OP,GATE,OKX,0.30650744203830627,-0.1877582692357834,1.5489262402249016,6.617118932995641,-11.681428593752763,12.317260444574263,20.0,23.99793179042408,-63.22828662440174,-60.766265994773434,FLAT
2026-09-30T19:18:32.843010+00:00,0,PERP,OP|BITGET|GATE,OP,BITGET,GATE,-4.772586322865369,-0.1452400331819875,-3.3142732874915124,10.040709874711833,-18.099931866673025,8.565122631158939,21.999999999999996,26.677782672147682,-69.46344125132919,-66.55717859079813,FLAT
2026-09-30T19:18:33.582120+00:00,0,PERP,ICP|HTX|MEXC,ICP,HTX,MEXC,-28.040141676505257,0.48286565663404896,-37.08376868316397,18.729074810786624,-41.27358490566002,-14.775413711584084,26.0,26.57264432931387,-62.76246055180993,-80.88099930089376,FLAT
2026-09-30T19:18:33.860693+00:00,0,SPOT,ICP|GATE|HTX,ICP,GATE,HTX,-42.85941778791713,-1.788662236398121,-3.410506433454218,22.054980840822292,-115.2457444037025,29.58579881656931,60.0,145.45493063915578,-323.2901686094041,-244.45123588917932,FLAT
2026-09-30T19:18:34.257453+00:00,0,PERP,ICP|GATE|HTX,ICP,GATE,HTX,34.05893676884375,-0.13604341503575645,36.66869697499876,19.183289433517107,20.728457210541507,47.393364928909335,20.0,26.57439756102946,-68.51463732548672,-63.29906551494003,FLAT
2026-09-30T19:18:34.651328+00:00,0,PERP,APT|GATE|HTX,APT,GATE,HTX,22.70663033606013,0.9120224370515099,8.719089496642823,15.336838515330635,-1.2970168612191912,46.7289719626196,20.0,47.91717778264369,-83.9332841405057,-111.92706024862048,FLAT
2026-09-30T19:18:35.136123+00:00,0,PERP,ICP|BITGET|HTX,ICP,BITGET,HTX,25.631549373821283,-0.22479297008105323,29.809775269657464,18.58699537770085,9.848979591837725,41.42656719952731,21.999999999999996,31.496851390453365,-79.4576470682731,-71.1136433203232,FLAT
2026-09-30T19:18:35.533868+00:00,0,PERP,DOT|GATE|HTX,DOT,GATE,HTX,-10.027309206793733,-0.8675768216034054,3.1494950163104645,15.188054700160832,-33.81295209728519,13.777814144706468,20.0,47.638526891931214,-110.60097400552687,-84.26684602032721,FLAT
2026-09-30T19:18:35.993352+00:00,0,PERP,ICP|HTX|OKX,ICP,HTX,OKX,-33.943329397874145,0.12946973169499515,-36.263508268994364,17.92062778492581,-47.16981132075304,-20.68557919621683,20.0,26.57439756102946,-63.480700612788134,-68.152326633807,FLAT
2026-09-30T19:18:36.429590+00:00,0,PERP,DOT|BITGET|HTX,DOT,BITGET,HTX,-10.027309206793733,-1.1845025403878522,5.55659536595245,13.156497382980206,-33.81295209728519,13.777814144706468,21.999999999999996,47.638526891931214,-115.00807435516884,-83.85974567068523,FLAT
2026-09-30T19:18:36.979367+00:00,0,PERP,DOT|HTX|OKX,DOT,HTX,OKX,5.688122447584654,0.725577649078001,-3.81916081680814,13.103054203052968,-16.105844717652083,27.568240832585023,20.0,43.649087473468654,-81.9357713743126,-101.03648912286181,FLAT
2026-09-30T19:18:37.974497+00:00,0,PERP,DOT|HTX|MEXC,DOT,HTX,MEXC,7.98865574113794,0.9543584445406404,-4.4455750946536465,13.028889624145917,-12.123109511734675,28.179922495277232,26.0,40.27070430354945,-79.94823872063048,-104.89620189348034,FLAT
2026-09-30T19:18:48.332206+00:00,1,PERP,OP|GATE|OKX,OP,GATE,OKX,4.653718898455228,0.46920611366807535,1.5489262402249016,6.617118932995641,-7.445898438305232,16.7766704211747,20.0,24.211279132369732,-59.20610381089986,-65.43902331331952,FLAT
2026-09-30T19:18:48.635488+00:00,1,PERP,OP|BITGET|GATE,OP,BITGET,GATE,-2.7658153503451466,0.05462342244622485,-3.3142732874915124,10.040709874711833,-15.658468468613407,10.13686315914919,21.999999999999996,25.802464216540926,-66.14665939766282,-67.25360066318163,FLAT
2026-09-30T19:18:49.360670+00:00,1,PERP,ICP|HTX|MEXC,ICP,HTX,MEXC,-30.991735537189147,0.32527144066220715,-37.08376868316397,18.729074810786624,-44.22169811320708,-17.730496453900457,26.0,26.57352068562589,-65.71145011566901,-77.9267929148894,FLAT
2026-09-30T19:18:49.642487+00:00,1,SPOT,ICP|GATE|HTX,ICP,GATE,HTX,-30.574553258457815,-1.2316513453833868,-3.410506433454218,22.054980840822292,-91.67801233883277,30.605487422317168,60.0,122.65847460739505,-276.9259805127736,-222.67446846316642,FLAT
2026-09-30T19:18:50.040081+00:00,1,PERP,ICP|GATE|HTX,ICP,GATE,HTX,31.088082901553626,-0.290910174336142,36.66869697499876,19.183289433517107,17.76198934280604,44.418122594016566,20.0,26.57352068562589,-71.48022831781861,-60.3229463046437,FLAT
2026-09-30T19:18:50.436489+00:00,1,PERP,APT|GATE|HTX,APT,GATE,HTX,17.81770059015919,0.5932520632868004,8.719089496642823,15.336838515330635,-10.784075926406622,46.446629623300154,20.0,57.12890210020812,-102.63206752325758,-120.85644222686545,FLAT
2026-09-30T19:18:50.935875+00:00,1,PERP,ICP|BITGET|HTX,ICP,BITGET,HTX,21.126604101593394,-0.4671637879934821,29.809775269657464,18.58699537770085,5.20512089861036,37.06111015093106,21.999999999999996,31.78882493660302,-84.39347930765013,-67.04015981787661,FLAT
2026-09-30T19:18:51.327495+00:00,1,PERP,DOT|GATE|HTX,DOT,GATE,HTX,-18.12655519954354,-1.400841031710842,3.1494950163104645,15.188054700160832,-41.96191942999472,5.728314238950816,20.0,47.776828623486786,-118.88824306979197,-76.35564784612713,FLAT
2026-09-30T19:18:51.783447+00:00,1,PERP,ICP|HTX|OKX,ICP,HTX,OKX,-25.088547815820263,0.6235808581758546,-36.263508268994364,17.92062778492581,-38.325471698112956,-11.820330969266601,20.0,26.571768491632607,-54.6337319207512,-77.01494579136038,FLAT
2026-09-30T19:18:52.269681+00:00,1,PERP,DOT|BITGET|HTX,DOT,BITGET,HTX,-1.09033425847338,-0.5052203052937613,5.55659536595245,13.156497382980206,-41.96191942999472,39.81469738209231,21.999999999999996,81.78552048803375,-157.3040352839809,-144.0436225041736,FLAT
2026-09-30T19:18:52.730411+00:00,1,PERP,DOT|HTX|OKX,DOT,HTX,OKX,5.437287303922123,0.706434391347747,-3.81916081680814,13.103054203052968,-30.2373432673253,41.35551594806941,20.0,71.55312487174504,-123.9713073222622,-142.7278016366226,FLAT
2026-09-30T19:18:53.406499+00:00,1,PERP,DOT|HTX|MEXC,DOT,HTX,MEXC,4.338677335438135,0.6742134351811746,-4.4455750946536465,13.028889624145917,-29.943222965259643,38.85431363524372,26.0,68.7669067528091,-126.26455462341511,-144.06679548270648,FLAT
2026-09-30T19:19:03.729165+00:00,2,PERP,OP|GATE|OKX,OP,GATE,OKX,3.276093123858459,0.2610149373349181,1.5489262402249016,6.617118932995641,-7.448924244366495,14.018907689579141,20.0,21.460786426282464,-56.458636910873864,-59.930767875636704,FLAT
2026-09-30T19:19:04.055030+00:00,2,PERP,OP|BITGET|GATE,OP,BITGET,GATE,-5.332524894673396,-0.20100686429203365,-3.3142732874915124,10.040709874711833,-19.56481139384403,8.915788870531571,21.999999999999996,28.495786694333717,-72.74632480068624,-68.7258488523568,FLAT
2026-09-30T19:19:04.811749+00:00,2,PERP,ICP|HTX|MEXC,ICP,HTX,MEXC,-21.68502470921929,0.8221839108184931,-37.08376868316397,18.729074810786624,-32.42924528301883,-10.920803545049207,26.0,21.555165569321595,-48.90064216917646,-79.71813070743636,FLAT
2026-09-30T19:19:05.091512+00:00,2,SPOT,ICP|GATE|HTX,ICP,GATE,HTX,-41.90713994625672,-1.745484785983029,-3.410506433454218,22.054980840822292,-105.65002453473582,21.90441188645753,60.0,128.09119301022633,-296.3307111115079,-219.4061113301381,FLAT
2026-09-30T19:19:05.551095+00:00,2,PERP,ICP|GATE|HTX,ICP,GATE,HTX,27.663047307968647,-0.4694528380151223,36.66869697499876,19.183289433517107,16.85637182087918,38.47292098253963,20.0,21.556915690629715,-67.3692408447493,-49.36113969817058,FLAT
2026-09-30T19:19:05.959713+00:00,2,PERP,APT|GATE|HTX,APT,GATE,HTX,29.78773549396907,1.3737280976301682,8.719089496642823,15.336838515330635,2.665200423070946,56.94016914714606,20.0,54.11375961796212,-86.167648691534,-128.33483926846534,FLAT
2026-09-30T19:19:06.454306+00:00,2,PERP,ICP|BITGET|HTX,ICP,BITGET,HTX,16.304494353058807,-0.7265983900120395,29.809775269657464,18.58699537770085,3.051128532476355,29.56830277941913,21.999999999999996,26.474005607095087,-81.23265234427619,-54.23253311685674,FLAT
2026-09-30T19:19:06.842437+00:00,2,PERP,DOT|GATE|HTX,DOT,GATE,HTX,-13.914690514528205,-1.1235267364857444,3.1494950163104645,15.188054700160832,-41.57316793198085,13.766420681500247,20.0,55.416689965333326,-126.13935291362463,-92.0336156305231,FLAT
2026-09-30T19:19:07.338480+00:00,2,PERP,ICP|HTX|OKX,ICP,HTX,OKX,-23.170431801160518,0.7306148325254137,-36.263508268994364,17.92062778492581,-35.37735849056589,-10.940781663487664,20.0,24.49330774833665,-49.60715796990817,-75.81603435384335,FLAT
2026-09-30T19:19:08.287735+00:00,2,PERP,DOT|BITGET|HTX,DOT,BITGET,HTX,-13.914690514528205,-1.4799748986131769,5.55659536595245,13.156497382980206,-41.57316793198085,13.766420681500247,21.999999999999996,55.416689965333326,-130.5464532632666,-91.62651528088111,FLAT
2026-09-30T19:19:08.735518+00:00,2,PERP,DOT|HTX|OKX,DOT,HTX,OKX,12.30017424528329,1.2301967779646121,-3.81916081680814,13.103054203052968,-12.610930425018818,37.32922941006356,20.0,49.87852979453678,-84.67029940274745,-117.02692002140847,FLAT
2026-09-30T19:19:09.428994+00:00,2,PERP,DOT|HTX|MEXC,DOT,HTX,MEXC,11.886240074676646,1.253507830710546,-4.4455750946536465,13.028889624145917,-12.113084089239168,35.99919758362935,26.0,48.054894088690915,-87.72240308327643,-120.49966676697392,FLAT
2026-09-30T19:36:03.606358+00:00,0,PERP,OP|GATE|OKX,OP,GATE,OKX,0.9509725068768127,-0.08712406955524495,1.527031813252613,6.611942133976237,-10.41785529135919,12.339219524160061,20.0,22.754894316692514,-60.699781421304316,-59.567082027599966,FLAT
2026-09-30T19:36:03.836908+00:00,0,PERP,OP|BITGET|GATE,OP,BITGET,GATE,-2.487802862883859,0.09065225844315782,-3.3905924675230796,9.958820884813386,-16.54385771103439,11.5839097589987,21.999999999999996,28.13475812706424,-69.28802337057554,-71.10926035358602,FLAT
2026-09-30T19:36:04.545038+00:00,0,PERP,ICP|HTX|MEXC,ICP,HTX,MEXC,-41.97903851975049,-0.2531073936141451,-37.24270877906881,18.71272772024224,-58.42827928717376,-25.48498388514564,26.0,33.08210995704457,-86.26768046514951,-76.83983485096775,FLAT
2026-09-30T19:36:04.819312+00:00,0,SPOT,ICP|GATE|HTX,ICP,GATE,HTX,-9.07977837268037,-0.20677592025391706,-4.432060774417213,22.47707369676239,-80.68186364714735,62.595183497442534,60.0,143.40722065461563,-285.65702352734576,-276.43446492647536,FLAT
2026-09-30T19:36:05.262512+00:00,0,PERP,ICP|GATE|HTX,ICP,GATE,HTX,46.583113094393894,0.502738077503779,36.91053042693424,19.23980517944148,31.44228169478236,61.728395061726445,20.0,30.14568472882655,-61.61393346097843,-80.96354936361877,FLAT
2026-09-30T19:36:05.705973+00:00,0,PERP,APT|GATE|HTX,APT,GATE,HTX,31.649809871452383,1.5389686863133811,8.340462494392597,15.146082947858817,7.190689902698555,56.13271325425329,20.0,48.78759996767984,-75.93737255937388,-122.57985072754053,FLAT
2026-09-30T19:36:06.240770+00:00,0,PERP,ICP|BITGET|HTX,ICP,BITGET,HTX,36.447743358627434,0.3480971465947673,29.970109285901206,18.60869626796189,20.041070996601462,52.8634361233471,21.999999999999996,32.703166983989185,-70.63220527328892,-83.59649382143508,FLAT
2026-09-30T19:36:06.694390+00:00,0,PERP,DOT|GATE|HTX,DOT,GATE,HTX,-9.268007712069926,-0.8196903906141052,3.1725030467219373,15.177085032644504,-38.88370790338102,20.391645335082753,20.0,59.330308022518125,-127.38651897262108,-102.54945031087894,FLAT
2026-09-30T19:36:07.209428+00:00,0,PERP,ICP|HTX|OKX,ICP,HTX,OKX,-43.44173255051986,-0.39135330125161844,-36.42208855484207,17.93684625433771,-58.42827928717376,-28.414356870788417,20.0,30.1448212014489,-78.15101193378058,-64.15255288550256,FLAT
2026-09-30T19:36:07.667421+00:00,0,PERP,DOT|BITGET|HTX,DOT,BITGET,HTX,-4.490933987411072,-0.7753379536434019,5.805196977261099,13.279539478609905,-30.785239373221085,21.8247662766613,21.999999999999996,52.63363436698542,-117.22407071746761,-96.65320366638562,FLAT
2026-09-30T19:36:08.157043+00:00,0,PERP,DOT|HTX|OKX,DOT,HTX,OKX,7.722572174653219,0.8869478094225071,-3.8980890257759517,13.101854558945696,-16.713430823118713,32.2675584780785,20.0,48.942950265409536,-87.7582920627523,-111.10859776926398,FLAT
2026-09-30T19:36:08.890265+00:00,0,PERP,DOT|HTX|MEXC,DOT,HTX,MEXC,8.15462057384364,0.9670766423603973,-4.445347965773992,13.028924479929735,-14.470158642526654,30.880305131759656,26.0,45.31328799160497,-87.33809866835763,-112.63894108913861,FLAT
2026-09-30T19:36:19.155761+00:00,1,PERP,OP|GATE|OKX,OP,GATE,OKX,2.3399542504942694,0.12294760310504828,1.527031813252613,6.611942133976237,-8.52215884966867,13.219553671632855,20.0,21.736612189677583,-57.78580285259887,-59.42913404805783,FLAT
2026-09-30T19:36:19.378338+00:00,1,PERP,OP|BITGET|GATE,OP,BITGET,GATE,0.3721477086759961,0.37782988766642367,-3.3905924675230796,9.958820884813386,-11.52299690705072,12.276470676724216,21.999999999999996,23.798578385468286,-59.93098282499592,-67.46564152971558,FLAT
2026-09-30T19:36:20.106061+00:00,1,PERP,ICP|HTX|MEXC,ICP,HTX,MEXC,-40.517049358690386,-0.17497933110412328,-37.24270877906881,18.71272772024224,-55.508271028037456,-25.48498388514564,26.0,30.145371730243813,-80.41093397921244,-73.90309662416698,FLAT
2026-09-30T19:36:20.351212+00:00,1,SPOT,ICP|GATE|HTX,ICP,GATE,HTX,6.361706071749129,0.48021228171357033,-4.432060774417213,22.47707369676239,-81.46890515676186,94.26288005091044,60.0,175.62003257138932,-318.65687695373396,-340.31497339671694,FLAT
2026-09-30T19:36:20.819944+00:00,1,PERP,ICP|GATE|HTX,ICP,GATE,HTX,45.10768780406682,0.4260519948451236,36.91053042693424,19.23980517944148,28.49532450274639,61.72981733895577,20.0,33.085250053288895,-67.50045597747675,-83.90453696531043,FLAT
2026-09-30T19:36:21.281539+00:00,1,PERP,APT|GATE|HTX,APT,GATE,HTX,36.282746203304406,1.8448521512198621,8.340462494392597,15.146082947858817,11.97446400923008,60.61387670879492,20.0,48.463562851491,-70.82956133665351,-126.73697706589331,FLAT
2026-09-30T19:36:21.741446+00:00,1,PERP,ICP|BITGET|HTX,ICP,BITGET,HTX,34.97534930057,0.26897316945766847,29.970109285901206,18.60869626796189,17.10091810018355,52.86485714746991,21.999999999999996,35.63928305421041,-76.50847423992806,-86.53403091577911,FLAT
2026-09-30T19:36:22.285463+00:00,1,PERP,DOT|GATE|HTX,DOT,GATE,HTX,-9.258022970408675,-0.8190325079153014,3.1725030467219373,15.177085032644504,-38.88370790338102,20.411688984616205,20.0,59.35031085190916,-127.40652180201212,-102.58949678980343,FLAT
2026-09-30T19:36:22.761422+00:00,1,PERP,ICP|HTX|OKX,ICP,HTX,OKX,-40.517049358690386,-0.2282988182974486,-36.42208855484207,17.93684625433771,-55.508271028037456,-25.48498388514564,20.0,30.145371730243813,-75.2315542034392,-67.08247639994025,FLAT
2026-09-30T19:36:23.231388+00:00,1,PERP,DOT|BITGET|HTX,DOT,BITGET,HTX,-4.490933987411072,-0.7753379536434019,5.805196977261099,13.279539478609905,-30.785239373221085,21.8247662766613,21.999999999999996,52.63363436698542,-117.22407071746761,-96.65320366638562,FLAT
2026-09-30T19:36:23.704087+00:00,1,PERP,DOT|HTX|OKX,DOT,HTX,OKX,4.543786378978787,0.6443267528863529,-3.8980890257759517,13.101854558945696,-20.161963299470955,29.359722419279866,20.0,49.498949287582285,-91.76282356127729,-108.7567607326381,FLAT
2026-09-30T19:36:24.451353+00:00,1,PERP,DOT|HTX|MEXC,DOT,HTX,MEXC,6.527212204303634,0.8421692970114446,-4.445347965773992,13.028924479929735,-16.093954047251557,29.249267683770785,26.0,45.3134202202987,-88.96202630177626,-111.00803586984347,FLAT
2026-09-30T19:36:34.707814+00:00,2,PERP,OP|GATE|OKX,OP,GATE,OKX,1.2012959027685177,-0.04926478542669987,1.527031813252613,6.611942133976237,-9.903776728950042,12.325245105642146,20.0,22.22633576426709,-59.657144306469746,-59.024549056656625,FLAT
2026-09-30T19:36:34.928375+00:00,2,PERP,OP|BITGET|GATE,OP,BITGET,GATE,-4.324251589079564,-0.09375197449130343,-3.3905924675230796,9.958820884813386,-16.647727820894296,8.008733497846254,21.999999999999996,24.667124336777924,-65.92425969014913,-64.06645030214725,FLAT
2026-09-30T19:36:35.638555+00:00,2,PERP,ICP|HTX|MEXC,ICP,HTX,MEXC,-34.67049671838862,0.1374578895784252,-37.24270877906881,18.71272772024224,-49.673865889212635,-19.62623791385787,26.0,30.152111198860645,-74.58326830900447,-79.76858206407158,FLAT
2026-09-30T19:36:35.998939+00:00,2,SPOT,ICP|GATE|HTX,ICP,GATE,HTX,-19.66213401640382,-0.6775825646814672,-4.432060774417213,22.47707369676239,-85.9575600390472,46.705084683815734,60.0,132.92396274797207,-280.44946201260205,-250.061108206205,FLAT
2026-09-30T19:36:36.440384+00:00,2,PERP,ICP|GATE|HTX,ICP,GATE,HTX,40.68259053569223,0.1960550054211875,36.91053042693424,19.23980517944148,25.550098269411237,55.81952830498782,20.0,30.14678445389797,-67.50721661142097,-75.05578233195155,FLAT
2026-09-30T19:36:36.888383+00:00,2,PERP,APT|GATE|HTX,APT,GATE,HTX,30.725464933614166,1.47794004009374,8.340462494392597,15.146082947858817,5.84140739395167,55.635847086124016,20.0,49.64189873337624,-78.14095383381716,-122.93728332510766,FLAT
2026-09-30T19:36:37.356006+00:00,2,PERP,ICP|BITGET|HTX,ICP,BITGET,HTX,29.095728321673064,-0.04698776054148083,29.970109285901206,18.60869626796189,11.241502631207378,46.96497632819874,21.999999999999996,35.6198288934214,-82.34843554811522,-80.61469593571893,FLAT
2026-09-30T19:36:37.801738+00:00,2,PERP,DOT|GATE|HTX,DOT,GATE,HTX,-12.614062037807905,-1.0401579124432923,3.1725030467219373,15.177085032644504,-38.88370790338102,13.676941263427445,20.0,52.62702454369919,-120.68323549380216,-89.1314627604047,FLAT
2026-09-30T19:36:38.259501+00:00,2,PERP,ICP|HTX|OKX,ICP,HTX,OKX,-37.5923661693156,-0.06524433548013062,-36.42208855484207,17.93684625433771,-52.58826277372175,-22.555610899501755,20.0,30.14592194064649,-72.31209615952616,-70.0123995959868,FLAT
2026-09-30T19:36:38.708303+00:00,2,PERP,DOT|BITGET|HTX,DOT,BITGET,HTX,-12.614062037807905,-1.387040495247439,5.805196977261099,13.279539478609905,-38.88370790338102,13.676941263427445,21.999999999999996,52.62702454369919,-125.3159294243413,-88.49876882986554,FLAT
2026-09-30T19:36:39.255549+00:00,2,PERP,DOT|HTX|OKX,DOT,HTX,OKX,12.005230160838654,1.2138219910063133,-3.8980890257759517,13.101854558945696,-12.364959228838845,36.48410933088986,20.0,48.790252902056345,-83.25712310511925,-115.17245125872216,FLAT
2026-09-30T19:36:39.973255+00:00,2,PERP,DOT|HTX|MEXC,DOT,HTX,MEXC,13.443697774844221,1.3730255147441526,-4.445347965773992,13.028924479929735,-9.598772428351943,36.588936199721815,26.0,46.125470279295975,-83.27889474187391,-119.15975444479177,FLAT
2026-09-30T19:52:49.185619+00:00,0,PERP,OP|GATE|OKX,OP,GATE,OKX,2.2066081198612864,0.08719412979738209,1.6246385577174516,6.674412182290141,-10.407594966048705,14.846698522776869,20.0,25.24869555495541,-63.28092907872157,-64.47075552001483,FLAT
2026-09-30T19:52:49.553724+00:00,0,PERP,OP|BITGET|GATE,OP,BITGET,GATE,1.163282297769186,0.47929513265952295,-3.606093846731893,9.950812807208502,-13.246461393662257,15.585029711029375,21.999999999999996,28.828132581424143,-66.4685001283545,-76.01925613918542,FLAT
2026-09-30T19:52:50.276909+00:00,0,PERP,ICP|HTX|MEXC,ICP,HTX,MEXC,-43.528180850342935,-0.34023527923309976,-37.16272701767579,18.708976467740385,-64.36512580456521,-22.609826674502287,26.0,41.93768753335888,-101.1400863202483,-88.49058787653239,FLAT
2026-09-30T19:52:50.605303+00:00,0,SPOT,ICP|GATE|HTX,ICP,GATE,HTX,20.930753446029016,1.132473398472067,-3.7798807931288536,21.820057117895622,-63.14276261090379,105.15542467142814,60.0,167.94652678954282,-293.3094086073178,-342.8818322540998,FLAT
2026-09-30T19:52:51.077631+00:00,0,PERP,ICP|GATE|HTX,ICP,GATE,HTX,51.11662210140145,0.7442033442624674,36.83011849529462,19.197043007466288,28.565428814231186,73.68110816386996,20.0,44.8862321763162,-79.15092185737963,-107.73722184489154,FLAT
2026-09-30T19:52:51.548942+00:00,0,PERP,APT|GATE|HTX,APT,GATE,HTX,35.49647793985366,1.6190325164787482,9.135353934837248,16.282022588619476,11.15826069697512,59.856864020819685,20.0,48.52634180987044,-72.50343504773258,-125.24785189585288,FLAT
2026-09-30T19:52:52.098084+00:00,0,PERP,ICP|BITGET|HTX,ICP,BITGET,HTX,43.3294144035723,0.7079931184553167,30.094786520811844,18.693158927357185,19.922802126168815,66.75390580265228,21.999999999999996,46.62905588205723,-84.80104027670026,-111.28817516389768,FLAT
2026-09-30T19:52:52.589312+00:00,0,PERP,DOT|GATE|HTX,DOT,GATE,HTX,-9.948687844821835,-0.8708434914673646,3.2517585077808233,15.158230476477474,-41.83896111104146,21.967703581320386,20.0,63.87019646606601,-134.96091608488828,-108.58614153960556,FLAT
2026-09-30T19:52:53.100161+00:00,0,PERP,ICP|HTX|OKX,ICP,HTX,OKX,-49.39096419740441,-0.7306262960142664,-36.30147224433,17.9154405261357,-70.2165008777067,-28.48406286721339,20.0,41.93942222611282,-101.8544508594895,-75.75683160322941,FLAT
2026-09-30T19:52:53.539240+00:00,0,PERP,DOT|BITGET|HTX,DOT,BITGET,HTX,-1.7634757906181964,-0.5554250309477652,5.545257588657204,13.158811670413803,-33.68321906444982,30.182431207208538,21.999999999999996,63.87690409060787,-131.10538074371487,-116.5140777091592,FLAT
2026-09-30T19:52:54.003967+00:00,0,PERP,DOT|HTX|OKX,DOT,HTX,OKX,7.446861538424887,0.8608181575361131,-3.830543267533573,13.100798010856723,-22.37959665105094,37.43986770685659,20.0,59.77448742571105,-104.3235408092284,-127.0448984001012,FLAT
2026-09-30T19:52:54.731494+00:00,0,PERP,DOT|HTX|MEXC,DOT,HTX,MEXC,9.548854914946947,1.0683129448660127,-4.388744709082379,13.046364074318479,-18.65072893683206,37.90590244102887,26.0,56.50223980209167,-102.76422402984136,-130.79688695220293,FLAT
2026-09-30T19:53:05.113431+00:00,1,PERP,OP|GATE|OKX,OP,GATE,OKX,0.6410232637077407,-0.14737107435762387,1.6246385577174516,6.674412182290141,-11.05684147376107,12.362014152966783,20.0,23.417331684182837,-62.09881171566136,-60.15470727943217,FLAT
2026-09-30T19:53:05.466287+00:00,1,PERP,OP|BITGET|GATE,OP,BITGET,GATE,0.44201139686617097,0.40681151600656806,-3.606093846731893,9.950812807208502,-14.077420041225253,14.974953722990403,21.999999999999996,29.05108338994402,-67.52240958443737,-75.63213095966631,FLAT
2026-09-30T19:53:06.476369+00:00,1,PERP,ICP|HTX|MEXC,ICP,HTX,MEXC,-49.39096419740441,-0.6536026810880642,-37.16272701767579,18.708976467740385,-70.2165008777067,-28.48406286721339,26.0,41.93942222611282,-106.99319608614371,-82.6180863765752,FLAT
2026-09-30T19:53:06.805758+00:00,1,SPOT,ICP|GATE|HTX,ICP,GATE,HTX,41.42617993571296,2.0717663791890932,-3.7798807931288536,21.820057117895622,-53.636929263323196,136.6359541199258,60.0,189.48779478360507,-305.3448432537994,-395.9036296966597,FLAT
2026-09-30T19:53:07.274330+00:00,1,PERP,ICP|GATE|HTX,ICP,GATE,HTX,54.0789317454049,0.8985140702868518,36.83011849529462,19.197043007466288,31.520221221070788,76.65094339622813,20.0,44.88796891427855,-76.19786618850239,-110.70879381521206,FLAT
2026-09-30T19:53:07.683723+00:00,1,PERP,APT|GATE|HTX,APT,GATE,HTX,33.85186212662816,1.518024438135028,9.135353934837248,16.282022588619476,9.856927243097058,57.86702433311363,20.0,47.8481137928514,-73.12654048459159,-122.57978419112777,FLAT
2026-09-30T19:53:08.109805+00:00,1,PERP,ICP|BITGET|HTX,ICP,BITGET,HTX,47.222677625036184,0.9162652054039888,30.094786520811844,18.693158927357185,23.75052620258833,70.7130229817321,21.999999999999996,46.74176261181346,-81.08602293003698,-115.3599990727337,FLAT
2026-09-30T19:53:08.511105+00:00,1,PERP,DOT|GATE|HTX,DOT,GATE,HTX,-6.675460851232051,-0.6549062157629759,3.2517585077808233,15.158230476477474,-42.04611843329098,28.74811511954567,20.0,70.84148395184144,-142.13936089291323,-122.33784056360628,FLAT
2026-09-30T19:53:09.060216+00:00,1,PERP,ICP|HTX|OKX,ICP,HTX,OKX,-52.32235587093847,-0.8942500522516664,-36.30147224433,17.9154405261357,-73.14218841428021,-31.42118096357116,20.0,41.94029033926131,-104.78100650921152,-72.82058162002015,FLAT
2026-09-30T19:53:09.496741+00:00,1,PERP,DOT|BITGET|HTX,DOT,BITGET,HTX,-1.8671817503845833,-0.5633061346799175,5.545257588657204,13.158811670413803,-33.890546048716,30.182431207208538,21.999999999999996,64.08493232429498,-131.52073596166818,-116.72210594284631,FLAT
2026-09-30T19:53:09.932411+00:00,1,PERP,DOT|HTX|OKX,DOT,HTX,OKX,4.125677339508194,0.6073080892055881,-3.830543267533573,13.100798010856723,-25.933098228686504,34.352926934297926,20.0,60.260692731654636,-108.36324769280758,-124.44416293348614,FLAT
2026-09-30T19:53:10.641170+00:00,1,PERP,DOT|HTX|MEXC,DOT,HTX,MEXC,3.9162538300696603,0.6365757150300804,-4.388744709082379,13.046364074318479,-26.005579390375733,34.005793539904076,26.0,59.9874116682693,-113.60424634956266,-130.38194991725575,FLAT
2026-09-30T19:53:21.037482+00:00,2,PERP,OP|GATE|OKX,OP,GATE,OKX,1.533022998978506,-0.013726386120119748,1.6246385577174516,6.674412182290141,-9.493012017003366,12.579068211313604,20.0,22.068678908160212,-59.18632948288103,-59.02310856175636,FLAT
2026-09-30T19:53:21.410646+00:00,2,PERP,OP|BITGET|GATE,OP,BITGET,GATE,-3.816207653244419,-0.021115240592237513,-3.606093846731893,9.950812807208502,-17.708571660174364,10.089604229488458,21.999999999999996,27.808781792597685,-69.91125960604016,-69.50447986881804,FLAT
2026-09-30T19:53:22.126300+00:00,2,PERP,ICP|HTX|MEXC,ICP,HTX,MEXC,-40.596789176811086,-0.18355157830555816,-37.16272701767579,18.708976467740385,-61.43943826799503,-19.672708578142295,26.0,41.936820952855896,-98.21353220317513,-91.4268393923894,FLAT
2026-09-30T19:53:22.466984+00:00,2,SPOT,ICP|GATE|HTX,ICP,GATE,HTX,11.92005644697014,0.7195186133230953,-3.7798807931288536,21.820057117895622,-37.673609325494795,61.59766616547158,60.0,99.15301355598521,-199.04674208835115,-230.53056051458566,FLAT
2026-09-30T19:53:22.876619+00:00,2,PERP,ICP|GATE|HTX,ICP,GATE,HTX,42.240157613233634,0.2818162732580686,36.83011849529462,19.197043007466288,19.711486410922685,64.78209658421719,20.0,44.881028097495374,-87.99966018186731,-98.83300618641795,FLAT
2026-09-30T19:53:23.358435+00:00,2,PERP,APT|GATE|HTX,APT,GATE,HTX,17.15942751683963,0.49281798611499966,9.135353934837248,16.282022588619476,-5.925449594686993,40.25974025973822,20.0,46.10606932019775,-87.16687284972198,-103.23045564509871,FLAT
2026-09-30T19:53:23.796491+00:00,2,PERP,ICP|BITGET|HTX,ICP,BITGET,HTX,35.2050082610722,0.27337389898192205,30.094786520811844,18.693158927357185,11.961345930666667,58.46575579752766,21.999999999999996,46.34125914882995,-92.47469973897512,-102.71222842554576,FLAT
2026-09-30T19:53:24.199045+00:00,2,PERP,DOT|GATE|HTX,DOT,GATE,HTX,-25.182020014229423,-1.8757980073026173,3.2517585077808233,15.158230476477474,-55.91745837223328,5.578549528040266,20.0,61.6512479259881,-146.8204648060022,-89.97803894624755,FLAT
2026-09-30T19:53:24.710601+00:00,2,PERP,ICP|HTX|OKX,ICP,HTX,OKX,-40.596789176811086,-0.23975502730256174,-36.30147224433,17.9154405261357,-61.43943826799503,-19.672708578142295,20.0,41.936820952855896,-93.07478697652093,-84.5655846190436,FLAT
2026-09-30T19:53:25.144604+00:00,2,PERP,DOT|BITGET|HTX,DOT,BITGET,HTX,-17.022659703403995,-1.7150421981342567,5.545257588657204,13.158811670413803,-47.78656504302092,13.766420681500247,21.999999999999996,61.65793363019933,-142.98975626187746,-97.87909672304237,FLAT
2026-09-30T19:53:25.692122+00:00,2,PERP,DOT|HTX|OKX,DOT,HTX,OKX,20.57517022015176,1.8629180808268435,-3.830543267533573,13.100798010856723,-8.788235363162977,50.095214228285116,20.0,58.76212883044466,-89.71982092607405,-138.68788632626334,FLAT
2026-09-30T19:53:26.468207+00:00,2,PERP,DOT|HTX|MEXC,DOT,HTX,MEXC,19.622429414092313,1.8404494912448621,-4.388744709082379,13.046364074318479,-8.027056059494164,47.42308112106741,26.0,55.341132330154,-90.97944368056578,-139.1529581603038,FLAT
2026-09-30T20:11:41.632162+00:00,0,PERP,OP|GATE|OKX,OP,GATE,OKX,1.2131496240397333,-0.03605821043300585,1.4509506342484504,6.594919918461795,-11.083394325135387,13.532159476767891,20.0,24.612547427657155,-63.14689238704099,-62.69375627017659,FLAT
2026-09-30T20:11:41.932708+00:00,0,PERP,OP|BITGET|GATE,OP,BITGET,GATE,-6.754025781512407,-0.31271066699583766,-3.671179432600936,9.858462388021147,-19.741390688490235,6.243406850199307,21.999999999999996,26.00235569605767,-70.07256695194695,-63.916941978857906,FLAT
2026-09-30T20:11:42.726092+00:00,0,PERP,ICP|HTX|MEXC,ICP,HTX,MEXC,-48.731206068068914,-0.6094229134124955,-37.437252839718326,18.532209701649556,-66.71345689908792,-30.68908446544505,26.0,36.20068322671706,-97.47688728608665,-74.94885160099034,FLAT
2026-09-30T20:11:43.065583+00:00,0,SPOT,ICP|GATE|HTX,ICP,GATE,HTX,1.513732191478212,0.19209019934584942,-2.870565920527911,22.824163475994936,-59.19471803609299,62.316728715066105,60.0,121.49298240220563,-243.8171345177707,-252.68027703779964,FLAT
2026-09-30T20:11:43.553314+00:00,0,PERP,ICP|GATE|HTX,ICP,GATE,HTX,53.43605083297342,0.8629831644688601,37.10917971364764,18.91910733782909,33.7547600417043,73.12900806810019,20.0,39.16496247709105,-68.51938214903439,-101.18479083154361,FLAT
2026-09-30T20:11:44.093990+00:00,0,PERP,APT|GATE|HTX,APT,GATE,HTX,41.50367765279883,2.1538547627967715,8.867921894472346,15.152254609753301,16.898479136877587,66.13294309321782,20.0,49.03095569386768,-67.00039845146244,-132.29597689261317,FLAT
2026-09-30T20:11:44.712928+00:00,0,PERP,ICP|BITGET|HTX,ICP,BITGET,HTX,39.879013193631074,0.531657032040463,30.038119938391432,18.50985252178641,19.302747230527384,60.47126479115317,21.999999999999996,41.00498750965233,-79.74036021751637,-99.43813236241405,FLAT
2026-09-30T20:11:45.272516+00:00,0,PERP,DOT|GATE|HTX,DOT,GATE,HTX,-15.211210398894393,-1.210397662365017,2.8329698933011094,14.907646349001258,-44.27624525912832,13.877551020406997,20.0,58.24238030927803,-131.35159546170746,-95.28696143638392,FLAT
2026-09-30T20:11:45.784868+00:00,0,PERP,ICP|HTX|OKX,ICP,HTX,OKX,-46.44158192890213,-0.5524357301073247,-36.657553491439394,17.710708964392907,-65.08413069652441,-27.736963969284822,20.0,37.521318509998785,-91.9478957150838,-72.44190803215335,FLAT
2026-09-30T20:11:46.332458+00:00,0,PERP,DOT|BITGET|HTX,DOT,BITGET,HTX,-7.057034172187615,-0.9602874243932987,5.353598136733084,12.923872575715162,-36.14912382668756,22.058823529411686,21.999999999999996,58.24904420043585,-127.75176616385649,-102.95426959311445,FLAT
2026-09-30T20:11:46.879277+00:00,0,PERP,DOT|HTX|OKX,DOT,HTX,OKX,13.066439113502692,1.289885470067649,-3.4581346480497883,12.810884489369307,-13.835675119817648,40.103623947356226,20.0,53.86857378991708,-90.24611426168494,-123.43033238532308,FLAT
2026-09-30T20:11:47.666044+00:00,0,PERP,DOT|HTX|MEXC,DOT,HTX,MEXC,14.41714715271214,1.4385761123982208,-4.049807081380937,12.836967105833,-11.412733349636106,40.37671476592841,26.0,51.71456571279765,-91.07749198105282,-128.141087560107,FLAT
2026-09-30T20:11:57.979840+00:00,1,PERP,OP|GATE|OKX,OP,GATE,OKX,0.30803345833163576,-0.17330266175292539,1.4509506342484504,6.594919918461795,-10.11834716703408,10.750536464074756,20.0,20.868228364413948,-58.43752616569648,-56.16781419424026,FLAT
2026-09-30T20:11:58.351070+00:00,1,PERP,OP|BITGET|GATE,OP,BITGET,GATE,-5.646271473787046,-0.2003448371001558,-3.671179432600936,9.858462388021147,-17.619913512926246,6.336659659256227,21.999999999999996,23.97010374165982,-65.91883782198512,-61.97794283351698,FLAT
2026-09-30T20:11:59.113149+00:00,1,PERP,ICP|HTX|MEXC,ICP,HTX,MEXC,-51.11349501159324,-0.737971477338592,-37.437252839718326,18.532209701649556,-72.5981053250946,-29.54209748891934,26.0,43.27703696206876,-110.43788944744503,-83.17219231286775,FLAT
2026-09-30T20:11:59.400296+00:00,1,SPOT,ICP|GATE|HTX,ICP,GATE,HTX,-9.20476966596584,-0.2775218356677062,-2.870565920527911,22.824163475994936,-60.34068296977502,42.0023386666668,60.0,102.43726325089058,-225.90738030013767,-213.31016783808528,FLAT
2026-09-30T20:11:59.929976+00:00,1,PERP,ICP|GATE|HTX,ICP,GATE,HTX,55.846023305923254,0.9903661551098112,37.10917971364764,18.91910733782909,32.60225251926041,79.10358043350385,20.0,46.24307464454576,-76.75000183893299,-114.23747536440197,FLAT
2026-09-30T20:12:00.511113+00:00,1,PERP,APT|GATE|HTX,APT,GATE,HTX,36.13616205772941,1.7996160218760358,8.867921894472346,15.152254609753301,20.822488287348673,51.45884464123007,20.0,30.526044296414245,-44.57147790353791,-99.11696704317197,FLAT
2026-09-30T20:12:01.042496+00:00,1,PERP,ICP|BITGET|HTX,ICP,BITGET,HTX,42.44815295658899,0.6704555319168934,30.038119938391432,18.50985252178641,17.756732761169403,67.1615145799076,21.999999999999996,49.195944377034216,-89.47733155425624,-114.31933901855038,FLAT
2026-09-30T20:12:01.554142+00:00,1,PERP,DOT|GATE|HTX,DOT,GATE,HTX,1.1104713168408331,-0.11554463636546325,2.8329698933011094,14.907646349001258,-28.008722784061966,30.253475061323698,20.0,58.25571898475089,-115.09741166211397,-111.67622415277349,FLAT
2026-09-30T20:12:02.931927+00:00,1,PERP,ICP|HTX|OKX,ICP,HTX,OKX,-48.165240009374614,-0.6497586596375806,-36.657553491439394,17.710708964392907,-69.65578111209237,-26.587887740026073,20.0,43.276159047100144,-102.27438666775313,-79.34582479851348,FLAT
2026-09-30T20:12:04.465223+00:00,1,PERP,DOT|BITGET|HTX,DOT,BITGET,HTX,-0.903823138106441,-0.4841754078106315,5.353598136733084,12.923872575715162,-32.03566602854924,30.253475061323698,21.999999999999996,62.294761031853085,-127.68402519713541,-115.1946379564437,FLAT
2026-09-30T20:12:05.032815+00:00,1,PERP,DOT|HTX|OKX,DOT,HTX,OKX,-2.263843541131516,0.09322471901993305,-3.4581346480497883,12.810884489369307,-31.01403652738255,26.6423719751141,20.0,57.66904166267352,-111.22494354200629,-113.7695482858374,FLAT
2026-09-30T20:12:05.783135+00:00,1,PERP,DOT|HTX|MEXC,DOT,HTX,MEXC,-1.9569994286283698,0.16302975893749969,-4.049807081380937,12.836967105833,-29.347028613351256,25.581670902681264,26.0,54.939048850754766,-112.2362703827251,-116.57052683481697,FLAT
2026-09-30T20:12:16.131712+00:00,2,PERP,OP|GATE|OKX,OP,GATE,OKX,1.8362543727135083,0.05842432405986312,1.4509506342484504,6.594919918461795,-8.729080786745724,12.417575811853876,20.0,21.142762164472014,-57.322793585466194,-58.10938734207744,FLAT
2026-09-30T20:12:16.436027+00:00,2,PERP,OP|BITGET|GATE,OP,BITGET,GATE,-2.613603516486984,0.10727594978695608,-3.671179432600936,9.858462388021147,-16.970152747520785,11.762513702293642,21.999999999999996,28.74016466284815,-70.039137977768,-72.17385779774273,FLAT
2026-09-30T20:12:17.226418+00:00,2,PERP,ICP|HTX|MEXC,ICP,HTX,MEXC,-51.11349501159324,-0.737971477338592,-37.437252839718326,18.532209701649556,-72.5981053250946,-29.54209748891934,26.0,43.27703696206876,-110.43788944744503,-83.17219231286775,FLAT
2026-09-30T20:12:17.536683+00:00,2,SPOT,ICP|GATE|HTX,ICP,GATE,HTX,-9.508697303424185,-0.29083788283754,-2.870565920527911,22.824163475994936,-60.948067865759235,42.0023386666668,60.0,103.04834219435625,-227.12584413958757,-213.92124678155096,FLAT
2026-09-30T20:12:18.026197+00:00,2,PERP,ICP|GATE|HTX,ICP,GATE,HTX,54.35560593178401,0.911587735624917,37.10917971364764,18.91910733782909,32.60225251926041,76.11540860414267,20.0,43.27791539751989,-73.78484259190712,-108.28414428801491,FLAT
2026-09-30T20:12:18.577252+00:00,2,PERP,APT|GATE|HTX,APT,GATE,HTX,43.31453545587394,2.273365545166379,8.867921894472346,15.152254609753301,29.3046494343141,57.328990228016075,20.0,27.903477432608156,-33.4667498927664,-102.36454576615188,FLAT
2026-09-30T20:12:19.133204+00:00,2,PERP,ICP|BITGET|HTX,ICP,BITGET,HTX,42.44815295658899,0.6704555319168934,30.038119938391432,18.50985252178641,17.756732761169403,67.1615145799076,21.999999999999996,49.195944377034216,-89.47733155425624,-114.31933901855038,FLAT
2026-09-30T20:12:19.624655+00:00,2,PERP,DOT|GATE|HTX,DOT,GATE,HTX,-0.903823138106441,-0.25066284401480304,2.8329698933011094,14.907646349001258,-32.03566602854924,30.253475061323698,20.0,62.294761031853085,-123.16339695370343,-115.71526619987567,FLAT
2026-09-30T20:12:20.182854+00:00,2,PERP,ICP|HTX|OKX,ICP,HTX,OKX,-43.742857506045006,-0.4000576164878831,-36.657553491439394,17.710708964392907,-66.71345689908792,-20.67946824224287,20.0,46.23605132245954,-102.29195473010805,-88.21413657165606,FLAT
2026-09-30T20:12:20.708041+00:00,2,PERP,DOT|BITGET|HTX,DOT,BITGET,HTX,7.275396638466436,0.14870144304459812,5.353598136733084,12.923872575715162,-23.885245477469617,38.461538461538325,21.999999999999996,62.30144673606431,-119.54029035026701,-123.40938706086955,FLAT
2026-09-30T20:12:21.285879+00:00,2,PERP,DOT|HTX|OKX,DOT,HTX,OKX,-0.2827131594418386,0.247869028187942,-3.4581346480497883,12.810884489369307,-29.531093170808155,29.124392960293566,20.0,58.6567149089663,-110.72967343172468,-117.23924251730966,FLAT
2026-09-30T20:12:22.091424+00:00,2,PERP,DOT|HTX|MEXC,DOT,HTX,MEXC,-0.32219699220292775,0.29038090215906354,-4.049807081380937,12.836967105833,-27.716638134832607,27.220909239977775,26.0,54.93891519134169,-110.60574624479337,-118.20963151270041,FLAT
2026-09-30T20:50:12.184894+00:00,0,PERP,OP|GATE|OKX,OP,GATE,OKX,-1.391241443037261,-0.42922245593005126,1.4401873911541279,6.596646552557855,-12.174384157882523,9.410832203795572,20.0,21.588203198937435,-61.20277474797409,-55.55884801157888,FLAT
2026-09-30T20:50:12.485498+00:00,0,PERP,OP|BITGET|GATE,OP,BITGET,GATE,-5.332544641846182,-0.16742352801161187,-3.6817630806335817,9.859913841369465,-20.909839024593204,10.266729530976626,21.999999999999996,31.19318696580091,-76.42126290976053,-73.14167957741111,FLAT
2026-09-30T20:50:12.769476+00:00,0,SPOT,ICP|GATE|HTX,ICP,GATE,HTX,119.60893907886128,5.638942643232876,-3.8588270863473366,21.89555276171829,-44.31318732757816,283.7102961798776,60.0,324.1463059998374,-430.6006662410682,-677.7154292660623,FLAT
2026-09-30T20:50:13.485263+00:00,0,PERP,ICP|HTX|MEXC,ICP,HTX,MEXC,-37.28004771845872,0.00881397789092673,-37.44340206273764,18.533555030479683,-59.523809523808204,-14.943215780034436,26.0,44.74721728242562,-98.82762474349619,-99.24740356512882,FLAT
2026-09-30T20:50:13.879249+00:00,0,PERP,ICP|GATE|HTX,ICP,GATE,HTX,40.4252133552907,0.17021169082954887,37.19889568332658,18.954736048036644,17.96407185628679,62.89308176100627,20.0,44.748113693216986,-89.98293752025678,-96.44229977089668,FLAT
2026-09-30T20:50:14.271650+00:00,0,PERP,DOT|GATE|HTX,DOT,GATE,HTX,-0.2988330240838444,-0.20224659711525456,2.7317025160621125,14.984358616520709,-30.5324055559375,29.95933964815567,20.0,60.49354294680655,-119.75765101880616,-113.72118007890009,FLAT
2026-09-30T20:50:14.656728+00:00,0,PERP,APT|GATE|HTX,APT,GATE,HTX,32.66453032358507,1.5801929029681558,8.814070569327354,15.093384933863577,9.113396693138931,56.23762543985444,20.0,46.97079063043274,-72.67146450662115,-120.39434550095982,FLAT
2026-09-30T20:50:15.140998+00:00,0,PERP,ICP|HTX|OKX,ICP,HTX,OKX,-34.29764390098234,0.12898108916776432,-36.580932220484414,17.702504562759803,-56.54761904761663,-11.95457262402888,20.0,44.74632140816358,-90.7130082352958,-95.37268100461911,FLAT
2026-09-30T20:50:15.583134+00:00,0,PERP,DOT|BITGET|HTX,DOT,BITGET,HTX,-0.2988330240838444,-0.4280007373003293,5.2517877648878795,12.968717820401412,-30.5324055559375,29.95933964815567,21.999999999999996,60.49354294680655,-124.27773626763192,-113.20109483007434,FLAT
2026-09-30T20:50:16.041548+00:00,0,PERP,DOT|HTX|OKX,DOT,HTX,OKX,-1.0740303820222508,0.18800501345366097,-3.480840779028524,12.801841572163703,-28.94553479646178,26.943792726104032,20.0,55.89494774629605,-107.35964176372931,-112.31958125142862,FLAT
2026-09-30T20:50:16.489263+00:00,0,PERP,ICP|BITGET|HTX,ICP,BITGET,HTX,31.41361256544295,0.07181151081378809,30.08418382812253,18.512752652812374,5.980861244019309,56.869200838070014,21.999999999999996,50.72897132051491,-102.83229390461813,-105.51398833046238,FLAT
2026-09-30T20:50:17.182552+00:00,0,PERP,DOT|HTX|MEXC,DOT,HTX,MEXC,-0.10783957631543828,0.3154226899269411,-4.140480421605438,12.78487874865327,-26.624894621560813,26.54842362924459,26.0,53.17352722382373,-107.6579414237791,-115.86243127467375,FLAT
2026-09-30T20:50:27.536276+00:00,1,PERP,OP|GATE|OKX,OP,GATE,OKX,-0.9623337050301828,-0.36420339896075393,1.4401873911541279,6.596646552557855,-12.385491905990698,10.481379621936071,20.0,22.869053816968542,-62.69473311411337,-57.91024604775049,FLAT
2026-09-30T20:50:27.853939+00:00,1,PERP,OP|BITGET|GATE,OP,BITGET,GATE,-3.091416947244019,0.05987335618620054,-3.6817630806335817,9.859913841369465,-15.94297470427164,9.770095540813095,21.999999999999996,25.721017830184728,-65.98222945382278,-67.1728764516314,FLAT
2026-09-30T20:50:28.274339+00:00,1,SPOT,ICP|GATE|HTX,ICP,GATE,HTX,35.972967120156966,1.8191728082857699,-3.8588270863473366,21.89555276171829,-37.0075201028619,109.03321439994728,60.0,145.51722231652352,-244.66591533303807,-324.40926380281815,FLAT
2026-09-30T20:50:28.938633+00:00,1,PERP,ICP|HTX|MEXC,ICP,HTX,MEXC,-43.24485535341482,-0.31302431083169413,-37.44340206273764,18.533555030479683,-65.47619047619024,-20.920502092051095,26.0,44.74901064102112,-104.78179905447374,-93.27191061170768,FLAT
2026-09-30T20:50:29.331577+00:00,1,PERP,ICP|GATE|HTX,ICP,GATE,HTX,44.937088076690834,0.4082458533716054,37.19889568332658,18.954736048036644,20.96436058700135,68.92418339826011,20.0,47.74526518823414,-89.97980028455937,-105.47055290316767,FLAT
2026-09-30T20:50:29.724409+00:00,1,PERP,DOT|GATE|HTX,DOT,GATE,HTX,6.018989902125682,0.2193812541592028,2.7317025160621125,14.984358616520709,-26.06295381453294,38.12705898011748,20.0,64.15138950505347,-118.94604583564853,-125.54674596910884,FLAT
2026-09-30T20:50:30.115914+00:00,1,PERP,APT|GATE|HTX,APT,GATE,HTX,39.01536883978318,2.000962567561374,8.814070569327354,15.093384933863577,16.767913496613662,61.27770534550159,20.0,44.336805192824656,-62.382962265538346,-122.80043996899889,FLAT
2026-09-30T20:50:30.536196+00:00,1,PERP,ICP|HTX|OKX,ICP,HTX,OKX,-37.28004771845872,-0.03949246252109498,-36.580932220484414,17.702504562759803,-59.523809523808204,-14.943215780034436,20.0,44.74721728242562,-93.69009458574942,-92.3849337228756,FLAT
2026-09-30T20:50:30.965206+00:00,1,PERP,DOT|BITGET|HTX,DOT,BITGET,HTX,6.018989902125682,0.059157901950098554,5.2517877648878795,12.968717820401412,-26.06295381453294,38.12705898011748,21.999999999999996,64.15138950505347,-123.46613108447428,-125.02666072028308,FLAT
2026-09-30T20:50:31.435123+00:00,1,PERP,DOT|HTX|OKX,DOT,HTX,OKX,-6.563668989645333,-0.24081130775123039,-3.480840779028524,12.801841572163703,-35.83082386980352,22.867875652741176,20.0,58.736792023697376,-117.08677511447237,-111.08550845546708,FLAT
2026-09-30T20:50:31.868437+00:00,1,PERP,ICP|BITGET|HTX,ICP,BITGET,HTX,34.204397047350454,0.22256080964826158,30.08418382812253,18.512752652812374,8.973975471133766,59.456416766465736,21.999999999999996,50.31034854118611,-99.42055689817487,-107.6825814795293,FLAT
2026-09-30T20:50:32.537428+00:00,1,PERP,DOT|HTX|MEXC,DOT,HTX,MEXC,-5.201858094989742,-0.08301820410272621,-4.140480421605438,12.78487874865327,-33.92604770016905,23.68367150783257,26.0,57.639250484367054,-119.42481776293067,-117.46340241380506,FLAT
2026-09-30T20:50:42.886924+00:00,2,PERP,OP|GATE|OKX,OP,GATE,OKX,1.312633814176678,-0.01933612418994782,1.4401873911541279,6.596646552557855,-9.699809666398052,12.34392825820052,20.0,22.040828650276957,-59.180825707829136,-58.94456951732335,FLAT
2026-09-30T20:50:43.193637+00:00,2,PERP,OP|BITGET|GATE,OP,BITGET,GATE,-8.422227372620883,-0.48078151272454606,-3.6817630806335817,9.859913841369465,-21.520624392700192,4.686307725647598,21.999999999999996,26.229018872532315,-72.06788018459892,-62.59708967881349,FLAT
2026-09-30T20:50:43.489874+00:00,2,SPOT,ICP|GATE|HTX,ICP,GATE,HTX,30.166824940591752,1.5539983117680778,-3.8588270863473366,21.89555276171829,-45.99730424809656,106.45556029684533,60.0,151.99424432300887,-260.1327214847581,-328.30863170620154,FLAT
2026-09-30T20:50:44.196307+00:00,2,PERP,ICP|HTX|MEXC,ICP,HTX,MEXC,-36.833222335875824,0.032922972730182305,-37.44340206273764,18.533555030479683,-59.523809523808204,-14.045647234676162,26.0,45.64608468879268,-99.72649214986325,-101.04383951685416,FLAT
2026-09-30T20:50:44.583546+00:00,2,PERP,ICP|GATE|HTX,ICP,GATE,HTX,38.4719328495331,0.06716195693679294,37.19889568332658,18.954736048036644,14.065403003555854,62.89308176100627,20.0,48.64054480314065,-97.77403748291137,-100.33473088082033,FLAT
2026-09-30T20:50:45.017223+00:00,2,PERP,DOT|GATE|HTX,DOT,GATE,HTX,-10.179491760089476,-0.8616447728310911,2.7317025160621125,14.984358616520709,-34.171845722000825,13.832384052072655,20.0,48.053137486844314,-110.95668572490726,-85.15381902285486,FLAT
2026-09-30T20:50:45.408478+00:00,2,PERP,APT|GATE|HTX,APT,GATE,HTX,30.65905947128078,1.447322055170138,8.814070569327354,15.093384933863577,7.641611870363718,53.695534332247604,20.0,45.913149203544464,-73.0856079025081,-116.79461296646471,FLAT
2026-09-30T20:50:45.888801+00:00,2,PERP,ICP|HTX|OKX,ICP,HTX,OKX,-34.56980401200571,0.11360698715533443,-36.580932220484414,17.702504562759803,-57.98279685732099,-11.056735426008268,20.0,47.08863248680799,-94.49049712364457,-98.61282928128415,FLAT
2026-09-30T20:50:46.318485+00:00,2,PERP,DOT|BITGET|HTX,DOT,BITGET,HTX,-2.047769734658811,-0.5628588423802062,5.2517877648878795,12.968717820401412,-26.06295381453294,21.9869706840381,21.999999999999996,48.05975807093722,-107.37449965035805,-92.79494099008744,FLAT
2026-09-30T20:50:46.784591+00:00,2,PERP,DOT|HTX|OKX,DOT,HTX,OKX,5.810372537233821,0.725771621519293,-3.480840779028524,12.801841572163703,-16.40853621958982,28.1181560150201,20.0,44.50065830149117,-83.42835374205247,-102.09965509553979,FLAT
2026-09-30T20:50:47.265333+00:00,2,PERP,ICP|BITGET|HTX,ICP,BITGET,HTX,32.116260208774335,0.1097663010337418,30.08418382812253,18.512752652812374,6.846789232539674,57.40530778443053,21.999999999999996,50.39665576069292,-101.63405035627578,-105.71777971700092,FLAT
2026-09-30T20:50:47.925022+00:00,2,PERP,DOT|HTX|MEXC,DOT,HTX,MEXC,6.538643716971215,0.8352933452498772,-4.140480421605438,12.78487874865327,-13.788311530023023,26.94685492820037,26.0,40.70838661026931,-82.3562177186869,-103.79572196007513,FLAT
2026-09-30T21:04:31.839455+00:00,0,PERP,OP|GATE|OKX,OP,GATE,OKX,-0.27368924577553244,-0.2865305175392658,1.5840280308325616,6.483488364737675,-10.768919994934567,10.238695900832706,20.0,21.008176859039665,-59.36112488480679,-55.66284472903981,FLAT
2026-09-30T21:04:32.188118+00:00,0,PERP,OP|BITGET|GATE,OP,BITGET,GATE,-9.460077865999228,-0.5570710736122297,-4.089978675998813,9.639881595680329,-21.45752985590277,2.546610037674757,21.999999999999996,24.026865942206364,-69.39441712211031,-58.663454655879924,FLAT
2026-09-30T21:04:32.514821+00:00,0,SPOT,ICP|GATE|HTX,ICP,GATE,HTX,18.649672230406367,1.0189214976476857,-3.556445309280367,21.79374720324625,-68.5415516349086,105.94720389470069,60.0,174.16388083207337,-305.14898715770164,-349.6675300360544,FLAT
2026-09-30T21:04:33.663868+00:00,0,PERP,ICP|HTX|MEXC,ICP,HTX,MEXC,-32.30299824799832,0.2686534950831676,-37.29536070818361,18.58290530945743,-56.4468211527025,-8.048907462687716,26.0,48.554508079004314,-99.7059685235232,-109.80096132450021,FLAT
2026-09-30T21:04:34.193351+00:00,0,PERP,ICP|GATE|HTX,ICP,GATE,HTX,36.90517777129809,-0.010091420134334518,37.09624273837733,18.93340724455281,11.045548146260131,62.780269058293484,20.0,51.54449043284059,-103.59518502495779,-103.22851675275675,FLAT
2026-09-30T21:04:35.229803+00:00,0,PERP,DOT|GATE|HTX,DOT,GATE,HTX,-18.614738520577045,-1.4106344770326624,1.9868543291734027,14.604486977439324,-50.79734415762927,13.619984696455756,20.0,64.53742141019201,-143.3216198969947,-102.17055177747436,FLAT
2026-09-30T21:04:36.160958+00:00,0,PERP,APT|GATE|HTX,APT,GATE,HTX,33.20904840131034,1.6443669085303252,8.468754542542685,15.045482690283292,17.04798197462054,49.38271604938427,20.0,32.22770402563609,-49.648476593558236,-99.14166553247767,FLAT
2026-09-30T21:04:37.094077+00:00,0,PERP,ICP|HTX|OKX,ICP,HTX,OKX,-32.30299824799832,0.23410741173192612,-36.47186164723079,17.807481482073673,-56.4468211527025,-8.048907462687716,20.0,48.554508079004314,-94.52946758447601,-102.97746226354738,FLAT
2026-09-30T21:04:37.984162+00:00,0,PERP,DOT|BITGET|HTX,DOT,BITGET,HTX,-14.545093531546094,-1.5431966678529918,4.955522550403263,12.636507379892183,-42.832464495506926,13.765182186233904,21.999999999999996,56.68007911752775,-132.46806616343792,-93.48973875335838,FLAT
2026-09-30T21:04:38.890990+00:00,0,PERP,DOT|HTX|OKX,DOT,HTX,OKX,20.30178166285035,1.8515159581796714,-2.8257063356857777,12.491109188858436,-5.818207098748918,46.54872932162712,20.0,52.26053043217974,-81.25303119524287,-127.63496608949264,FLAT
2026-09-30T21:04:39.772875+00:00,0,PERP,ICP|BITGET|HTX,ICP,BITGET,HTX,27.052259987683236,-0.14128210620752762,29.680857356285042,18.605309894946572,0.3616135623829564,53.763440860215006,21.999999999999996,53.257745164924906,-110.57698895882699,-105.34032866885487,FLAT
2026-09-30T21:04:40.619316+00:00,0,PERP,DOT|HTX|MEXC,DOT,HTX,MEXC,19.785993212422248,1.8673257453249068,-3.485650423795163,12.46255169698217,-4.851621250100413,44.543361339075545,26.0,49.29715294390384,-82.66312377020908,-129.32616470677453,FLAT
2026-09-30T21:04:50.988128+00:00,1,PERP,OP|GATE|OKX,OP,GATE,OKX,-0.7481352402938235,-0.35970809846910945,1.5840280308325616,6.483488364737675,-12.580117940655944,11.105921276040043,20.0,23.6877908124735,-63.851936783962,-59.20968405768098,FLAT
2026-09-30T21:04:51.326567+00:00,1,PERP,OP|BITGET|GATE,OP,BITGET,GATE,-5.82038845712618,-0.17950529412132726,-4.089978675998813,9.639881595680329,-18.977589652090508,7.346949256474833,21.999999999999996,26.339865830505936,-69.22747680659762,-65.77679376297958,FLAT
2026-09-30T21:04:51.658183+00:00,1,SPOT,ICP|GATE|HTX,ICP,GATE,HTX,18.510192412872772,1.0125215051988048,-3.556445309280367,21.79374720324625,-55.57785426979045,92.66963763262525,60.0,147.97355561700527,-265.99496457751536,-310.1996385589109,FLAT
2026-09-30T21:04:52.818061+00:00,1,PERP,ICP|HTX|MEXC,ICP,HTX,MEXC,-35.28065231872435,0.10841729836689795,-37.29536070818361,18.58290530945743,-59.417706476528885,-11.033361194030533,26.0,48.55540074416439,-102.67774651250966,-106.81740025831746,FLAT
2026-09-30T21:04:53.345337+00:00,1,PERP,ICP|GATE|HTX,ICP,GATE,HTX,39.90574733117036,0.14838874780984465,37.09624273837733,18.93340724455281,14.037492422454001,65.78947368421018,20.0,51.546277364474804,-100.60502768039814,-106.23950831030766,FLAT
2026-09-30T21:04:53.883026+00:00,1,PERP,DOT|GATE|HTX,DOT,GATE,HTX,-18.608266212170044,-1.4101913044366652,1.9868543291734027,14.604486977439324,-50.784410005338955,13.619984696455756,20.0,64.5244213048163,-143.29568563932867,-102.15755167209865,FLAT
2026-09-30T21:04:54.760018+00:00,1,PERP,APT|GATE|HTX,APT,GATE,HTX,35.76326640196914,1.8141333462869798,8.468754542542685,15.045482690283292,19.364210927992342,52.17113559542463,20.0,32.690012138310124,-47.79455575286047,-102.39239319119207,FLAT
2026-09-30T21:04:55.689992+00:00,1,PERP,ICP|HTX|OKX,ICP,HTX,OKX,-35.28065231872435,0.06689375640826009,-36.47186164723079,17.807481482073673,-59.417706476528885,-11.033361194030533,20.0,48.55540074416439,-97.50124557346248,-99.99390119736464,FLAT
2026-09-30T21:04:56.586372+00:00,1,PERP,DOT|BITGET|HTX,DOT,BITGET,HTX,-14.496282952894957,-1.5393340041292471,4.955522550403263,12.636507379892183,-42.73488282896643,13.765182186233904,21.999999999999996,56.58207874410844,-132.27248412347814,-93.39173837993908,FLAT
2026-09-30T21:04:57.137207+00:00,1,PERP,DOT|HTX|OKX,DOT,HTX,OKX,19.674507900011573,1.8012983391232085,-2.8257063356857777,12.491109188858436,-6.741793235267579,46.219468331152314,20.0,52.85695555420807,-82.77304245378987,-127.90213022104616,FLAT
2026-09-30T21:04:57.685886+00:00,1,PERP,ICP|BITGET|HTX,ICP,BITGET,HTX,28.708347410264512,-0.05227055886258984,29.680857356285042,18.605309894946572,2.0804327300094627,55.356390379444065,21.999999999999996,53.12344142352586,-108.72386604980144,-106.79897444668488,FLAT
2026-09-30T21:04:58.817666+00:00,1,PERP,DOT|HTX|MEXC,DOT,HTX,MEXC,18.890472495087796,1.7954688143280786,-3.485650423795163,12.46255169698217,-5.66022479178363,43.560081579587795,26.0,49.127215460008976,-83.30178982799745,-128.17294746339195,FLAT
2026-09-30T21:05:09.190363+00:00,2,PERP,OP|GATE|OKX,OP,GATE,OKX,0.42712356886243086,-0.17843858072797508,1.5840280308325616,6.483488364737675,-11.15571294124651,12.03138443701457,20.0,23.1860872502023,-61.92582822228137,-59.63344365638431,FLAT
2026-09-30T21:05:09.535549+00:00,2,PERP,OP|BITGET|GATE,OP,BITGET,GATE,-9.975526357639541,-0.610541490911887,-4.089978675998813,9.639881595680329,-23.047807022510412,3.106825401735236,21.999999999999996,26.180745217671404,-73.13857356418299,-61.37754929540545,FLAT
2026-09-30T21:05:09.893303+00:00,2,SPOT,ICP|GATE|HTX,ICP,GATE,HTX,9.60983846124197,0.6041312513967848,-3.556445309280367,21.79374720324625,-59.40622687753194,78.72611988541279,60.0,137.99965861270232,-259.8494401809539,-286.28222380739544,FLAT
2026-09-30T21:05:11.036117+00:00,2,PERP,ICP|HTX|MEXC,ICP,HTX,MEXC,-48.370996639699456,-0.5960120738428939,-37.29536070818361,18.58290530945743,-74.27213309565973,-22.342139868499757,26.0,52.18208906823854,-121.15886145571466,-99.13530990792239,FLAT
2026-09-30T21:05:11.568050+00:00,2,PERP,ICP|GATE|HTX,ICP,GATE,HTX,48.60610923434372,0.6079131107940337,37.09624273837733,18.93340724455281,22.39216876515071,74.82789583956651,20.0,52.18208906823854,-92.88616304146515,-115.91374216942772,FLAT
2026-09-30T21:05:12.101359+00:00,2,PERP,DOT|GATE|HTX,DOT,GATE,HTX,-14.423563377683468,-1.1236558827576284,1.9868543291734027,14.604486977439324,-42.589502513149526,13.765182186233904,20.0,56.436076402225176,-127.0124332445481,-94.21440425928569,FLAT
2026-09-30T21:05:12.995166+00:00,2,PERP,APT|GATE|HTX,APT,GATE,HTX,36.25026714923152,1.8465019154640188,8.468754542542685,15.045482690283292,16.326319177386583,56.187706723891395,20.0,39.717406321135385,-57.85984168629149,-113.4363585024841,FLAT
2026-09-30T21:05:14.091979+00:00,2,PERP,ICP|HTX|OKX,ICP,HTX,OKX,-45.392804509410965,-0.500966005280458,-36.47186164723079,17.807481482073673,-71.30124777183444,-19.35660490137492,20.0,52.181193730030905,-113.01057985463456,-95.29645047588679,FLAT
2026-09-30T21:05:14.623344+00:00,2,PERP,DOT|BITGET|HTX,DOT,BITGET,HTX,-14.423563377683468,-1.5335792830638997,4.955522550403263,12.636507379892183,-42.589502513149526,13.765182186233904,21.999999999999996,56.436076402225176,-131.98110146577795,-93.24573603805581,FLAT
2026-09-30T21:05:15.689065+00:00,2,PERP,DOT|HTX|OKX,DOT,HTX,OKX,17.109445514651433,1.595947289302263,-2.8257063356857777,12.491109188858436,-9.40352460593985,43.75089568228185,20.0,53.063321337371406,-85.64113960762548,-125.63992335533904,FLAT
2026-09-30T21:05:16.725900+00:00,2,PERP,ICP|BITGET|HTX,ICP,BITGET,HTX,38.635940643749755,0.4813186847211302,29.680857356285042,18.605309894946572,5.4870048408139915,71.81328545780907,21.999999999999996,66.0709969371937,-118.26484945266475,-136.20342503871774,FLAT
2026-09-30T21:05:17.887044+00:00,2,PERP,DOT|HTX|MEXC,DOT,HTX,MEXC,16.470792407929924,1.6013127421214692,-3.485650423795163,12.46255169698217,-8.086035416834392,41.14662094742761,26.0,49.15141245540953,-85.75179744844876,-125.7836838266323,FLAT
2026-09-30T21:25:50.528517+00:00,0,PERP,OP|GATE|OKX,OP,GATE,OKX,0.6431328427636274,-0.15337587235757794,1.6379654634107732,6.486239363175779,-11.209196088796114,12.516879377575396,20.0,23.72453033016971,-62.5716918823766,-60.60344424433434,FLAT
2026-09-30T21:25:50.784563+00:00,0,PERP,OP|BITGET|GATE,OP,BITGET,GATE,-5.545505290613928,-0.1402929489277035,-4.187450762203075,9.68013388264219,-18.44085616682922,7.359857503981271,21.999999999999996,25.815025521766056,-68.0684309263922,-65.3623337879504,FLAT
2026-09-30T21:25:51.253291+00:00,0,SPOT,ICP|GATE|HTX,ICP,GATE,HTX,-14.934147854102076,-0.5350233953998409,-2.9723005192285044,22.357615457047597,-76.44386947178283,46.680812274366716,60.0,123.30874289531916,-262.78031184787346,-238.96185568891437,FLAT
2026-09-30T21:25:51.960596+00:00,0,PERP,ICP|HTX|MEXC,ICP,HTX,MEXC,-42.97835842044684,-0.29081917631077725,-37.58811935231869,18.534675520736606,-65.75014943215885,-20.108826178323326,26.0,45.83811864953281,-106.00014872937297,-95.31741182352818,FLAT
2026-09-30T21:25:52.389517+00:00,0,PERP,ICP|GATE|HTX,ICP,GATE,HTX,44.67457419969012,0.38292144493230323,37.433010251179596,18.911356478848454,20.149344144224646,69.21456515197377,20.0,48.846994698138424,-92.13066080509337,-106.6285495989326,FLAT
2026-09-30T21:25:52.820708+00:00,0,PERP,DOT|GATE|HTX,DOT,GATE,HTX,-0.08885116698165163,-0.1580500245831521,2.2004783301862574,14.484841133089885,-30.309531597620953,30.156590016814366,20.0,60.46664872818762,-118.97665865599484,-114.42276041481573,FLAT
2026-09-30T21:25:53.251871+00:00,0,PERP,APT|GATE|HTX,APT,GATE,HTX,28.788275320597023,1.152834191559799,9.5233975379005,16.710883424294437,11.773940345369827,45.8115183246055,20.0,33.939868619684866,-57.68932581221554,-96.22798940638987,FLAT
2026-09-30T21:25:53.828793+00:00,0,PERP,ICP|HTX|OKX,ICP,HTX,OKX,-41.490798236044625,-0.26670312990618006,-36.76442192020141,17.72148799868171,-65.75014943215885,-17.127320893962626,20.0,48.82518514184155,-103.810912653799,-94.46228616808034,FLAT
2026-09-30T21:25:54.300545+00:00,0,PERP,DOT|BITGET|HTX,DOT,BITGET,HTX,8.106093101671874,0.2501422523030222,4.944534381520359,12.639043148622507,-22.141050900373884,38.37802984469896,21.999999999999996,60.470053000326075,-115.55563828222031,-121.90354846350468,FLAT
2026-09-30T21:25:54.828946+00:00,0,PERP,DOT|HTX|OKX,DOT,HTX,OKX,-3.8128824411809425,-0.07561048175730502,-2.870290219257425,12.466422644271146,-32.0292613448947,24.551388917160022,20.0,56.601845313870875,-111.76081643950816,-110.02352445028833,FLAT
2026-09-30T21:25:55.293420+00:00,0,PERP,ICP|BITGET|HTX,ICP,BITGET,HTX,34.25573834552331,0.2315710622636162,29.974137207847402,18.489361735542822,8.401749948743209,60.132291040289054,21.999999999999996,51.553929457426705,-101.1263167165309,-109.71208328986836,FLAT
2026-09-30T21:25:56.008235+00:00,0,PERP,DOT|HTX|MEXC,DOT,HTX,MEXC,-1.9594821954116437,0.1263125211134726,-3.5302343073668103,12.435442647400604,-28.432844615006168,24.652636886188795,26.0,53.095522787402444,-109.9981330950418,-113.27839398095804,FLAT
2026-09-30T21:26:06.271026+00:00,1,PERP,OP|GATE|OKX,OP,GATE,OKX,0.08305139023612185,-0.23972505270193076,1.6379654634107732,6.486239363175779,-13.019567363546924,13.21083991729255,20.0,26.23016528364499,-66.88769811060268,-63.803039737526774,FLAT
2026-09-30T21:26:06.512775+00:00,1,PERP,OP|BITGET|GATE,OP,BITGET,GATE,-6.995244005959522,-0.29005727377295953,-4.187450762203075,9.68013388264219,-22.88284396165796,8.912428659526572,21.999999999999996,31.81751707862319,-78.51291027807807,-72.91739650035282,FLAT
2026-09-30T21:26:06.770023+00:00,1,SPOT,ICP|GATE|HTX,ICP,GATE,HTX,-18.83185755715222,-0.7093581633690924,-2.9723005192285044,22.357615457047597,-77.00501147913985,39.432754660253536,60.0,116.65738182145127,-256.69009278136264,-225.06243700093333,FLAT
2026-09-30T21:26:07.466165+00:00,1,PERP,ICP|HTX|MEXC,ICP,HTX,MEXC,-39.98331506307573,-0.1292278199355198,-37.58811935231869,18.534675520736606,-62.76150627614996,-17.107355148603396,26.0,45.83721413257959,-103.01060105641085,-98.31797833629489,FLAT
2026-09-30T21:26:07.901665+00:00,1,PERP,ICP|GATE|HTX,ICP,GATE,HTX,38.63448125068114,0.06353171972858421,37.433010251179596,18.911356478848454,14.125809822524982,63.15789473684275,20.0,48.84337663008413,-98.15057705873873,-100.56826111574728,FLAT
2026-09-30T21:26:08.339260+00:00,1,PERP,DOT|GATE|HTX,DOT,GATE,HTX,-4.178816177913269,-0.44041176906844715,2.2004783301862574,14.484841133089885,-38.458072893995386,30.156590016814366,20.0,68.64330173595242,-135.30185296013406,-122.59941342258053,FLAT
2026-09-30T21:26:08.789952+00:00,1,PERP,APT|GATE|HTX,APT,GATE,HTX,26.134367928645208,0.9940210800941573,9.5233975379005,16.710883424294437,2.585014898064397,49.69918911849503,20.0,46.99136019237153,-79.92974283220764,-113.16715177296606,FLAT
2026-09-30T21:26:09.382205+00:00,1,PERP,ICP|HTX|OKX,ICP,HTX,OKX,-36.98827170570462,-0.012631545698637963,-36.76442192020141,17.72148799868171,-59.77286312014329,-14.105884118881251,20.0,45.83631015945406,-94.84475135939594,-94.49484796077422,FLAT
2026-09-30T21:26:09.834786+00:00,1,PERP,DOT|BITGET|HTX,DOT,BITGET,HTX,8.106093101671874,0.2501422523030222,4.944534381520359,12.639043148622507,-22.141050900373884,38.37802984469896,21.999999999999996,60.470053000326075,-115.55563828222031,-121.90354846350468,FLAT
2026-09-30T21:26:10.327654+00:00,1,PERP,DOT|HTX|OKX,DOT,HTX,OKX,0.9526198916165463,0.3066565461448366,-2.870290219257425,12.466422644271146,-28.051587870900896,30.108849410546146,20.0,58.154500008387544,-109.33579766003102,-117.13363963819111,FLAT
2026-09-30T21:26:10.776172+00:00,1,PERP,ICP|BITGET|HTX,ICP,BITGET,HTX,29.40024095433591,-0.031039267970417228,29.974137207847402,18.489361735542822,4.729693235576704,54.08653846153966,21.999999999999996,49.212155277893146,-102.45659925016385,-101.3245565315854,FLAT
2026-09-30T21:26:11.498554+00:00,1,PERP,DOT|HTX|MEXC,DOT,HTX,MEXC,0.4965359461195362,0.323813986173469,-3.5302343073668103,12.435442647400604,-25.983229362291915,27.115091476432873,26.0,53.095321690477384,-107.5483167454025,-115.74064747427707,FLAT
2026-09-30T21:26:21.772421+00:00,2,PERP,OP|GATE|OKX,OP,GATE,OKX,-2.6930053752016736,-0.6677167764113975,1.6379654634107732,6.486239363175779,-15.317726540052812,9.956170484348714,20.0,25.280681463462873,-68.23637346692645,-59.59888648440081,FLAT
2026-09-30T21:26:22.013716+00:00,2,PERP,OP|BITGET|GATE,OP,BITGET,GATE,-7.197837892497505,-0.31098610481952815,-4.187450762203075,9.68013388264219,-23.920235988091896,9.54822375963893,21.999999999999996,33.49255041148554,-81.22533563737436,-75.22822493332754,FLAT
2026-09-30T21:26:22.282446+00:00,2,SPOT,ICP|GATE|HTX,ICP,GATE,HTX,-17.042904548161264,-0.6293427872916297,-2.9723005192285044,22.357615457047597,-71.53431740841154,37.528424406372274,60.0,109.24887507097759,-243.81089196016063,-215.74959999657835,FLAT
2026-09-30T21:26:22.985381+00:00,2,PERP,ICP|HTX|MEXC,ICP,HTX,MEXC,-33.99322834833352,0.19395489281499476,-37.58811935231869,18.534675520736606,-56.78421996413552,-11.104413089162435,26.0,45.83540672965923,-97.03150734147607,-104.31911299281549,FLAT
2026-09-30T21:26:23.419169+00:00,2,PERP,ICP|GATE|HTX,ICP,GATE,HTX,32.61670143058115,-0.2546781256006294,37.433010251179596,18.911356478848454,8.139537479496806,57.108506161707155,20.0,48.809762958366115,-104.10323573004891,-94.48525886889368,FLAT
2026-09-30T21:26:23.862111+00:00,2,PERP,DOT|GATE|HTX,DOT,GATE,HTX,-4.178816177913269,-0.44041176906844715,2.2004783301862574,14.484841133089885,-38.458072893995386,30.156590016814366,20.0,68.64330173595242,-135.30185296013406,-122.59941342258053,FLAT
2026-09-30T21:26:24.295867+00:00,2,PERP,APT|GATE|HTX,APT,GATE,HTX,24.839077850848934,0.9165093145633675,9.5233975379005,16.710883424294437,1.3068478829070251,48.38669840439458,20.0,46.96319324892319,-81.17974290391666,-111.82649411541726,FLAT
2026-09-30T21:26:25.280365+00:00,2,PERP,ICP|HTX|OKX,ICP,HTX,OKX,-30.039173849663037,0.3794968047287371,-36.76442192020141,17.72148799868171,-53.795576808129965,-6.180803502942034,20.0,47.75801607603625,-90.7891709639648,-104.34163449329563,FLAT
2026-09-30T21:26:25.757033+00:00,2,PERP,DOT|BITGET|HTX,DOT,BITGET,HTX,-0.08719882882646246,-0.39811029610221843,4.944534381520359,12.639043148622507,-30.306238256427864,30.156590016814366,21.999999999999996,60.463345375784215,-123.71411801373245,-113.67540101107822,FLAT
2026-09-30T21:26:26.227430+00:00,2,PERP,DOT|HTX|OKX,DOT,HTX,OKX,2.0627055668187566,0.3957025946287088,-2.870290219257425,12.466422644271146,-26.29080024478703,30.564822565783967,20.0,56.843509223233596,-106.2640192487632,-116.278622008275,FLAT
2026-09-30T21:26:26.680448+00:00,2,PERP,ICP|BITGET|HTX,ICP,BITGET,HTX,25.217225385611997,-0.2572783144315365,29.974137207847402,18.489361735542822,-0.609416092627324,51.06638630219207,21.999999999999996,51.545808354533044,-110.12936165500776,-100.6380574488777,FLAT
2026-09-30T21:26:27.380974+00:00,2,PERP,DOT|HTX|MEXC,DOT,HTX,MEXC,2.133881373804769,0.4554816295466214,-3.5302343073668103,12.435442647400604,-24.35015252714834,28.756727869929666,26.0,53.09518768072648,-105.91510590050801,-117.38214985802296,FLAT
2026-09-30T21:46:43.709118+00:00,0,PERP,OP|GATE|OKX,OP,GATE,OKX,0.33436168612288597,-0.18553542143269447,1.541091516762251,6.504040152123312,-11.928841261863443,12.621404013537507,20.0,24.549401288381773,-64.01933406700746,-61.62971378515703,FLAT
2026-09-30T21:46:44.054033+00:00,0,PERP,OP|BITGET|GATE,OP,BITGET,GATE,-7.857168037506135,-0.3960223283956202,-4.036560063258634,9.647455964732304,-22.82144672324904,7.121899962911904,21.999999999999996,29.966884866568215,-76.75177152655861,-69.12534489273875,FLAT
2026-09-30T21:46:44.393609+00:00,0,SPOT,ICP|GATE|HTX,ICP,GATE,HTX,93.51856766075085,4.4293134897370665,-3.3484648717861356,21.869536386842473,-26.546311377244614,213.73357342334032,60.0,238.05354831500148,-327.25139482045995,-521.1355866101279,FLAT
2026-09-30T21:46:45.191930+00:00,0,PERP,ICP|HTX|MEXC,ICP,HTX,MEXC,-51.77617484831809,-0.7683762524617456,-37.544957959661104,18.521156585803652,-74.44907683144875,-29.006299730779396,26.0,45.679078961661496,-114.58319783344915,-86.2177371905432,FLAT
2026-09-30T21:46:45.714646+00:00,0,PERP,APT|GATE|HTX,APT,GATE,HTX,35.54644035550281,1.7527453270056659,8.939156684486017,15.18034780128145,16.382238497230084,54.723127035833926,20.0,38.205079016954556,-56.76199720421049,-109.98904936830246,FLAT
2026-09-30T21:46:46.230784+00:00,0,PERP,ICP|GATE|HTX,ICP,GATE,HTX,52.045647301797175,0.7758696658433233,37.38933299750778,18.890175695113523,29.09068103211787,75.00750075007501,20.0,45.679078961661496,-79.97773092705141,-109.29724671422873,FLAT
2026-09-30T21:46:46.746762+00:00,0,PERP,DOT|GATE|HTX,DOT,GATE,HTX,4.770508887732561,0.18409189379547916,2.0985571167015293,14.514228279923577,-28.590044874649003,38.15825136548767,20.0,66.71645801970857,-123.4050600110591,-128.7761522684947,FLAT
2026-09-30T21:46:47.361768+00:00,0,PERP,ICP|HTX|OKX,ICP,HTX,OKX,-49.94580400743631,-0.7466093107719414,-36.721372344623255,17.712653019475372,-73.77409346980279,-26.015599760692567,20.0,47.99800612756901,-111.05072725274854,-84.7037787114997,FLAT
2026-09-30T21:46:48.328890+00:00,0,PERP,DOT|BITGET|HTX,DOT,BITGET,HTX,9.563597150512582,0.3646474834127278,4.955742522312838,12.636463537537496,-27.16413325106526,46.34598240249144,21.999999999999996,73.43984011305236,-133.55971588643047,-142.83007999323095,FLAT
2026-09-30T21:46:48.910831+00:00,0,PERP,DOT|HTX|OKX,DOT,HTX,OKX,-5.740213305314157,-0.22413166160280934,-2.9496761484017657,12.450437108959592,-38.153676454674155,26.86365250188727,20.0,65.05411381307299,-126.25811411934538,-120.86744246336202,FLAT
2026-09-30T21:46:49.435110+00:00,0,PERP,ICP|BITGET|HTX,ICP,BITGET,HTX,41.19074654069132,0.6186269843554597,29.681204400523143,18.604979141283074,13.445188200060798,68.96551724137944,21.999999999999996,55.29255949070143,-99.52857569116377,-122.57687233155772,FLAT
2026-09-30T21:46:50.213650+00:00,0,PERP,DOT|HTX|MEXC,DOT,HTX,MEXC,-4.361096447236257,-0.063241607862451,-3.5756703736686117,12.419451372519308,-33.95371031907124,25.4053498937723,26.0,59.38444927711188,-121.76248922251452,-120.3654695445528,FLAT
2026-09-30T21:47:00.606697+00:00,1,PERP,OP|GATE|OKX,OP,GATE,OKX,1.8079526165859505,0.04103005110394036,1.541091516762251,6.504040152123312,-10.188756058120418,13.827604654395032,20.0,24.011997538831213,-61.74184511371388,-62.29851067646399,FLAT
2026-09-30T21:47:00.944072+00:00,1,PERP,OP|BITGET|GATE,OP,BITGET,GATE,-7.8848636649342385,-0.3988930984234233,-4.036560063258634,9.647455964732304,-23.14513256665873,7.393279597425195,21.999999999999996,30.562499816519324,-77.67107231991942,-69.99233947720315,FLAT
2026-09-30T21:47:01.266031+00:00,1,SPOT,ICP|GATE|HTX,ICP,GATE,HTX,37.235172047978,1.8557154665693214,-3.3484648717861356,21.869536386842473,-24.514770889486613,99.06259839008725,60.0,123.11888540917599,-210.28519142687645,-291.5299486710494,FLAT
2026-09-30T21:47:02.036348+00:00,1,PERP,ICP|HTX|MEXC,ICP,HTX,MEXC,-50.738695717058576,-0.7123603591532932,-37.544957959661104,18.521156585803652,-74.44907683144875,-26.921926413401298,26.0,47.76928740490436,-116.673406276692,-90.39231895116417,FLAT
2026-09-30T21:47:02.935763+00:00,1,PERP,APT|GATE|HTX,APT,GATE,HTX,33.58611744099127,1.623609753817675,8.939156684486017,15.18034780128145,15.078191857664791,52.10368633580931,20.0,36.901553973984036,-56.76251880080526,-106.06608362530733,FLAT
2026-09-30T21:47:03.438866+00:00,1,PERP,ICP|GATE|HTX,ICP,GATE,HTX,52.50525052505228,0.8001999436910828,37.38933299750778,18.890175695113523,26.99460107978391,78.03121248499245,20.0,50.770037457409074,-87.16476937513295,-117.41191694489375,FLAT
2026-09-30T21:47:04.300026+00:00,1,PERP,DOT|GATE|HTX,DOT,GATE,HTX,-3.373382450393425,-0.3770052021755694,2.0985571167015293,14.514228279923577,-36.70347852406053,29.983855395321335,20.0,66.7098266485169,-131.51186228927895,-120.59512492713671,FLAT
2026-09-30T21:47:04.856644+00:00,1,PERP,ICP|HTX|OKX,ICP,HTX,OKX,-47.754066557230686,-0.622870791884016,-36.721372344623255,17.712653019475372,-71.47111375818915,-23.93060125635671,20.0,47.76838776477482,-108.5181291783407,-86.55915885304137,FLAT
2026-09-30T21:47:05.438065+00:00,1,PERP,DOT|BITGET|HTX,DOT,BITGET,HTX,4.770508887732561,-0.014658660948138535,4.955742522312838,12.636463537537496,-28.590044874649003,38.15825136548767,21.999999999999996,66.71645801970857,-128.2622454166704,-127.9189668628834,FLAT
2026-09-30T21:47:06.351527+00:00,1,PERP,DOT|HTX|OKX,DOT,HTX,OKX,-1.987592913640368,0.07727304883690089,-2.9496761484017657,12.450437108959592,-34.25903851934642,30.473421112680033,20.0,64.74477310784921,-122.05413547879387,-124.167870368931,FLAT
2026-09-30T21:47:06.887948+00:00,1,PERP,ICP|BITGET|HTX,ICP,BITGET,HTX,42.61070546079271,0.6949484308520377,29.681204400523143,18.604979141283074,16.27616944278154,68.96551724137944,21.999999999999996,52.46577960797414,-93.87081456571575,-119.75009244883044,FLAT
2026-09-30T21:47:08.023253+00:00,1,PERP,DOT|HTX|MEXC,DOT,HTX,MEXC,-0.2897189458894722,0.26458104542765953,-3.5756703736686117,12.419451372519308,-29.89422099537231,29.488685406111603,26.0,59.38411760056426,-117.70266822226796,-124.44847338034447,FLAT
2026-09-30T21:47:18.402133+00:00,2,PERP,OP|GATE|OKX,OP,GATE,OKX,0.9765405768491497,-0.08680003916162751,1.541091516762251,6.504040152123312,-10.306689447576733,12.28099835036467,20.0,22.585462286216217,-60.43324325055519,-59.32536911981863,FLAT
2026-09-30T21:47:18.752153+00:00,2,PERP,OP|BITGET|GATE,OP,BITGET,GATE,-8.672353056119464,-0.48051973596020076,-4.036560063258634,9.647455964732304,-21.916162112463056,4.581690783111991,21.999999999999996,26.52084875877225,-72.40045080797667,-63.139099605142874,FLAT
2026-09-30T21:47:19.078471+00:00,2,SPOT,ICP|GATE|HTX,ICP,GATE,HTX,35.90410312833248,1.7948513999471165,-3.3484648717861356,21.869536386842473,-26.36207816711589,98.25497635409519,60.0,124.17117150835422,-213.18478480368398,-291.7746127342356,FLAT
2026-09-30T21:47:20.639402+00:00,2,PERP,ICP|HTX|MEXC,ICP,HTX,MEXC,-49.84349642106145,-0.6640264826024471,-37.544957959661104,18.521156585803652,-74.44907683144875,-25.12305297814987,26.0,49.572844768608164,-118.47696364039581,-93.9947497501194,FLAT
2026-09-30T21:47:21.152220+00:00,2,PERP,APT|GATE|HTX,APT,GATE,HTX,32.932846647484304,1.5805757731698915,8.939156684486017,15.18034780128145,13.774484725166403,52.10368633580931,20.0,38.20338293344949,-59.3680548927691,-107.36791258477278,FLAT
2026-09-30T21:47:22.019814+00:00,2,PERP,ICP|GATE|HTX,ICP,GATE,HTX,51.600843079799844,0.752322811162009,37.38933299750778,18.890175695113523,25.186328725239626,78.03121248499245,20.0,52.57359482111288,-90.77659909338104,-119.21547430859755,FLAT
2026-09-30T21:47:22.533688+00:00,2,PERP,DOT|GATE|HTX,DOT,GATE,HTX,0.2871937748571973,-0.12479914928373095,2.0985571167015293,14.514228279923577,-36.70347852406053,37.33512238887515,20.0,74.03643035468309,-138.83846599544515,-135.2729956268567,FLAT
2026-09-30T21:47:23.114216+00:00,2,PERP,ICP|HTX|OKX,ICP,HTX,OKX,-48.3560248799153,-0.6568554424060328,-36.721372344623255,17.712653019475372,-74.44907683144875,-22.141166125819733,20.0,52.56179500695822,-116.28949949378372,-93.14200122576175,FLAT
2026-09-30T21:47:23.682354+00:00,2,PERP,DOT|BITGET|HTX,DOT,BITGET,HTX,4.770508887732561,-0.014658660948138535,4.955742522312838,12.636463537537496,-28.590044874649003,38.15825136548767,21.999999999999996,66.71645801970857,-128.2622454166704,-127.9189668628834,FLAT
2026-09-30T21:47:24.260454+00:00,2,PERP,DOT|HTX|OKX,DOT,HTX,OKX,-3.729972114715485,-0.06267217443732978,-2.9496761484017657,12.450437108959592,-35.13084093850094,27.855351201175882,20.0,63.009154205186526,-121.1903189952857,-119.81418155476416,FLAT
2026-09-30T21:47:24.785368+00:00,2,PERP,ICP|BITGET|HTX,ICP,BITGET,HTX,41.70718821156605,0.6463852348191101,29.681204400523143,18.604979141283074,14.469830054630872,68.96551724137944,21.999999999999996,54.26933697167795,-97.48071131757021,-121.55364981253425,FLAT
2026-09-30T21:47:25.554463+00:00,2,PERP,DOT|HTX|MEXC,DOT,HTX,MEXC,-0.2897189458894722,0.26458104542765953,-3.5756703736686117,12.419451372519308,-29.89422099537231,29.488685406111603,26.0,59.38411760056426,-117.70266822226796,-124.44847338034447,FLAT
2026-09-30T22:01:35.291693+00:00,0,PERP,OP|GATE|OKX,OP,GATE,OKX,-0.2640290175548454,-0.25769009028161266,1.41210412493687,6.504453239393021,-12.996616081701884,12.495029056243112,20.0,25.492290720392067,-65.90101092703082,-62.5752156516983,FLAT
2026-09-30T22:01:35.613849+00:00,0,PERP,OP|BITGET|GATE,OP,BITGET,GATE,-10.701839980683525,-0.6831278591816144,-4.121664742902206,9.632421148310879,-24.914954148460566,3.5223092136216216,21.999999999999996,28.467724783484574,-77.26101418904292,-64.11169874000839,FLAT
2026-09-30T22:01:36.349256+00:00,0,PERP,ICP|HTX|MEXC,ICP,HTX,MEXC,-44.652352502870805,-0.3827187981294079,-37.713886887437894,18.129408979505683,-66.0264105642261,-23.192616033752557,26.0,43.02574321730152,-103.33826689408971,-89.54701407098685,FLAT
2026-09-30T22:01:36.795029+00:00,0,PERP,DOT|GATE|HTX,DOT,GATE,HTX,-5.345733585234713,-0.5169862548073915,1.9420133268169115,14.096597045441277,-24.609504780297442,13.93384053943958,20.0,38.5639541029345,-91.11547221004886,-76.55578131555717,FLAT
2026-09-30T22:01:37.306706+00:00,0,PERP,ICP|HTX|OKX,ICP,HTX,OKX,-41.64514886369264,-0.2782025324853143,-36.80634636971135,17.39309290520826,-63.02521008403339,-20.17938517178908,20.0,43.024831034983144,-95.24369474930519,-85.65179223290542,FLAT
2026-09-30T22:01:37.798613+00:00,0,PERP,DOT|BITGET|HTX,DOT,BITGET,HTX,-5.345733585234713,-0.8237721635478025,4.571871141667664,12.039256927776574,-24.609504780297442,13.93384053943958,21.999999999999996,38.5639541029345,-95.7453300248996,-75.92592350070642,FLAT
2026-09-30T22:01:38.513093+00:00,0,PERP,APT|HTX|MEXC,APT,HTX,MEXC,-45.29164482424797,-2.52889459046325,-7.258170680712344,15.039564830801643,-67.69811401455938,-22.79565887423285,26.0,45.106571764016714,-137.54651509786373,-61.569083570496204,FLAT
2026-09-30T22:01:39.054469+00:00,0,PERP,DOT|HTX|OKX,DOT,HTX,OKX,5.057985662442199,0.6454027621029115,-2.691797887635103,12.007670256672336,-15.468406020571202,25.660653561441205,20.0,41.10812569232888,-79.88473382526499,-95.4605771414052,FLAT
2026-09-30T22:01:39.590053+00:00,0,PERP,ICP|BITGET|HTX,ICP,BITGET,HTX,36.53070662393843,0.3622457085672033,29.894765768259543,18.318894327074673,13.284991658202294,59.791145031713455,21.999999999999996,46.33687682687557,-90.94665093693281,-104.23325609032948,FLAT
2026-09-30T22:01:40.301648+00:00,0,PERP,DOT|HTX|MEXC,DOT,HTX,MEXC,5.01568109980699,0.6943502833243946,-3.329272514144508,12.018362798093372,-13.914452363398278,24.016159072215437,26.0,37.91146579541384,-80.49664564466761,-97.2568973817738,FLAT
2026-09-30T22:01:40.776475+00:00,0,PERP,AVAX|GATE|HTX,AVAX,GATE,HTX,13.135243058315371,1.5269647442534133,0.37326010906734947,8.357745650170727,-7.250614404384903,33.53396283885202,20.0,40.73107193383318,-74.35494644728543,-99.89177466361784,FLAT
2026-09-30T22:01:41.301837+00:00,0,PERP,AVAX|HTX|OKX,AVAX,HTX,OKX,-13.779012302878035,-1.5021211599386293,-1.1967284401539584,8.376344197986093,-31.991724573018352,4.49650282905889,20.0,36.53846570379999,-93.33346183666438,-68.23169697301284,FLAT
2026-09-30T22:01:51.646869+00:00,1,PERP,OP|GATE|OKX,OP,GATE,OKX,-0.2026146292499753,-0.24824819162471629,1.41210412493687,6.504453239393021,-14.117373784235943,13.74167281556593,20.0,27.85957977809529,-69.3890576872681,-66.18914846872435,FLAT
2026-09-30T22:01:51.949510+00:00,1,PERP,OP|BITGET|GATE,OP,BITGET,GATE,-5.214301837628277,-0.11343327683691165,-4.121664742902206,9.632421148310879,-22.11912622839929,11.711921256556401,21.999999999999996,33.84868367526745,-79.84614516076454,-77.68226967472606,FLAT
2026-09-30T22:01:52.686446+00:00,1,PERP,ICP|HTX|MEXC,ICP,HTX,MEXC,-40.17174820095115,-0.13557316271543848,-37.713886887437894,18.129408979505683,-54.10279531109175,-26.205846895719365,26.0,28.009423620148873,-76.39833204380272,-71.5174636118674,FLAT
2026-09-30T22:01:53.164450+00:00,1,PERP,DOT|GATE|HTX,DOT,GATE,HTX,-4.633161690472676,-0.46643704123017016,1.9420133268169115,14.096597045441277,-31.31799445886818,22.095328165412376,20.0,53.43804565199059,-112.69805343767568,-99.59136049058606,FLAT
2026-09-30T22:01:53.799909+00:00,1,PERP,ICP|HTX|OKX,ICP,HTX,OKX,-37.44171046829003,-0.03652967888123152,-36.80634636971135,17.39309290520826,-54.10279531109175,-20.72977053140135,20.0,33.49837091524607,-76.79481985662648,-75.57494675355608,FLAT
2026-09-30T22:01:54.368113+00:00,1,PERP,DOT|BITGET|HTX,DOT,BITGET,HTX,-0.5016830620618862,-0.421417553771447,4.571871141667664,12.039256927776574,-23.140240557687484,22.155461098176676,21.999999999999996,45.29796655125711,-101.01007825061225,-90.88155650776612,FLAT
2026-09-30T22:01:55.108985+00:00,1,PERP,APT|HTX|MEXC,APT,HTX,MEXC,-40.75918620528696,-2.2275255900997326,-7.258170680712344,15.039564830801643,-68.38132043262779,-12.986631675631077,26.0,55.62098691772978,-148.74413666964523,-81.89252592281105,FLAT
2026-09-30T22:01:55.651762+00:00,1,PERP,DOT|HTX|OKX,DOT,HTX,OKX,3.704021918879974,0.5326445238584973,-2.691797887635103,12.007670256672336,-16.532914635762896,24.016159072215437,20.0,40.53392039116797,-80.37503713929576,-93.2418773510185,FLAT
2026-09-30T22:01:56.188037+00:00,1,PERP,ICP|BITGET|HTX,ICP,BITGET,HTX,33.9515349281716,0.22145273003274515,29.894765768259543,18.318894327074673,16.557246036328355,51.3595166163161,21.999999999999996,34.68450597102493,-76.02202570295611,-84.14925681908149,FLAT
2026-09-30T22:01:56.933815+00:00,1,PERP,DOT|HTX|MEXC,DOT,HTX,MEXC,4.194958760188605,0.6260612531622676,-3.329272514144508,12.018362798093372,-14.733655443597282,23.193911827603664,26.0,37.911533091931155,-81.31591602138393,-96.43471743367931,FLAT
2026-09-30T22:01:57.402265+00:00,1,PERP,AVAX|GATE|HTX,AVAX,GATE,HTX,14.768395399102907,1.7223705880235183,0.37326010906734947,8.357745650170727,-6.09618006745305,35.64411435499571,20.0,41.678738638254714,-74.14817881477511,-102.94959288418306,FLAT
2026-09-30T22:01:57.946648+00:00,1,PERP,AVAX|HTX|OKX,AVAX,HTX,OKX,-14.55095463499978,-1.5942785873169527,-1.1967284401539584,8.376344197986093,-33.82054913506405,4.788791683882909,20.0,38.6654753132736,-97.2892960081837,-70.65099543731047,FLAT
2026-09-30T22:02:08.303846+00:00,2,PERP,OP|GATE|OKX,OP,GATE,OKX,-0.33807093603233085,-0.2690733558309849,1.41210412493687,6.504453239393021,-14.328545455465358,13.68115649452939,20.0,28.010619391786452,-69.75126897218868,-66.27967176137896,FLAT
2026-09-30T22:02:08.621921+00:00,2,PERP,OP|BITGET|GATE,OP,BITGET,GATE,-7.78269164334322,-0.3800733838431684,-4.121664742902206,9.632421148310879,-21.72324113511315,6.1687065250737305,21.999999999999996,27.913667787457623,-73.51524417966857,-66.20403905543355,FLAT
2026-09-30T22:02:09.339877+00:00,2,PERP,ICP|HTX|MEXC,ICP,HTX,MEXC,-42.27240755516504,-0.2514434239351269,-37.713886887437894,18.129408979505683,-57.10850616170937,-27.39647165259207,26.0,29.8381139875904,-81.23273326186188,-72.15552922243623,FLAT
2026-09-30T22:02:09.809228+00:00,2,PERP,DOT|GATE|HTX,DOT,GATE,HTX,-0.8224988154537094,-0.19611202145872797,1.9420133268169115,14.096597045441277,-39.78953789495865,38.20863078885406,20.0,78.00453188460396,-145.7360831063795,-140.2711493466411,FLAT
2026-09-30T22:02:10.356033+00:00,2,PERP,ICP|HTX|OKX,ICP,HTX,OKX,-36.25292586107665,0.031818406976310866,-36.80634636971135,17.39309290520826,-51.09708446047634,-21.368908323279314,20.0,29.83628796870667,-70.12702605947166,-71.2737260151387,FLAT
2026-09-30T22:02:10.857302+00:00,2,PERP,DOT|BITGET|HTX,DOT,BITGET,HTX,10.415139969239817,0.48535128560058866,4.571871141667664,12.039256927776574,-25.610600143114446,46.47053089649855,21.999999999999996,72.00612345720562,-130.18859474198774,-141.9047832120365,FLAT
2026-09-30T22:02:11.575681+00:00,2,PERP,APT|HTX|MEXC,APT,HTX,MEXC,-26.677720477388256,-1.2912308311543617,-7.258170680712344,15.039564830801643,-52.21932114882533,-1.00800000000012,26.0,51.34798534038809,-128.30913580850108,-89.59815602110032,FLAT
2026-09-30T22:02:12.135660+00:00,2,PERP,DOT|HTX|OKX,DOT,HTX,OKX,-4.721636073227176,-0.16904513050432465,-2.691797887635103,12.007670256672336,-39.58762055853771,30.367431773516973,20.0,69.98738642658284,-132.88320909748546,-129.04661608773492,FLAT
2026-09-30T22:02:12.706301+00:00,2,PERP,ICP|BITGET|HTX,ICP,BITGET,HTX,35.059441591025475,0.2819316346583607,29.894765768259543,18.318894327074673,18.63933940217999,51.489266636446374,21.999999999999996,32.73515672499623,-71.99058309107579,-82.32965759318306,FLAT
2026-09-30T22:02:13.419584+00:00,2,PERP,DOT|HTX|MEXC,DOT,HTX,MEXC,-4.240423221153478,-0.07581321368943175,-3.329272514144508,12.018362798093372,-37.243958302610736,28.974278693931765,26.0,66.24565455666118,-132.1603403451274,-130.54920576473745,FLAT
2026-09-30T22:02:14.447318+00:00,2,PERP,AVAX|GATE|HTX,AVAX,GATE,HTX,15.78111021721229,1.8435413989692542,0.37326010906734947,8.357745650170727,-7.783636534175464,39.35974564774236,20.0,47.06909782817833,-81.22599447142115,-112.05558336685334,FLAT
2026-09-30T22:02:15.089255+00:00,2,PERP,AVAX|HTX|OKX,AVAX,HTX,OKX,-16.433956451415987,-1.8190785444234114,-1.1967284401539584,8.376344197986093,-37.47819825915322,4.697117998906375,20.0,42.24456201193097,-104.52603183093022,-74.1384084509913,FLAT
2026-09-30T22:23:56.196419+00:00,0,PERP,OP|GATE|OKX,OP,GATE,OKX,-1.0697992020014535,-0.3950173132568245,1.4875579665270102,6.474038181880327,-9.86611661547565,7.737335195070472,20.0,17.605328580362578,-54.95900316236524,-49.855105808906046,FLAT
2026-09-30T22:23:56.578744+00:00,0,PERP,OP|BITGET|GATE,OP,BITGET,GATE,-6.33854347691587,-0.23116695496049972,-4.110881444075423,9.636593747670792,-19.310143649714504,6.6508241291241,21.999999999999996,25.977421520553936,-69.17668372619302,-64.73912709375345,FLAT
2026-09-30T22:23:57.307286+00:00,0,PERP,ICP|HTX|MEXC,ICP,HTX,MEXC,-54.93773749497777,-0.934371831053927,-38.00322887279569,18.12395029405024,-74.71607890017884,-35.08640264026419,26.0,39.848460238929356,-108.56131026631252,-74.76528647146085,FLAT
2026-09-30T22:23:57.763326+00:00,0,PERP,DOT|GATE|HTX,DOT,GATE,HTX,-11.305388455609133,-0.9441862530773238,1.6110945223249251,13.680015924650693,-31.180374158013002,8.59154166666487,20.0,39.81691828953544,-98.60838696987337,-72.79736543387538,FLAT
2026-09-30T22:23:58.288543+00:00,0,PERP,ICP|HTX|OKX,ICP,HTX,OKX,-50.33710107944178,-0.7661453290217801,-37.05429293116589,17.33719132013175,-71.50900894236867,-29.087056705670022,20.0,42.63642773520587,-103.09114374640865,-76.60366396070174,FLAT
2026-09-30T22:23:58.778515+00:00,0,PERP,DOT|BITGET|HTX,DOT,BITGET,HTX,-4.584376773262289,-0.7599660986034157,4.468705254790743,11.91248141817091,-23.042562218550387,13.88888888888884,21.999999999999996,36.948383480839915,-92.45965095418103,-74.368567114938,FLAT
2026-09-30T22:23:59.517385+00:00,0,PERP,APT|HTX|MEXC,APT,HTX,MEXC,-23.330803301927496,-1.0997801240329061,-7.058922892116281,14.795576001266548,-40.33307311995915,-6.272616832200262,26.0,34.14001588959206,-99.41416611743495,-66.92632194950808,FLAT
2026-09-30T22:24:00.034109+00:00,0,PERP,DOT|HTX|OKX,DOT,HTX,OKX,10.951340405285226,1.1444002335087649,-2.3622645332671244,11.63369645402155,-5.6953564513539945,27.646018475946388,20.0,33.30483262213278,-62.63792454021965,-89.31311563134629,FLAT
2026-09-30T22:24:00.551775+00:00,0,PERP,ICP|BITGET|HTX,ICP,BITGET,HTX,45.65972696030762,0.8524729406444791,30.1865225127457,18.15096258171433,23.141138362017255,68.19636617514391,21.999999999999996,44.850434721108584,-79.89581887183704,-110.8602783835068,FLAT
2026-09-30T22:24:01.257108+00:00,0,PERP,DOT|HTX|MEXC,DOT,HTX,MEXC,14.799409644845607,1.5339108312651377,-3.0449998941758616,11.633276964544134,0.0,29.64147601898892,26.0,29.597611913827205,-58.55261201965135,-94.28408782699199,FLAT
2026-09-30T22:24:01.711982+00:00,0,PERP,AVAX|GATE|HTX,AVAX,GATE,HTX,7.146856178901206,0.8207438710575056,0.30826828014204266,8.332182718523178,-7.796380429681005,22.09703119007367,20.0,29.872060877033977,-63.97670958685702,-77.66082378696561,FLAT
2026-09-30T22:24:02.205791+00:00,0,PERP,AVAX|HTX|OKX,AVAX,HTX,OKX,-6.518624516317351,-0.6453990534529827,-1.1190571064750545,8.366246248663975,-19.566857414656802,6.56257061110832,20.0,26.146430320139356,-70.5942306283211,-59.828058037722734,FLAT
2026-09-30T22:24:12.605477+00:00,1,PERP,OP|GATE|OKX,OP,GATE,OKX,-2.0158521424218367,-0.5411475821619749,1.4875579665270102,6.474038181880327,-9.919850462402069,5.896627909409702,20.0,15.819662833527767,-53.227071262456846,-46.22873277641045,FLAT
2026-09-30T22:24:12.940771+00:00,1,PERP,OP|BITGET|GATE,OP,BITGET,GATE,-8.98318254991537,-0.505604078932725,-4.110881444075423,9.636593747670792,-18.20537625307317,0.2461546030496642,21.999999999999996,18.46811833839928,-60.56261314739702,-50.825154385524364,FLAT
2026-09-30T22:24:13.645900+00:00,1,PERP,ICP|HTX|MEXC,ICP,HTX,MEXC,-48.94944168735815,-0.603963961331096,-38.00322887279569,18.12395029405024,-68.73879258816662,-29.087056705670022,26.0,39.846648481482234,-102.58221219685316,-80.7628206486079,FLAT
2026-09-30T22:24:14.110461+00:00,1,PERP,DOT|GATE|HTX,DOT,GATE,HTX,-9.343040672687986,-0.8007399447009499,1.6110945223249251,13.680015924650693,-31.180374158013002,12.526999999999955,20.0,43.748223825963265,-102.5396925063012,-80.66412930363829,FLAT
2026-09-30T22:24:14.662627+00:00,1,PERP,ICP|HTX|OKX,ICP,HTX,OKX,-45.95529378354723,-0.5134050082290782,-37.05429293116589,17.33719132013175,-65.75014943215885,-26.08738373837238,20.0,39.845743420214454,-94.54159992120742,-76.81265261300797,FLAT
2026-09-30T22:24:15.144915+00:00,1,PERP,DOT|BITGET|HTX,DOT,BITGET,HTX,1.1299218263904898,-0.2802760660182338,4.468705254790743,11.91248141817091,-23.042562218550387,25.322154632807514,21.999999999999996,48.359244570752885,-103.870512044094,-97.21269394876964,FLAT
2026-09-30T22:24:15.845556+00:00,1,PERP,APT|HTX|MEXC,APT,HTX,MEXC,-23.969909650911614,-1.1429758974809563,-7.058922892116281,14.795576001266548,-46.78970626462275,-1.0512336644008524,26.0,45.848156455383474,-117.57893982788994,-83.8558456830989,FLAT
2026-09-30T22:24:16.396588+00:00,1,PERP,DOT|HTX|OKX,DOT,HTX,OKX,11.147562089437457,1.1612669005159137,-2.3622645332671244,11.63369645402155,-5.5494253314958275,27.89267567821163,20.0,33.40479355083863,-62.591954349067336,-89.65973376231739,FLAT
2026-09-30T22:24:16.876993+00:00,1,PERP,ICP|BITGET|HTX,ICP,BITGET,HTX,39.169485917993626,0.4949028661597019,30.1865225127457,18.15096258171433,17.11761604329176,61.237039157893136,21.999999999999996,43.94727830966519,-85.01618477911911,-102.99779495481262,FLAT
2026-09-30T22:24:17.664615+00:00,1,PERP,DOT|HTX|MEXC,DOT,HTX,MEXC,11.604460782157489,1.2592720624620157,-3.0449998941758616,11.633276964544134,-3.11748894509134,26.368628417090534,26.0,29.451879596859232,-61.52436864777471,-90.86550790812562,FLAT
2026-09-30T22:24:18.185698+00:00,1,PERP,AVAX|GATE|HTX,AVAX,GATE,HTX,6.928369054115535,0.7945217955022066,0.30826828014204266,8.332182718523178,-7.83634320978055,21.699409849860185,20.0,29.515302412859466,-63.659913902782066,-76.90644398257761,FLAT
2026-09-30T22:24:18.701594+00:00,1,PERP,AVAX|HTX|OKX,AVAX,HTX,OKX,-6.779476619924729,-0.6765781624409634,-1.1190571064750545,8.366246248663975,-20.48157037795817,6.9572311396304265,20.0,27.45737251358418,-72.8198857850673,-61.53366075968965,FLAT
2026-09-30T22:24:29.086945+00:00,2,PERP,OP|GATE|OKX,OP,GATE,OKX,-0.18077188206566674,-0.25769539840868305,1.4875579665270102,6.474038181880327,-8.385337144596328,8.034746380605196,20.0,16.420373053186882,-52.29326816431022,-48.967561467265064,FLAT
2026-09-30T22:24:29.451359+00:00,2,PERP,OP|BITGET|GATE,OP,BITGET,GATE,-7.646384878003953,-0.3668831048090076,-4.110881444075423,9.636593747670792,-18.176204696118692,2.8915912683946665,21.999999999999996,21.083914379225174,-63.14923763126844,-56.08638709169526,FLAT
2026-09-30T22:24:30.200185+00:00,2,PERP,ICP|HTX|MEXC,ICP,HTX,MEXC,-48.94944168735815,-0.603963961331096,-38.00322887279569,18.12395029405024,-68.73879258816662,-29.087056705670022,26.0,39.846648481482234,-102.58221219685316,-80.7628206486079,FLAT
2026-09-30T22:24:30.786115+00:00,2,PERP,DOT|GATE|HTX,DOT,GATE,HTX,-4.659078473504552,-0.4583454456753186,1.6110945223249251,13.680015924650693,-23.04581734332567,13.74268824563929,20.0,36.80564749018562,-87.46255935583622,-74.93724121349999,FLAT
2026-09-30T22:24:31.347489+00:00,2,PERP,ICP|HTX|OKX,ICP,HTX,OKX,-45.95529378354723,-0.5134050082290782,-37.05429293116589,17.33719132013175,-65.75014943215885,-26.08738373837238,20.0,39.845743420214454,-94.54159992120742,-76.81265261300797,FLAT
2026-09-30T22:24:31.834273+00:00,2,PERP,DOT|BITGET|HTX,DOT,BITGET,HTX,-4.657447245838275,-0.7661000408116719,4.468705254790743,11.91248141817091,-23.042562218550387,13.74268824563929,21.999999999999996,36.802384847457965,-92.3136523207991,-74.07636783830651,FLAT
2026-09-30T22:24:32.538789+00:00,2,PERP,APT|HTX|MEXC,APT,HTX,MEXC,-23.969909650911614,-1.1429758974809563,-7.058922892116281,14.795576001266548,-46.78970626462275,-1.0512336644008524,26.0,45.848156455383474,-117.57893982788994,-83.8558456830989,FLAT
2026-09-30T22:24:33.032450+00:00,2,PERP,DOT|HTX|OKX,DOT,HTX,OKX,9.813285373074798,1.0465762068369133,-2.3622645332671244,11.63369645402155,-5.5651056539107735,25.23577677431499,20.0,30.77062319512846,-59.97346431577211,-84.36866450271057,FLAT
2026-09-30T22:24:33.507105+00:00,2,PERP,ICP|BITGET|HTX,ICP,BITGET,HTX,39.169485917993626,0.4949028661597019,30.1865225127457,18.15096258171433,17.11761604329176,61.237039157893136,21.999999999999996,43.94727830966519,-85.01618477911911,-102.99779495481262,FLAT
2026-09-30T22:24:34.209263+00:00,2,PERP,DOT|HTX|MEXC,DOT,HTX,MEXC,8.744819405184234,1.013456426361469,-3.0449998941758616,11.633276964544134,-6.380977890183548,23.9139927156673,26.0,30.268439297003123,-65.60441729301081,-89.22743190684629,FLAT
2026-09-30T22:24:34.680016+00:00,2,PERP,AVAX|GATE|HTX,AVAX,GATE,HTX,8.602777518613713,0.9954785581012576,0.30826828014204266,8.332182718523178,-7.460353828954158,24.676963660537066,20.0,32.109690434493494,-65.8783125435897,-82.47838581488853,FLAT
2026-09-30T22:24:35.204119+00:00,2,PERP,AVAX|HTX|OKX,AVAX,HTX,OKX,-9.538849066337285,-1.0064002074056577,-1.1190571064750545,8.366246248663975,-22.855557209036093,3.8114995231475213,20.0,26.6924758446453,-74.42897594720634,-57.62303247426787,FLAT
2026-09-30T22:58:45.478610+00:00,0,PERP,OP|GATE|OKX,OP,GATE,OKX,0.07132805732723568,-0.21535157219951379,1.4660248054589813,6.476371330317571,-12.417203485647343,12.584753695894513,20.0,25.00175406218766,-64.88498235329398,-62.12048295262319,FLAT
2026-09-30T22:58:45.791449+00:00,0,PERP,OP|BITGET|GATE,OP,BITGET,GATE,-9.976894360319566,-0.5935527243073183,-4.249984337415601,9.648527903881368,-23.768224557376705,3.8250690905528018,21.999999999999996,27.620846577180888,-75.13908679714199,-63.695900005149284,FLAT
2026-09-30T22:58:46.614861+00:00,0,PERP,ICP|HTX|MEXC,ICP,HTX,MEXC,-50.19540249599053,-0.6785022387038697,-37.92001204302404,18.09189381072042,-74.67144563918838,-25.605762304922173,26.0,49.31294866461786,-118.0643822607822,-93.62719840271973,FLAT
2026-09-30T22:58:47.146945+00:00,0,PERP,DOT|GATE|HTX,DOT,GATE,HTX,-6.979484064822961,-0.6333855250411077,1.9162198297769137,14.044690860313755,-32.573356586194095,18.647518337409075,20.0,51.256627976872615,-111.74620439284362,-93.98792648450477,FLAT
2026-09-30T22:58:47.736080+00:00,0,PERP,ICP|HTX|OKX,ICP,HTX,OKX,-47.20162948635975,-0.5879705436045575,-37.012684516280046,17.329005816543642,-71.68458781361964,-22.605042016805577,20.0,49.312043603350084,-109.98394690068967,-89.71968610282454,FLAT
2026-09-30T22:58:48.313658+00:00,0,PERP,DOT|BITGET|HTX,DOT,BITGET,HTX,-1.2352974519069804,-0.48339285379840946,4.660275881111016,12.19623601526522,-24.4565596453028,22.004889975548725,21.999999999999996,46.46718199115046,-103.58401751756426,-91.81179608558816,FLAT
2026-09-30T22:58:49.197669+00:00,0,PERP,APT|HTX|MEXC,APT,HTX,MEXC,-30.15503262222108,-1.5557649010860843,-7.092667194347758,14.823811368782913,-51.553035184946914,-8.667571909820593,26.0,43.01498850552195,-119.47535649612111,-73.44008379004912,FLAT
2026-09-30T22:58:49.903757+00:00,0,PERP,DOT|HTX|OKX,DOT,HTX,OKX,6.678302132021585,0.7820362296021072,-2.655207224957783,11.934881024282177,-14.33852030050975,27.775816776702822,20.0,42.08607611556061,-79.76938919111258,-98.51710011722122,FLAT
2026-09-30T22:58:50.464048+00:00,0,PERP,ICP|BITGET|HTX,ICP,BITGET,HTX,42.866300594861514,0.6934584996650959,30.270290536372045,18.164043074780512,16.575628783299656,69.17293233082545,21.999999999999996,52.37279590348981,-94.0674576565622,-119.2754376979432,FLAT
2026-09-30T22:58:51.289284+00:00,0,PERP,DOT|HTX|MEXC,DOT,HTX,MEXC,4.901890761261907,0.6867503792671633,-3.2699653174650862,11.899310616249306,-14.637716516223698,24.516518615282923,26.0,39.13490788570721,-82.50265908446582,-98.92139181845522,FLAT
2026-09-30T22:58:51.971011+00:00,0,PERP,AVAX|GATE|HTX,AVAX,GATE,HTX,22.21879347906963,2.621737712985825,0.3462481951559434,8.342766393287926,-6.5552741944452375,51.01313693327114,20.0,57.4407775092444,-90.34229989884558,-134.1076662473596,FLAT
2026-09-30T22:58:52.590684+00:00,0,PERP,AVAX|HTX|OKX,AVAX,HTX,OKX,-23.15787603663133,-2.6279369319589376,-1.1697991391082982,8.367048931091547,-49.46163679899751,3.2802992705471823,20.0,52.864015341099545,-127.15585300098876,-83.31411375075503,FLAT
2026-09-30T22:59:02.931674+00:00,1,PERP,OP|GATE|OKX,OP,GATE,OKX,-0.8212967043408348,-0.3531794878857968,1.4660248054589813,6.476371330317571,-11.77390232171116,10.151271845173504,20.0,21.926956844319697,-61.16688397148984,-56.612203884034216,FLAT
2026-09-30T22:59:03.322672+00:00,1,PERP,OP|BITGET|GATE,OP,BITGET,GATE,-12.73398205604681,-0.8793048849678203,-4.249984337415601,9.648527903881368,-25.671087608427623,0.21309813438286085,21.999999999999996,25.917184795633325,-75.33828806664533,-58.380267267431776,FLAT
2026-09-30T22:59:04.221642+00:00,1,PERP,ICP|HTX|MEXC,ICP,HTX,MEXC,-57.45358378501098,-1.0796864024490487,-37.92001204302404,18.09189381072042,-86.61887694145554,-28.125037571388177,26.0,58.831391166005965,-139.53025606443748,-100.62636563764184,FLAT
2026-09-30T22:59:04.754748+00:00,1,PERP,DOT|GATE|HTX,DOT,GATE,HTX,-1.2352974519069804,-0.22439207192442895,1.9162198297769137,14.044690860313755,-24.4565596453028,22.004889975548725,20.0,46.46718199115046,-98.83996146623016,-92.55585213692227,FLAT
2026-09-30T22:59:05.397024+00:00,1,PERP,ICP|HTX|OKX,ICP,HTX,OKX,-54.45838980512985,-1.006734343189772,-37.012684516280046,17.329005816543642,-83.63201911589124,-25.1214607754735,20.0,58.83048392255917,-131.44981852217035,-96.72170766336572,FLAT
2026-09-30T22:59:05.977087+00:00,1,PERP,DOT|BITGET|HTX,DOT,BITGET,HTX,6.916977071165231,0.1850325942552811,4.660275881111016,12.19623601526522,-16.326532391550685,30.179445350735357,21.999999999999996,46.47382417583323,-95.46063244849493,-99.99299364545757,FLAT
2026-09-30T22:59:07.067020+00:00,1,PERP,APT|HTX|MEXC,APT,HTX,MEXC,-35.32108999245498,-1.9042621425656252,-7.092667194347758,14.823811368782913,-56.70833870344172,-13.844428090178384,26.0,43.015660099424025,-124.63133160851798,-68.2638992035934,FLAT
2026-09-30T22:59:07.681441+00:00,1,PERP,DOT|HTX|OKX,DOT,HTX,OKX,-1.4624495122816938,0.09993880209189832,-2.655207224957783,11.934881024282177,-22.16014775765163,19.314715696432394,20.0,41.480777547515174,-86.98571808020901,-89.45070046890535,FLAT
2026-09-30T22:59:08.241324+00:00,1,PERP,ICP|BITGET|HTX,ICP,BITGET,HTX,48.40272662964162,0.9982599148559155,30.270290536372045,18.164043074780512,16.136727834887843,80.69593495934946,21.999999999999996,64.24821676928673,-106.38177947077094,-142.67386119226416,FLAT
2026-09-30T22:59:09.067583+00:00,1,PERP,DOT|HTX|MEXC,DOT,HTX,MEXC,-2.023608328395321,0.10474194928299302,-3.2699653174650862,11.899310616249306,-21.956574774334435,17.98588896146258,26.0,39.95040149714456,-90.6370109540139,-93.20625577607223,FLAT
2026-09-30T22:59:09.606021+00:00,1,PERP,AVAX|GATE|HTX,AVAX,GATE,HTX,22.184344145457224,2.617608467123191,0.3462481951559434,8.342766393287926,-7.956209575673556,52.34391832688479,20.0,60.16664614452255,-94.46910391535206,-138.1643162762514,FLAT
2026-09-30T22:59:10.198576+00:00,1,PERP,AVAX|HTX|OKX,AVAX,HTX,OKX,-22.42145436978649,-2.5399224273337366,-1.1697991391082982,8.367048931091547,-49.9309925919178,5.236644918957811,20.0,55.291208380991804,-130.0524018338013,-87.69765243905792,FLAT
2026-09-30T22:59:20.541982+00:00,2,PERP,OP|GATE|OKX,OP,GATE,OKX,2.8108982592178755,0.20765848422915367,1.4660248054589813,6.476371330317571,-9.665658143124256,15.311186191873105,20.0,24.969803029103904,-62.10148597768713,-64.81496441551802,FLAT
2026-09-30T22:59:20.848537+00:00,2,PERP,OP|BITGET|GATE,OP,BITGET,GATE,-9.089155373018798,-0.5015450111987049,-4.249984337415601,9.648527903881368,-22.429818666696022,4.261801642335694,21.999999999999996,26.715898834764005,-72.89573316404443,-63.2276848145153,FLAT
2026-09-30T22:59:21.682482+00:00,2,PERP,ICP|HTX|MEXC,ICP,HTX,MEXC,-40.500163479491036,-0.14261367347503,-37.92001204302404,18.09189381072042,-53.94066526820396,-27.027351968742508,26.0,27.02271695673442,-75.04337018191434,-69.91537703101595,FLAT
2026-09-30T22:59:22.237256+00:00,2,PERP,DOT|GATE|HTX,DOT,GATE,HTX,2.819189378178155,0.06429258980365121,1.9162198297769137,14.044690860313755,-24.4565596453028,30.13932463295177,20.0,54.58046092685992,-106.95324040193964,-108.80356573003479,FLAT
2026-09-30T22:59:22.836235+00:00,2,PERP,ICP|HTX|OKX,ICP,HTX,OKX,-40.500163479491036,-0.20125095462092613,-37.012684516280046,17.329005816543642,-53.94066526820396,-27.027351968742508,20.0,27.02271695673442,-69.95069770865834,-63.00804950427196,FLAT
2026-09-30T22:59:23.475889+00:00,2,PERP,DOT|BITGET|HTX,DOT,BITGET,HTX,4.664910689047286,0.0003800195347539236,4.660275881111016,12.19623601526522,-20.828829730858978,30.179445350735357,21.999999999999996,50.984482798649076,-104.47358841061906,-104.50365226827341,FLAT
2026-09-30T22:59:24.315944+00:00,2,PERP,APT|HTX|MEXC,APT,HTX,MEXC,-30.800789793500314,-1.599327056271027,-7.092667194347758,14.823811368782913,-52.841861064569784,-8.667571909820593,26.0,44.31057701573607,-122.0597708859581,-74.73567230026323,FLAT
2026-09-30T22:59:24.929226+00:00,2,PERP,DOT|HTX|OKX,DOT,HTX,OKX,-1.2225871872406646,0.12003639037560353,-2.655207224957783,11.934881024282177,-24.336530113215904,21.990568001524213,20.0,46.33255020394528,-94.01387309220341,-96.97832543042728,FLAT
2026-09-30T22:59:25.513801+00:00,2,PERP,ICP|BITGET|HTX,ICP,BITGET,HTX,34.01715372463254,0.2062791402131584,30.270290536372045,18.164043074780512,18.048144565343538,49.99867469879682,21.999999999999996,31.842207108416407,-72.06435307944491,-79.57059127084118,FLAT
2026-09-30T22:59:26.549753+00:00,2,PERP,DOT|HTX|MEXC,DOT,HTX,MEXC,-1.1220299305003678,0.18050922916757622,-3.2699653174650862,11.899310616249306,-24.396194193706535,22.257169962411893,26.0,46.658362886315835,-99.78459176255728,-104.18549816619282,FLAT
2026-09-30T22:59:27.315017+00:00,2,PERP,AVAX|GATE|HTX,AVAX,GATE,HTX,25.939313028753297,3.0676952496462024,0.3462481951559434,8.342766393287926,-4.467479208446479,56.36399386433677,20.0,60.674083408089665,-91.4878108116921,-142.69182907727048,FLAT
2026-09-30T22:59:27.936326+00:00,2,PERP,AVAX|HTX|OKX,AVAX,HTX,OKX,-25.680477500393817,-2.929429308128584,-1.1697991391082982,8.367048931091547,-54.24178001201207,3.037750075425283,20.0,57.42657435494343,-136.4985552278472,-87.63412356947701,FLAT
2026-09-30T23:18:54.215460+00:00,0,PERP,OP|GATE|OKX,OP,GATE,OKX,1.7224591678899337,0.028675445209707162,1.5368645759718556,6.472247965491081,-10.288313820507877,13.753986724096556,20.0,24.038142156345305,-61.86332055282503,-62.25526430447,FLAT
2026-09-30T23:18:54.466858+00:00,0,PERP,OP|BITGET|GATE,OP,BITGET,GATE,-11.142222006124136,-0.7097540646707337,-4.526026678511998,9.321813930972693,-26.750489178473114,4.487924865239634,21.999999999999996,31.27324406177074,-81.49770656173186,-68.28719560552237,FLAT
2026-09-30T23:18:55.178675+00:00,0,PERP,ICP|HTX|MEXC,ICP,HTX,MEXC,-38.098426477116696,0.019054803150684353,-38.44475955619055,18.17563143187929,-53.92450569203344,-22.226690712353616,26.0,31.818974503471072,-79.29872063931396,-80.037043347308,FLAT
2026-09-30T23:18:55.689653+00:00,0,PERP,DOT|GATE|HTX,DOT,GATE,HTX,-9.128942096766623,-0.7616946318157035,0.8253246441493179,13.068579355991094,-39.97811932458295,21.770189105358995,20.0,61.80468916037308,-128.60813312910534,-108.74955362158275,FLAT
2026-09-30T23:18:56.168267+00:00,0,PERP,ICP|HTX|OKX,ICP,HTX,OKX,-41.09854741478514,-0.20465378448198177,-37.537419560637794,17.400742738089335,-56.9203115638095,-25.23113916441444,20.0,31.819881746917854,-77.20277375008956,-70.12616214314122,FLAT
2026-09-30T23:18:56.732035+00:00,0,PERP,DOT|BITGET|HTX,DOT,BITGET,HTX,-4.96614048220434,-0.7981728225280982,3.6860673110184083,10.840018037469779,-31.84084654625274,21.93053999399952,21.999999999999996,53.798094449580226,-117.32500830685137,-100.04256713256133,FLAT
2026-09-30T23:18:57.450901+00:00,0,PERP,APT|HTX|MEXC,APT,HTX,MEXC,-31.023552932224476,-1.5984435553558827,-7.2685464292983495,14.861335843440047,-51.513200257565785,-10.451999999999684,26.0,41.18881923015586,-117.43347305842329,-70.00536565945453,FLAT
2026-09-30T23:18:57.923999+00:00,0,PERP,DOT|HTX|OKX,DOT,HTX,OKX,8.31885863699533,0.941548934729657,-1.7055581646716054,10.646729481506137,-16.516318151417188,33.26760455364841,20.0,49.74228372384941,-90.55304371059499,-110.71544644216942,FLAT
2026-09-30T23:18:58.440251+00:00,0,PERP,ICP|BITGET|HTX,ICP,BITGET,HTX,31.113124259436464,0.02869324822747915,30.591246490554788,18.18817321567242,13.230827705759118,49.0076896115621,21.999999999999996,35.66588997186748,-81.02630875666314,-82.08233309287479,FLAT
2026-09-30T23:18:59.186877+00:00,0,PERP,DOT|HTX|MEXC,DOT,HTX,MEXC,8.648408431521926,1.0317310762536607,-2.253574551258137,10.566690520136769,-14.539700252915733,31.942554343367124,26.0,46.441847892917615,-90.72797359457522,-112.63797678754288,FLAT
2026-09-30T23:18:59.660514+00:00,0,PERP,AVAX|GATE|HTX,AVAX,GATE,HTX,13.524527052437563,1.5922655266119077,0.22208809174226485,8.354409951335699,-13.583477153585877,40.65038672402821,20.0,54.160608337777084,-93.96617358310523,-120.58890697006304,FLAT
2026-09-30T23:19:00.171396+00:00,0,PERP,AVAX|HTX|OKX,AVAX,HTX,OKX,-13.438190543196837,-1.4737653810468712,-1.0710517685453342,8.391524820502065,-38.08310272019111,11.324251823319198,20.0,49.473558473318064,-112.48560942496384,-87.8688620651826,FLAT
2026-09-30T23:19:10.421216+00:00,1,PERP,OP|GATE|OKX,OP,GATE,OKX,1.1561983591423797,-0.05881514720374173,1.5368645759718556,6.472247965491081,-10.271634301499688,12.603170013603116,20.0,22.87214382828723,-60.68064270575877,-59.93844926591849,FLAT
2026-09-30T23:19:10.667584+00:00,1,PERP,OP|BITGET|GATE,OP,BITGET,GATE,-10.989882732227452,-0.6934118296696121,-4.526026678511998,9.321813930972693,-25.939261644926106,3.9792689546103155,21.999999999999996,29.95143380648299,-79.36466877289709,-66.4567294396053,FLAT
2026-09-30T23:19:11.386977+00:00,1,PERP,ICP|HTX|MEXC,ICP,HTX,MEXC,-39.592547824365276,-0.06314984282535334,-38.44475955619055,18.17563143187929,-56.90326445043637,-22.226690712353616,26.0,34.814324839300234,-85.27282973354606,-83.03239368313717,FLAT
2026-09-30T23:19:11.822123+00:00,1,PERP,DOT|GATE|HTX,DOT,GATE,HTX,-9.049079150309502,-0.7555835661610799,0.8253246441493179,13.068579355991094,-39.97811932458295,21.93053999399952,20.0,61.9646903346318,-128.76813430336406,-109.069905684482,FLAT
2026-09-30T23:19:12.313237+00:00,1,PERP,ICP|HTX|OKX,ICP,HTX,OKX,-38.86985384862318,-0.07657341459734103,-37.537419560637794,17.400742738089335,-56.90326445043637,-20.779000736179665,20.0,36.26513442029438,-81.63097931009295,-79.0235532447525,FLAT
2026-09-30T23:19:12.784299+00:00,1,PERP,DOT|BITGET|HTX,DOT,BITGET,HTX,-4.96614048220434,-0.7981728225280982,3.6860673110184083,10.840018037469779,-31.84084654625274,21.93053999399952,21.999999999999996,53.798094449580226,-117.32500830685137,-100.04256713256133,FLAT
2026-09-30T23:19:13.487117+00:00,1,PERP,APT|HTX|MEXC,APT,HTX,MEXC,-25.86195746419273,-1.2511264956778236,-7.2685464292983495,14.861335843440047,-46.36188023180665,-5.280088014495421,26.0,41.1881493733197,-112.28148317582801,-75.17660778812264,FLAT
2026-09-30T23:19:13.974094+00:00,1,PERP,DOT|HTX|OKX,DOT,HTX,OKX,8.106215284588991,0.9215762893482081,-1.7055581646716054,10.646729481506137,-17.000556042713335,33.32779771860528,20.0,50.28732785893765,-91.58232573697939,-111.32068374221456,FLAT
2026-09-30T23:19:14.420677+00:00,1,PERP,ICP|BITGET|HTX,ICP,BITGET,HTX,30.326967459290977,-0.014530268000531619,30.591246490554788,18.18817321567242,10.511628116891547,50.157616857313684,21.999999999999996,39.52611211655719,-87.60573049022042,-87.09248248331608,FLAT
2026-09-30T23:19:15.159833+00:00,1,PERP,DOT|HTX|MEXC,DOT,HTX,MEXC,7.012941556499008,0.8769553806935196,-2.253574551258137,10.566690520136769,-16.171444725462393,30.303348043638767,26.0,46.44198142130811,-92.35985159551235,-110.998904016205,FLAT
2026-09-30T23:19:15.681003+00:00,1,PERP,AVAX|GATE|HTX,AVAX,GATE,HTX,12.202075230369758,1.433971663877009,0.22208809174226485,8.354409951335699,-14.783216368835506,39.20449692109473,20.0,53.921911932022425,-94.9272163926002,-118.90432076137489,FLAT
2026-09-30T23:19:16.168160+00:00,1,PERP,AVAX|HTX|OKX,AVAX,HTX,OKX,-11.606548308784603,-1.255492507690507,-1.0710517685453342,8.391524820502065,-36.192581099372404,13.096733878870115,20.0,49.34631009863873,-110.4678394294658,-89.51409574605418,FLAT
2026-09-30T23:19:26.419430+00:00,2,PERP,OP|GATE|OKX,OP,GATE,OKX,-0.032246809362757034,-0.24243684631689733,1.5368645759718556,6.472247965491081,-11.714993003635321,11.670776654750803,20.0,23.38582748825777,-62.63768506786495,-59.51973956703672,FLAT
2026-09-30T23:19:26.659116+00:00,2,PERP,OP|BITGET|GATE,OP,BITGET,GATE,-11.01955112828401,-0.6965945145286161,-4.526026678511998,9.321813930972693,-23.52823233283563,1.4987818364575745,21.999999999999996,25.05461951312859,-72.05682516745222,-59.07942802809816,FLAT
2026-09-30T23:19:27.364577+00:00,2,PERP,ICP|HTX|MEXC,ICP,HTX,MEXC,-42.59221879324926,-0.2281879038207302,-38.44475955619055,18.17563143187929,-59.898173105719096,-25.23113916441444,26.0,34.815232082747016,-88.26864563227556,-80.02885247452312,FLAT
2026-09-30T23:19:28.305747+00:00,2,PERP,DOT|GATE|HTX,DOT,GATE,HTX,-3.2782660575902955,-0.31400434507507385,0.8253246441493179,13.068579355991094,-31.84084654625274,25.317329221328233,20.0,57.17690080742666,-115.84307199782873,-107.66890538460558,FLAT
2026-09-30T23:19:28.817740+00:00,2,PERP,ICP|HTX|OKX,ICP,HTX,OKX,-42.59221879324926,-0.29049330299831216,-37.537419560637794,17.400742738089335,-59.898173105719096,-25.23113916441444,20.0,34.815232082747016,-83.17598562782831,-73.12151247897037,FLAT
2026-09-30T23:19:29.264338+00:00,2,PERP,DOT|BITGET|HTX,DOT,BITGET,HTX,-4.96614048220434,-0.7981728225280982,3.6860673110184083,10.840018037469779,-31.84084654625274,21.93053999399952,21.999999999999996,53.798094449580226,-117.32500830685137,-100.04256713256133,FLAT
2026-09-30T23:19:29.979260+00:00,2,PERP,APT|HTX|MEXC,APT,HTX,MEXC,-27.152356331200387,-1.3379557605973196,-7.2685464292983495,14.861335843440047,-47.64971023824782,-6.573066010868711,26.0,41.18831677252606,-113.56948058147555,-73.8837971909557,FLAT
2026-09-30T23:19:30.474402+00:00,2,PERP,DOT|HTX|OKX,DOT,HTX,OKX,5.436356760319949,0.6708083395372628,-1.7055581646716054,10.646729481506137,-19.502268576971904,30.489024287168043,20.0,49.96387056386296,-93.76058097616327,-108.15845301570262,FLAT
2026-09-30T23:19:30.944562+00:00,2,PERP,ICP|BITGET|HTX,ICP,BITGET,HTX,33.7064366130857,0.17127559131923203,30.591246490554788,18.18817321567242,13.230827705759118,54.200542005420346,21.999999999999996,40.83207557239585,-86.19249435719152,-92.44137108726142,FLAT
2026-09-30T23:19:31.638335+00:00,2,PERP,DOT|HTX|MEXC,DOT,HTX,MEXC,5.3774746814738705,0.7221796851331684,-2.253574551258137,10.566690520136769,-17.803189198007942,28.66414174390819,26.0,46.44211499335138,-93.99172964010118,-109.35983128851771,FLAT
2026-09-30T23:19:32.082265+00:00,2,PERP,AVAX|GATE|HTX,AVAX,GATE,HTX,12.326330249889939,1.4488446495509182,0.22208809174226485,8.354409951335699,-14.204083640640963,38.87116445372429,20.0,53.00990242005494,-93.43607415243817,-117.65897878203697,FLAT
2026-09-30T23:19:32.572422+00:00,2,PERP,AVAX|HTX|OKX,AVAX,HTX,OKX,-11.776715940591265,-1.2757710190989353,-1.0710517685453342,8.391524820502065,-36.544067331671926,13.108749545687193,20.0,49.711079233532644,-111.18409479665924,-89.89088054776516,FLAT
2026-09-30T23:35:23.184474+00:00,0,PERP,OP|GATE|OKX,OP,GATE,OKX,-0.34395069955173163,-0.26675046674909025,1.39751552438593,6.528446773349839,-13.592646478466364,12.932440121331545,20.0,26.52597004579108,-67.51613204864339,-64.0608946427367,FLAT
2026-09-30T23:35:23.512245+00:00,0,PERP,OP|BITGET|GATE,OP,BITGET,GATE,-8.873473097139595,-0.4641605017750192,-4.547377470872807,9.320257992059105,-25.560046343432454,7.8340408841026665,21.999999999999996,33.42373255520175,-82.4364014277614,-73.80515091017722,FLAT
2026-09-30T23:35:24.244334+00:00,0,PERP,ICP|HTX|MEXC,ICP,HTX,MEXC,-40.45309939792907,-0.12165987025506862,-38.23651794371396,18.219495463605938,-62.587129601918704,-18.226958483753553,26.0,44.54015860320593,-100.89077026141067,-96.54971806316634,FLAT
2026-09-30T23:35:24.729888+00:00,0,PERP,DOT|GATE|HTX,DOT,GATE,HTX,-10.019592988396164,-0.8072563832248303,0.5976838734424635,13.152298430177408,-32.99865716086203,12.978321934005166,20.0,46.02308462358279,-105.61942565788729,-84.40372268414549,FLAT
2026-09-30T23:35:25.444969+00:00,0,PERP,ICP|HTX|OKX,ICP,HTX,OKX,-43.452511203562196,-0.3530147887742568,-37.287494608158546,17.463904605271388,-65.58032624962573,-21.232611311674532,20.0,44.54106584665272,-98.8338974881199,-86.59594914313672,FLAT
2026-09-30T23:35:25.974010+00:00,0,PERP,DOT|BITGET|HTX,DOT,BITGET,HTX,-2.374407562946157,-0.551059355959351,3.57278315980337,10.792286998550159,-25.928634674691196,21.19915799470684,21.999999999999996,47.13897744850562,-104.64039528300017,-92.76535228340909,FLAT
2026-09-30T23:35:26.702125+00:00,0,PERP,APT|HTX|MEXC,APT,HTX,MEXC,-24.268877117471497,-1.0523354120385595,-7.859208641170666,15.593572437624621,-52.841861064569784,4.464996496691409,26.0,57.44582041731676,-134.42847284071587,-101.77002555517883,FLAT
2026-09-30T23:35:27.238157+00:00,0,PERP,DOT|HTX|OKX,DOT,HTX,OKX,9.028321232991132,0.9603085478852081,-1.3753214497646487,10.833645816926952,-12.70814619194538,30.848819660882487,20.0,43.51751472824803,-80.85033947042876,-101.74165583889517,FLAT
2026-09-30T23:35:27.778674+00:00,0,PERP,ICP|BITGET|HTX,ICP,BITGET,HTX,36.08371701958157,0.3086603039005561,30.465618794816848,18.201557355346726,12.230593296078673,59.95120576791191,21.999999999999996,47.54903356046858,-93.78405905920675,-105.03462053356364,FLAT
2026-09-30T23:35:28.561694+00:00,0,PERP,DOT|HTX|MEXC,DOT,HTX,MEXC,10.820442028875998,1.179834851973579,-1.911930124738121,10.791656249445362,-8.865093806322832,30.58208017120867,26.0,39.40438986775555,-78.35755354934027,-103.89840016370235,FLAT
2026-09-30T23:35:29.143451+00:00,0,PERP,AVAX|GATE|HTX,AVAX,GATE,HTX,6.8123373942219345,0.7802942468756652,0.3107685122105068,8.332201484304179,-9.67514460695651,23.309645669806756,20.0,32.96233229659361,-68.94824541576062,-81.96120945418986,FLAT
2026-09-30T23:35:29.683358+00:00,0,PERP,AVAX|HTX|OKX,AVAX,HTX,OKX,-7.776827581155166,-0.7929598399695234,-1.147085833547137,8.360753487670745,-22.51038750649137,6.996573038287046,20.0,29.529871623350385,-76.89317329629462,-63.67353049518457,FLAT
2026-09-30T23:35:40.033446+00:00,1,PERP,OP|GATE|OKX,OP,GATE,OKX,-1.3400057979195967,-0.41932199454861535,1.39751552438593,6.528446773349839,-14.55545270523162,11.903422406502884,20.0,26.462391496220004,-68.41535972583756,-62.96829837833696,FLAT
2026-09-30T23:35:40.372726+00:00,1,PERP,OP|BITGET|GATE,OP,BITGET,GATE,-4.808906016330328,-0.028060225980905632,-4.547377470872807,9.320257992059105,-19.231303570572678,9.62462852444057,21.999999999999996,28.869811017466297,-71.55373711716616,-71.04181701277966,FLAT
2026-09-30T23:35:41.109381+00:00,1,PERP,ICP|HTX|MEXC,ICP,HTX,MEXC,-37.45368759229706,0.04296663170396981,-38.23651794371396,18.219495463605938,-59.59393295420612,-15.221305655837014,26.0,44.539251906035176,-97.89666691652732,-99.55446419391212,FLAT
2026-09-30T23:35:41.569172+00:00,1,PERP,DOT|GATE|HTX,DOT,GATE,HTX,-10.399185550397094,-0.8361176932092487,0.5976838734424635,13.152298430177408,-33.75753114341795,12.978321934005166,20.0,46.78449728778675,-107.13971230464716,-85.16513534834945,FLAT
2026-09-30T23:35:42.086638+00:00,1,PERP,ICP|HTX|OKX,ICP,HTX,OKX,-40.45309939792907,-0.18126557956661107,-37.287494608158546,17.463904605271388,-62.587129601918704,-18.226958483753553,20.0,44.54015860320593,-95.83979359696608,-89.60069472761091,FLAT
2026-09-30T23:35:42.596590+00:00,1,PERP,DOT|BITGET|HTX,DOT,BITGET,HTX,-2.200908312441907,-0.5349831294350231,3.57278315980337,10.792286998550159,-25.58177850284671,21.19915799470684,21.999999999999996,46.79122694064111,-103.94578860329119,-92.41760177554458,FLAT
2026-09-30T23:35:43.334813+00:00,1,PERP,APT|HTX|MEXC,APT,HTX,MEXC,-24.433817324353015,-1.0629128603776934,-7.859208641170666,15.593572437624621,-53.17081792812317,4.464996496691409,26.0,57.776530250908685,-135.0881395378612,-102.10073538877076,FLAT
2026-09-30T23:35:43.894070+00:00,1,PERP,DOT|HTX|OKX,DOT,HTX,OKX,7.287795935557728,0.7996493084338009,-1.3753214497646487,10.833645816926952,-13.066715607210622,27.72099597844635,20.0,40.75785628423231,-78.44925044167827,-95.8541737124433,FLAT
2026-09-30T23:35:44.388914+00:00,1,PERP,ICP|BITGET|HTX,ICP,BITGET,HTX,31.599479911157413,0.06229473084112181,30.465618794816848,18.201557355346726,6.298655076362181,56.92292424901879,21.999999999999996,50.4647929449142,-102.63175666336886,-104.92209839911614,FLAT
2026-09-30T23:35:45.110696+00:00,1,PERP,DOT|HTX|MEXC,DOT,HTX,MEXC,9.178718369817762,1.02770587185131,-1.911930124738121,10.791656249445362,-10.503656316563914,28.937183142647704,26.0,39.40452436147446,-79.99625055330026,-102.25363762886028,FLAT
2026-09-30T23:35:45.570726+00:00,1,PERP,AVAX|GATE|HTX,AVAX,GATE,HTX,7.084324488799698,0.8129371318431159,0.3107685122105068,8.332201484304179,-8.958319031348028,23.135844975956665,20.0,32.07144110245415,-67.34052864601269,-80.89651756620032,FLAT
2026-09-30T23:35:46.143693+00:00,1,PERP,AVAX|HTX|OKX,AVAX,HTX,OKX,-7.575417057128497,-0.7688698432576624,-1.147085833547137,8.360753487670745,-22.51038750649137,7.399242895740343,20.0,29.93225266476506,-77.29555433770929,-64.47858139405254,FLAT
2026-09-30T23:35:56.484824+00:00,2,PERP,OP|GATE|OKX,OP,GATE,OKX,3.901487937334469,0.38354795556734167,1.39751552438593,6.528446773349839,-9.021411956334768,16.850470871005996,20.0,25.86176659437998,-62.280694075100676,-67.31472194100004,FLAT
2026-09-30T23:35:56.832156+00:00,2,PERP,OP|BITGET|GATE,OP,BITGET,GATE,-8.832056236720565,-0.4597167556411335,-4.547377470872807,9.320257992059105,-22.254872187363883,4.601116824993756,21.999999999999996,26.87972534268438,-72.58722005917545,-64.02821963855095,FLAT
2026-09-30T23:35:57.557358+00:00,2,PERP,ICP|HTX|MEXC,ICP,HTX,MEXC,-32.08744427259713,0.33749966805611137,-38.23651794371396,18.219495463605938,-53.607539658787616,-10.480541190620585,26.0,43.265652158524205,-90.63667387359786,-103.02162891161758,FLAT
2026-09-30T23:35:58.003195+00:00,2,PERP,DOT|GATE|HTX,DOT,GATE,HTX,-16.64885175389208,-1.3112944265135498,0.5976838734424635,13.152298430177408,-41.919891887772785,8.652715298931302,20.0,50.65692672621282,-119.17450248742807,-84.71195815170165,FLAT
2026-09-30T23:35:58.532393+00:00,2,PERP,ICP|HTX|OKX,ICP,HTX,OKX,-32.08744427259713,0.2977598912211079,-37.287494608158546,17.463904605271388,-53.607539658787616,-10.480541190620585,20.0,43.265652158524205,-85.58569720915327,-96.07260557606216,FLAT
2026-09-30T23:35:59.026650+00:00,2,PERP,DOT|BITGET|HTX,DOT,BITGET,HTX,-10.399185550397094,-1.2946253849696052,3.57278315980337,10.792286998550159,-33.75753114341795,12.978321934005166,21.999999999999996,46.78449728778675,-112.11481159100808,-84.19003606198855,FLAT
2026-09-30T23:35:59.751536+00:00,2,PERP,APT|HTX|MEXC,APT,HTX,MEXC,-21.683988571022937,-0.8865691287325183,-7.859208641170666,15.593572437624621,-50.264209305322936,7.05716257947131,26.0,57.445484794359416,-131.85048545851168,-104.3618560150014,FLAT
2026-09-30T23:36:00.300195+00:00,2,PERP,DOT|HTX|OKX,DOT,HTX,OKX,15.286206253211088,1.5379428111765525,-1.3753214497646487,10.833645816926952,-5.470762651422767,36.123419517759544,20.0,41.53054291561492,-71.62598411727303,-105.0292838831391,FLAT
2026-09-30T23:36:00.792546+00:00,2,PERP,ICP|BITGET|HTX,ICP,BITGET,HTX,23.709146408357196,-0.37120298304996036,30.465618794816848,18.201557355346726,-0.4116777699636476,47.84900882864207,21.999999999999996,48.1465277806348,-107.02382434541529,-93.52991781446002,FLAT
2026-09-30T23:36:01.526780+00:00,2,PERP,DOT|HTX|MEXC,DOT,HTX,MEXC,15.745613006055148,1.6362217923407985,-1.911930124738121,10.791656249445362,-3.9494062756006976,35.51677125689379,26.0,39.40398665114408,-73.44146280200665,-108.83268803277599,FLAT
2026-09-30T23:36:01.993805+00:00,2,PERP,AVAX|GATE|HTX,AVAX,GATE,HTX,3.312673602910987,0.3602775444587283,0.3107685122105068,8.332201484304179,-11.938312507012716,18.573259905059203,20.0,30.50146525157884,-68.75054627080206,-74.76395664442754,FLAT
2026-09-30T23:36:02.832055+00:00,2,PERP,AVAX|HTX|OKX,AVAX,HTX,OKX,-3.683922476098722,-0.30342201169937044,-1.147085833547137,8.360753487670745,-16.673803905132843,9.337443805863543,20.0,26.020795460037903,-67.54751353162361,-62.505325099448584,FLAT
2026-09-30T23:51:22.634742+00:00,0,PERP,OP|GATE|OKX,OP,GATE,OKX,2.7782851268209896,0.20176517603375496,1.4724913131961157,6.471849301717046,-7.072639225982336,12.643965437790783,20.0,19.71111730997068,-54.256247849149126,-56.88259143456534,FLAT
2026-09-30T23:51:22.948936+00:00,0,PERP,OP|BITGET|GATE,OP,BITGET,GATE,-9.848221295596371,-0.5511617627506089,-4.676027870179823,9.384165910937613,-21.17621755908683,1.4885224553551346,21.999999999999996,22.68707937616144,-67.18726906506845,-56.851629701696396,FLAT
2026-09-30T23:51:23.671133+00:00,0,PERP,ICP|HTX|MEXC,ICP,HTX,MEXC,-43.3846063047616,-0.2558269468687899,-38.692043056470396,18.34272466495858,-65.75014943215885,-20.924902373085086,26.0,45.02036835871201,-104.07847473440046,-94.78750904209731,FLAT
2026-09-30T23:51:24.126008+00:00,0,PERP,DOT|GATE|HTX,DOT,GATE,HTX,-6.612980150327852,-0.5591293278065492,0.700338918673379,13.079834494983842,-34.349954133624514,21.14671043737637,20.0,55.53337938590549,-116.5836724382034,-101.97975090460848,FLAT
2026-09-30T23:51:24.633167+00:00,0,PERP,ICP|HTX|OKX,ICP,HTX,OKX,-44.523764658161994,-0.38659282695595465,-37.74316930227861,17.53937187421202,-68.0236902938669,-20.924902373085086,20.0,47.30921854375225,-103.58973953534056,-90.12748547294578,FLAT
2026-09-30T23:51:25.132032+00:00,0,PERP,DOT|BITGET|HTX,DOT,BITGET,HTX,-6.612980150327852,-0.9282892551001847,3.4474710994050133,10.837625443210694,-34.349954133624514,21.14671043737637,21.999999999999996,55.53337938590549,-121.33080461893502,-101.23261872387684,FLAT
2026-09-30T23:51:25.856934+00:00,0,PERP,APT|HTX|MEXC,APT,HTX,MEXC,-36.802846003117786,-1.8985460346846772,-7.735734343557116,15.310195870171947,-55.54120382329941,-17.996184791071457,26.0,37.683581075096384,-117.48905055483868,-59.42313062758204,FLAT
2026-09-30T23:51:26.393950+00:00,0,PERP,DOT|HTX|OKX,DOT,HTX,OKX,4.7342677630335395,0.5885056146085006,-1.5351920591697186,10.653186081111517,-21.079133885628654,30.67017742874656,20.0,51.72453351755586,-97.2684753440148,-109.92990300547214,FLAT
2026-09-30T23:51:26.963199+00:00,0,PERP,ICP|BITGET|HTX,ICP,BITGET,HTX,33.67233425533467,0.16216148804236702,30.715266758062878,18.235325372071166,8.927963743656786,58.434844918822115,21.999999999999996,49.34073276370639,-99.12803577811248,-105.06031092446563,FLAT
2026-09-30T23:51:27.702478+00:00,0,PERP,DOT|HTX|MEXC,DOT,HTX,MEXC,3.7501305913512084,0.5482296318472524,-2.060447238137629,10.598802932103785,-20.284813909773327,27.899142716374392,26.0,48.1656238517892,-98.3899905234249,-110.12521380630123,FLAT
2026-09-30T23:51:28.153094+00:00,0,PERP,AVAX|GATE|HTX,AVAX,GATE,HTX,22.926131534126704,2.6832038484795167,0.4136358939910155,8.390154796808591,-3.1773275106283805,49.04456263323587,20.0,52.102435123276976,-81.69339852789638,-126.73336186252183,FLAT
2026-09-30T23:51:28.635351+00:00,0,PERP,AVAX|HTX|OKX,AVAX,HTX,OKX,-23.399743836792773,-2.627720323471528,-1.275213190465986,8.4196672106633,-47.399426065448665,0.7114797271356998,20.0,48.22348892157584,-120.34770179655851,-76.21018183917752,FLAT
2026-09-30T23:51:38.986041+00:00,1,PERP,OP|GATE|OKX,OP,GATE,OKX,0.4945740138584398,-0.15110322471171025,1.4724913131961157,6.471849301717046,-11.145399037644221,12.157678950606154,20.0,23.301902574752216,-61.91979292559256,-59.98709021216226,FLAT
2026-09-30T23:51:39.332972+00:00,1,PERP,OP|BITGET|GATE,OP,BITGET,GATE,-10.46897762874921,-0.6173110976029822,-4.676027870179823,9.384165910937613,-26.639624588022937,5.721963958631449,21.999999999999996,32.39549058609105,-82.35908730393416,-70.79348241490231,FLAT
2026-09-30T23:51:40.069079+00:00,1,PERP,ICP|HTX|MEXC,ICP,HTX,MEXC,-43.3846063047616,-0.2558269468687899,-38.692043056470396,18.34272466495858,-65.75014943215885,-20.924902373085086,26.0,45.02036835871201,-104.07847473440046,-94.78750904209731,FLAT
2026-09-30T23:51:40.520301+00:00,1,PERP,DOT|GATE|HTX,DOT,GATE,HTX,-4.848731842505005,-0.4242462519924446,0.700338918673379,13.079834494983842,-34.349954133624514,24.687083001517784,20.0,59.06565621856287,-120.11594927086077,-109.05240030140729,FLAT
2026-09-30T23:51:41.035119+00:00,1,PERP,ICP|HTX|OKX,ICP,HTX,OKX,-43.3846063047616,-0.3216441867440841,-37.74316930227861,17.53937187421202,-65.75014943215885,-20.924902373085086,20.0,45.02036835871201,-99.02734848859225,-87.83863528790553,FLAT
2026-09-30T23:51:41.506814+00:00,1,PERP,DOT|BITGET|HTX,DOT,BITGET,HTX,-6.612980150327852,-0.9282892551001847,3.4474710994050133,10.837625443210694,-34.349954133624514,21.14671043737637,21.999999999999996,55.53337938590549,-121.33080461893502,-101.23261872387684,FLAT
2026-09-30T23:51:42.278793+00:00,1,PERP,APT|HTX|MEXC,APT,HTX,MEXC,-33.71186114723756,-1.69665541995373,-7.735734343557116,15.310195870171947,-52.95789201756662,-14.395676360487997,26.0,38.69252774255254,-115.91468541656205,-64.03258572562166,FLAT
2026-09-30T23:51:42.784043+00:00,1,PERP,DOT|HTX|OKX,DOT,HTX,OKX,7.9483772799471275,0.8902096768901424,-1.5351920591697186,10.653186081111517,-17.029367104651747,33.04466372950454,20.0,50.03398130921058,-91.52815635469261,-110.61383709788484,FLAT
2026-09-30T23:51:43.291183+00:00,1,PERP,ICP|BITGET|HTX,ICP,BITGET,HTX,33.010996289459804,0.12589462949276553,30.715266758062878,18.235325372071166,8.927963743656786,57.108506161707155,21.999999999999996,48.022012619849846,-97.80931563425594,-102.41525202349412,FLAT
2026-09-30T23:51:44.009305+00:00,1,PERP,DOT|HTX|MEXC,DOT,HTX,MEXC,7.846167167768758,0.9346918203280524,-2.060447238137629,10.598802932103785,-16.198451127819034,32.0048989981947,26.0,48.16528869023842,-94.30329257991981,-114.23063492657073,FLAT
2026-09-30T23:51:44.511678+00:00,1,PERP,AVAX|GATE|HTX,AVAX,GATE,HTX,20.753813127987186,2.424291056195182,0.4136358939910155,8.390154796808591,-5.383996885969244,46.90736973447906,20.0,52.183062126666954,-83.9806949066272,-124.676795967155,FLAT
2026-09-30T23:51:45.040669+00:00,1,PERP,AVAX|HTX|OKX,AVAX,HTX,OKX,-21.576543162439286,-2.4111796183894496,-1.275213190465986,8.4196672106633,-45.557225765089356,2.515091373163081,20.0,48.176008230925014,-118.45802080554839,-77.96631279455409,FLAT
2026-09-30T23:51:55.389163+00:00,2,PERP,OP|GATE|OKX,OP,GATE,OKX,0.5645239793161672,-0.1402948819650445,1.4724913131961157,6.471849301717046,-11.249875198162673,12.401630818636988,20.0,23.650149107687664,-62.37251561904645,-60.57928861312854,FLAT
2026-09-30T23:51:55.701288+00:00,2,PERP,OP|BITGET|GATE,OP,BITGET,GATE,-9.934158303145368,-0.5603194234702297,-4.676027870179823,9.384165910937613,-25.32955925728664,5.479169450202104,21.999999999999996,30.839354579386058,-79.49288596649288,-68.99455189976798,FLAT
2026-09-30T23:51:56.415386+00:00,2,PERP,ICP|HTX|MEXC,ICP,HTX,MEXC,-40.38968514558206,-0.0925512496164099,-38.692043056470396,18.34272466495858,-62.76150627614996,-17.9236767798141,26.0,45.01946384175879,-101.08892706143835,-97.78783011841509,FLAT
2026-09-30T23:51:56.875204+00:00,2,PERP,DOT|GATE|HTX,DOT,GATE,HTX,-10.70192737612552,-0.8717439275834648,0.700338918673379,13.079834494983842,-42.49848238044973,21.14671043737637,20.0,63.7133357460737,-132.9121570451968,-110.1597072647767,FLAT
2026-09-30T23:51:57.382957+00:00,2,PERP,ICP|HTX|OKX,ICP,HTX,OKX,-40.38968514558206,-0.15089000120891422,-37.74316930227861,17.53937187421202,-62.76150627614996,-17.9236767798141,20.0,45.01946384175879,-96.03780081563013,-90.83895636422329,FLAT
2026-09-30T23:51:57.890083+00:00,2,PERP,DOT|BITGET|HTX,DOT,BITGET,HTX,-6.612980150327852,-0.9282892551001847,3.4474710994050133,10.837625443210694,-34.349954133624514,21.14671043737637,21.999999999999996,55.53337938590549,-121.33080461893502,-101.23261872387684,FLAT
2026-09-30T23:51:58.606239+00:00,2,PERP,APT|HTX|MEXC,APT,HTX,MEXC,-28.21090463918874,-1.3373552153909622,-7.735734343557116,15.310195870171947,-52.95789201756662,-3.3501842719962927,26.0,49.74779001191734,-126.96994768592685,-86.13334008347817,FLAT
2026-09-30T23:51:59.144005+00:00,2,PERP,DOT|HTX|OKX,DOT,HTX,OKX,3.881900629314483,0.5084950781146029,-1.5351920591697186,10.653186081111517,-22.029193448761532,29.915966363680546,20.0,51.92471203995632,-98.41871342954813,-109.37587046280659,FLAT
2026-09-30T23:51:59.695993+00:00,2,PERP,ICP|BITGET|HTX,ICP,BITGET,HTX,34.518586221281566,0.20856877437699967,30.715266758062878,18.235325372071166,8.927963743656786,60.132291040289054,21.999999999999996,51.0281748460544,-100.81547786046049,-108.44519912828058,FLAT
2026-09-30T23:52:00.455250+00:00,2,PERP,DOT|HTX|MEXC,DOT,HTX,MEXC,4.569337906634718,0.6255220695434124,-2.060447238137629,10.598802932103785,-20.284813909773327,29.54144522910207,26.0,49.80322312300973,-100.02758979464542,-113.40511559024944,FLAT
2026-09-30T23:52:00.961864+00:00,2,PERP,AVAX|GATE|HTX,AVAX,GATE,HTX,21.4528264003655,2.5076045693909337,0.4136358939910155,8.390154796808591,-5.108009861291007,48.03112139593502,20.0,53.02537111306963,-84.54701686835166,-126.64285661501364,FLAT
2026-09-30T23:52:01.484564+00:00,2,PERP,AVAX|HTX|OKX,AVAX,HTX,OKX,-22.695989294999606,-2.544135720400533,-1.275213190465986,8.4196672106633,-46.54865774194161,1.2677433088037482,20.0,47.9249134118772,-119.19835796335283,-76.46786991114693,FLAT
2026-10-01T01:24:40.130752+00:00,0,PERP,OP|GATE|OKX,OP,GATE,OKX,-1.045192079983659,-0.40832508025350933,1.578951408420345,6.426603741251456,-15.078512920833065,13.019918471059988,20.0,28.101332555004998,-70.75879688425842,-65.54229961764464,FLAT
2026-10-01T01:24:40.471839+00:00,0,PERP,OP|BITGET|GATE,OP,BITGET,GATE,-12.103234846921884,-0.7699600232477523,-5.151863919836207,9.02822317678812,-32.15245330045913,7.97624700242805,21.999999999999996,40.177305015304235,-95.17789439592715,-81.30541593756848,FLAT
2026-10-01T01:24:41.210629+00:00,0,PERP,ICP|HTX|MEXC,ICP,HTX,MEXC,-25.06991198889863,0.7436935789684314,-38.52110261898049,18.08700654473829,-44.365572315883114,-5.705074316288972,26.0,38.7575390260108,-76.60200872291341,-103.57356732870231,FLAT
2026-10-01T01:24:41.667512+00:00,0,PERP,DOT|GATE|HTX,DOT,GATE,HTX,5.2892637553858535,0.3951673214632716,0.18996262657275081,12.904156927578972,-31.109523220543835,41.72292614532891,20.0,72.7939300363983,-130.09341588351487,-140.32689355515447,FLAT
2026-10-01T01:24:42.193958+00:00,0,PERP,ICP|HTX|OKX,ICP,HTX,OKX,-28.032909193119735,0.5760253429876525,-37.909765802110535,17.146566082948397,-47.32327713694029,-8.673382877527613,20.0,38.75842164198837,-74.17193297681814,-93.9948045665713,FLAT
2026-10-01T01:24:42.598002+00:00,0,PERP,DOT|BITGET|HTX,DOT,BITGET,HTX,4.531414149975266,0.11675355093816167,3.274206918101088,10.768042785611339,-31.109523220543835,40.20109421192019,21.999999999999996,71.27830669458703,-133.66203683323195,-136.20519398840614,FLAT
2026-10-01T01:24:43.475734+00:00,0,PERP,APT|HTX|MEXC,APT,HTX,MEXC,-15.28923568646201,-0.5493705959412765,-6.998767462542626,15.090848118135487,-52.49406676783197,22.190158364121526,26.0,74.7975755272398,-152.29287483252915,-135.98650135390395,FLAT
2026-10-01T01:24:43.981463+00:00,0,PERP,DOT|HTX|OKX,DOT,HTX,OKX,-2.263413863629049,-0.09330815140143575,-1.2826565114866517,10.510950409069043,-36.179718199698115,31.868204442400128,20.0,68.06264674979664,-128.9597084380081,-127.21350770368342,FLAT
2026-10-01T01:24:44.466481+00:00,0,PERP,ICP|BITGET|HTX,ICP,BITGET,HTX,14.423884186625102,-0.888063416838166,30.523476112209583,18.128876407165805,-6.757362677896062,35.618878005341244,21.999999999999996,42.315201267450945,-107.59604005755659,-75.41060316058261,FLAT
2026-10-01T01:24:45.192504+00:00,0,PERP,DOT|HTX|MEXC,DOT,HTX,MEXC,-4.9322424275966,-0.28272210044570933,-1.9756792128115508,10.457488856103039,-38.43368337349329,28.78165626263307,26.0,67.24783635179149,-135.70584051247323,-130.0051718272361,FLAT
2026-10-01T01:24:45.644074+00:00,0,PERP,AVAX|GATE|HTX,AVAX,GATE,HTX,9.489514490279571,1.0890088017877044,0.40155765703409674,8.345163802465864,-10.104785623753498,29.098351157332836,20.0,39.165964791879425,-75.67230807266701,-93.86275829217816,FLAT
2026-10-01T01:24:46.024490+00:00,0,PERP,APT|BITGET|HTX,APT,BITGET,HTX,13.86192007853726,0.489764500339016,6.44185064902103,15.15028023546019,-25.68776203838885,53.4333018221278,21.999999999999996,79.0115327539781,-139.14114544138798,-154.00298392708487,FLAT
2026-10-01T01:24:56.382693+00:00,1,PERP,OP|GATE|OKX,OP,GATE,OKX,-1.1146515097815168,-0.41913318864083804,1.578951408420345,6.426603741251456,-15.670813523454008,13.47572482435,20.0,29.149747365543902,-72.39951229741826,-67.04652078147356,FLAT
2026-10-01T01:24:56.694033+00:00,1,PERP,OP|BITGET|GATE,OP,BITGET,GATE,-12.013831580989232,-0.7600573808139108,-5.151863919836207,9.02822317678812,-29.731944454907122,5.725596108800968,21.999999999999996,35.50017706543269,-88.0802576005036,-74.37763709406985,FLAT
2026-10-01T01:24:57.427407+00:00,1,PERP,ICP|HTX|MEXC,ICP,HTX,MEXC,-25.06991198889863,0.7436935789684314,-38.52110261898049,18.08700654473829,-44.365572315883114,-5.705074316288972,26.0,38.7575390260108,-76.60200872291341,-103.57356732870231,FLAT
2026-10-01T01:24:57.883392+00:00,1,PERP,DOT|GATE|HTX,DOT,GATE,HTX,-6.516964702146799,-0.5197493618808522,0.18996262657275081,12.904156927578972,-40.68667072496424,27.692510866050846,20.0,68.42374997726311,-135.3003833288001,-121.9262982167412,FLAT
2026-10-01T01:24:58.386510+00:00,1,PERP,ICP|HTX|OKX,ICP,HTX,OKX,-28.032909193119735,0.5760253429876525,-37.909765802110535,17.146566082948397,-47.32327713694029,-8.673382877527613,20.0,38.75842164198837,-74.17193297681814,-93.9948045665713,FLAT
2026-10-01T01:24:58.940156+00:00,1,PERP,DOT|BITGET|HTX,DOT,BITGET,HTX,-0.2585607468852391,-0.32807890303955173,3.274206918101088,10.768042785611339,-32.66789992844576,32.17689393763878,21.999999999999996,64.84646002327766,-128.7885668698245,-121.74914704281535,FLAT
2026-10-01T01:24:59.684715+00:00,1,PERP,APT|HTX|MEXC,APT,HTX,MEXC,-11.78789851251305,-0.3173533397513336,-6.998767462542626,15.090848118135487,-48.04045512010191,24.725086845791555,26.0,72.85048530098965,-145.89217295854894,-136.57433960932383,FLAT
2026-10-01T01:25:00.080247+00:00,1,PERP,DOT|HTX|OKX,DOT,HTX,OKX,7.10757922810501,0.7982375915647372,-1.2826565114866517,10.510950409069043,-23.685363639771584,38.07589841090086,20.0,61.716898280405644,-110.11960540869057,-127.07545320279316,FLAT
2026-10-01T01:25:00.579037+00:00,1,PERP,ICP|BITGET|HTX,ICP,BITGET,HTX,13.063570093974075,-0.9630991808921002,30.523476112209583,18.128876407165805,-8.986757766978881,35.132150489758374,21.999999999999996,44.06134086395851,-111.57157474314697,-76.6700152415073,FLAT
2026-10-01T01:25:01.311900+00:00,1,PERP,DOT|HTX|MEXC,DOT,HTX,MEXC,2.2641016197733066,0.40543010764104254,-1.9756792128115508,10.457488856103039,-24.84473534136611,29.51848342764629,26.0,54.35052359575953,-109.2195797243141,-117.84468623621738,FLAT
2026-10-01T01:25:01.754839+00:00,1,PERP,AVAX|GATE|HTX,AVAX,GATE,HTX,3.6331168694392346,0.3872373615303109,0.40155765703409674,8.345163802465864,-15.614664467684669,22.892603188329197,20.0,38.49327903992977,-80.50950116464854,-86.98432457122487,FLAT
2026-10-01T01:25:03.788519+00:00,1,PERP,APT|BITGET|HTX,APT,BITGET,HTX,11.60468458717201,0.340774814585082,6.44185064902103,15.15028023546019,-26.141676122344304,49.36560636301213,21.999999999999996,75.41975742769635,-136.00328419906168,-146.34351314168745,FLAT
2026-10-01T01:25:14.129383+00:00,2,PERP,OP|GATE|OKX,OP,GATE,OKX,1.3455101101023104,-0.03632420913391753,1.578951408420345,6.426603741251456,-11.132434952485504,13.848348149865242,20.0,24.97739756277659,-63.688783923682436,-63.24679430422148,FLAT
2026-10-01T01:25:14.432104+00:00,2,PERP,OP|BITGET|GATE,OP,BITGET,GATE,-15.206810904253576,-1.1137237956488484,-5.151863919836207,9.02822317678812,-28.975360947424143,-1.4277102480197978,21.999999999999996,27.589601644084073,-79.413098671672,-59.31375531590048,FLAT
2026-10-01T01:25:15.166986+00:00,2,PERP,ICP|HTX|MEXC,ICP,HTX,MEXC,-19.66277849839382,1.0426448441836147,-38.52110261898049,18.08700654473829,-38.450162673766556,-0.8100029726509916,26.0,37.71420269967652,-69.64326275446258,-107.42530234600602,FLAT
2026-10-01T01:25:15.540095+00:00,2,PERP,DOT|GATE|HTX,DOT,GATE,HTX,-6.005178661575572,-0.48008880571716905,0.18996262657275081,12.904156927578972,-41.88777917828346,29.922305853598008,20.0,71.85320611170768,-139.9309479165639,-127.58554933873293,FLAT
2026-10-01T01:25:16.032600+00:00,2,PERP,ICP|HTX|OKX,ICP,HTX,OKX,-21.144200083891285,0.9777797861749101,-37.909765802110535,17.146566082948397,-41.407867494823726,-0.8100029726509916,20.0,40.68376455840729,-70.18186625112048,-103.78352738786683,FLAT
2026-10-01T01:25:16.511005+00:00,2,PERP,DOT|BITGET|HTX,DOT,BITGET,HTX,-3.7788935702587345,-0.6550030148268392,3.274206918101088,10.768042785611339,-37.452980202943294,29.922305853598008,21.999999999999996,67.40074517021587,-136.12793229126027,-122.04884410571279,FLAT
2026-10-01T01:25:17.267521+00:00,2,PERP,APT|HTX|MEXC,APT,HTX,MEXC,-10.722213043790063,-0.24673534264603533,-6.998767462542626,15.090848118135487,-46.76440849342822,25.577333503119526,26.0,72.41847511841384,-144.18411614929943,-136.994576084076,FLAT
2026-10-01T01:25:17.779792+00:00,2,PERP,DOT|HTX|OKX,DOT,HTX,OKX,6.65292215727753,0.7549820292099577,-1.2826565114866517,10.510950409069043,-25.316559662472706,38.812715474247916,20.0,64.08607439755498,-114.11997754854103,-130.18144638328954,FLAT
2026-10-01T01:25:18.329197+00:00,2,PERP,ICP|BITGET|HTX,ICP,BITGET,HTX,9.10552524316266,-1.1814273752002107,30.523476112209583,18.128876407165805,-11.440742699490025,29.664787896768186,21.999999999999996,41.068131797156404,-111.032350608856,-68.20944358171499,FLAT
2026-10-01T01:25:19.120275+00:00,2,PERP,DOT|HTX|MEXC,DOT,HTX,MEXC,4.585455338870226,0.6274101404232115,-1.9756792128115508,10.457488856103039,-25.81928370786524,35.17119110751699,26.0,60.96198383996061,-116.8055883350143,-130.10885416028916,FLAT
2026-10-01T01:25:19.566356+00:00,2,PERP,AVAX|GATE|HTX,AVAX,GATE,HTX,2.640814537209213,0.2683298894041422,0.40155765703409674,8.345163802465864,-16.52990741713434,21.82290573726764,20.0,38.342684192341025,-81.27414926650945,-85.76403227257457,FLAT
2026-10-01T01:25:20.045622+00:00,2,PERP,APT|BITGET|HTX,APT,BITGET,HTX,13.687085474485272,0.47822447590812944,6.44185064902103,15.15028023546019,-22.042073708908873,49.43377839806917,21.999999999999996,71.37815191914311,-127.86207627707302,-142.37007966819124,FLAT
2026-10-01T01:43:58.226005+00:00,0,PERP,OP|GATE|OKX,OP,GATE,OKX,-0.4889841898869651,-0.31141095870775265,1.5147811714997454,6.434472857672192,-13.71892942148234,12.769347380359175,20.0,26.489541678141013,-67.7232522711231,-63.74410788700044,FLAT
2026-10-01T01:43:58.543315+00:00,0,PERP,OP|BITGET|GATE,OP,BITGET,GATE,-15.899991720811357,-1.1941107567784848,-5.132063311957551,9.017529025451468,-30.809711626985646,-0.9776731360477964,21.999999999999996,29.87954161669113,-83.55718993171922,-62.03393179260088,FLAT
2026-10-01T01:43:59.272370+00:00,0,PERP,ICP|HTX|MEXC,ICP,HTX,MEXC,-36.64170716946913,0.08869228920254575,-38.27418903873357,18.406130723904926,-58.997050147492345,-14.192268683274056,26.0,44.9693592615355,-97.69222037029428,-101.051279616995,FLAT
2026-10-01T01:43:59.750182+00:00,0,PERP,DOT|GATE|HTX,DOT,GATE,HTX,5.428932501991834,0.37834424770885794,0.5498482324889982,12.895885953200407,-28.496917929893286,39.3824323637304,20.0,67.84250779157051,-122.8892739539528,-132.67509192281193,FLAT
2026-10-01T01:44:00.237053+00:00,0,PERP,ICP|HTX|OKX,ICP,HTX,OKX,-37.98528184114303,-0.02083001589577238,-37.621699958489145,17.454709803062332,-61.67856797620108,-14.192268683274056,20.0,47.66715488529855,-97.72402290301048,-97.09658616051362,FLAT
2026-10-01T01:44:00.626972+00:00,0,PERP,DOT|BITGET|HTX,DOT,BITGET,HTX,13.586640559473118,0.9332523462689073,3.522319787510778,10.784136586635922,-20.370183551678966,47.57116191704603,21.999999999999996,67.84914997625327,-119.74165331544302,-139.89799210578852,FLAT
2026-10-01T01:44:01.323193+00:00,0,PERP,APT|HTX|MEXC,APT,HTX,MEXC,-38.41371851806885,-2.0932260106222573,-7.140084777325886,14.9403999291248,-66.99623988842606,-9.669908928570115,26.0,57.54693635527289,-149.40309146637307,-87.01711220402866,FLAT
2026-10-01T01:44:01.937612+00:00,0,PERP,DOT|HTX|OKX,DOT,HTX,OKX,-6.885055385069672,-0.4969466160084613,-1.598240756574677,10.63859669869445,-37.68904772727177,24.101112890007048,20.0,61.832195316901924,-123.92300228759902,-113.53154896348366,FLAT
2026-10-01T01:44:03.314398+00:00,0,PERP,ICP|BITGET|HTX,ICP,BITGET,HTX,24.285215175481323,-0.33403353003859415,30.39983615177436,18.30541076396299,-0.6190364101177348,49.20866172546834,21.999999999999996,49.70697627970314,-108.72584884159524,-96.51580185339712,FLAT
2026-10-01T01:44:04.766533+00:00,0,PERP,DOT|HTX|MEXC,DOT,HTX,MEXC,-6.2402086859358885,-0.3871589009605904,-2.1565048072771464,10.547875480911207,-36.79254659090914,24.49506006374058,26.0,61.325328928894926,-127.96137071252691,-119.97689379991265,FLAT
2026-10-01T01:44:05.295180+00:00,0,PERP,AVAX|GATE|HTX,AVAX,GATE,HTX,12.000614504781293,1.3526231638177455,0.580625586969135,8.44284588885756,-9.406853049869213,33.42119377238939,20.0,42.77670812973198,-78.76418676657033,-101.61727631515224,FLAT
2026-10-01T01:44:05.661910+00:00,0,PERP,APT|BITGET|HTX,APT,BITGET,HTX,35.73789920699344,1.9390470025795723,6.494348608197469,15.081403679174564,4.15164111976285,67.34532222473888,21.999999999999996,62.968637334955176,-93.31134482338979,-151.8196109514966,FLAT
2026-10-01T01:44:15.979023+00:00,1,PERP,OP|GATE|OKX,OP,GATE,OKX,0.7545628793126369,-0.11814771916873602,1.5147811714997454,6.434472857672192,-12.398050942813432,13.936384446826544,20.0,26.332416048714276,-66.24524816302745,-64.75401932404108,FLAT
2026-10-01T01:44:16.296322+00:00,1,PERP,OP|BITGET|GATE,OP,BITGET,GATE,-9.25303815067835,-0.45699601599169565,-5.132063311957551,9.017529025451468,-27.758737303246185,9.280485796989701,21.999999999999996,37.07350645451102,-87.70018044579965,-79.48605556345828,FLAT
2026-10-01T01:44:16.998145+00:00,1,PERP,ICP|HTX|MEXC,ICP,HTX,MEXC,-36.62179998555004,0.08977384100817502,-38.27418903873357,18.406130723904926,-58.997050147492345,-14.152280545671747,26.0,45.00940397506914,-97.73226508382793,-101.13131246813097,FLAT
2026-10-01T01:44:17.455627+00:00,1,PERP,DOT|GATE|HTX,DOT,GATE,HTX,5.428932501991834,0.37834424770885794,0.5498482324889982,12.895885953200407,-28.496917929893286,39.3824323637304,20.0,67.84250779157051,-122.8892739539528,-132.67509192281193,FLAT
2026-10-01T01:44:17.986799+00:00,1,PERP,ICP|HTX|OKX,ICP,HTX,OKX,-38.099826717490345,-0.027392420979540696,-37.621699958489145,17.454709803062332,-61.94690265486691,-14.152280545671747,20.0,47.977203221189704,-98.30240591756748,-97.44662263400711,FLAT
2026-10-01T01:44:18.461360+00:00,1,PERP,DOT|BITGET|HTX,DOT,BITGET,HTX,13.586640559473118,0.9332523462689073,3.522319787510778,10.784136586635922,-20.370183551678966,47.57116191704603,21.999999999999996,67.84914997625327,-119.74165331544302,-139.89799210578852,FLAT
2026-10-01T01:44:19.165524+00:00,1,PERP,APT|HTX|MEXC,APT,HTX,MEXC,-38.05552773274768,-2.0692513655645364,-7.140084777325886,14.9403999291248,-66.28389246766453,-9.669908928570115,26.0,56.82981560404507,-147.9736232943837,-86.29999145280085,FLAT
2026-10-01T01:44:19.827708+00:00,1,PERP,DOT|HTX|OKX,DOT,HTX,OKX,-8.276227863340813,-0.6277131557760477,-1.598240756574677,10.63859669869445,-38.41707033134356,22.04508163765606,20.0,60.511694169123174,-123.33052374389206,-110.15501656335391,FLAT
2026-10-01T01:44:20.355440+00:00,1,PERP,ICP|BITGET|HTX,ICP,BITGET,HTX,28.33206858034787,-0.11295936475226265,30.39983615177436,18.30541076396299,3.303119123634346,53.380782918150956,21.999999999999996,49.93617647596859,-105.03289350410859,-100.91712324234518,FLAT
2026-10-01T01:44:21.095893+00:00,1,PERP,DOT|HTX|MEXC,DOT,HTX,MEXC,-6.5796728422296,-0.4193420791662916,-2.1565048072771464,10.547875480911207,-36.65806160714213,23.678400588380555,26.0,60.3756522905736,-126.87720909043858,-118.2105576862313,FLAT
2026-10-01T01:44:21.560729+00:00,1,PERP,AVAX|GATE|HTX,AVAX,GATE,HTX,12.170835045777206,1.372784676089403,0.580625586969135,8.44284588885756,-9.177087558964736,33.53157663835482,20.0,42.65674353079577,-78.41445667672966,-101.60769458218147,FLAT
2026-10-01T01:44:22.029140+00:00,1,PERP,APT|BITGET|HTX,APT,BITGET,HTX,34.572100778720305,1.8617466097863637,6.494348608197469,15.081403679174564,2.748127523974908,66.41781761574039,21.999999999999996,63.45032157500768,-95.19654265923023,-151.3737905825506,FLAT
2026-10-01T01:44:32.385273+00:00,2,PERP,OP|GATE|OKX,OP,GATE,OKX,4.24893678354854,0.4249230158440569,1.5147811714997454,6.434472857672192,-8.748606418910176,17.27497656897725,20.0,26.012499236813387,-62.2758868272233,-67.77269463429089,FLAT
2026-10-01T01:44:32.702577+00:00,2,PERP,OP|BITGET|GATE,OP,BITGET,GATE,-13.176233171744434,-0.8920592145678341,-5.132063311957551,9.017529025451468,-28.51504578224251,2.176735511278949,21.999999999999996,30.732268317593185,-82.11525078787814,-66.04106714082968,FLAT
2026-10-01T01:44:33.427781+00:00,2,PERP,ICP|HTX|MEXC,ICP,HTX,MEXC,-39.577853449430656,-0.0708277274703888,-38.27418903873357,18.406130723904926,-61.94690265486691,-17.114561091340352,26.0,45.01028449706327,-100.68299811319662,-98.16991244445649,FLAT
2026-10-01T01:44:33.804252+00:00,2,PERP,DOT|GATE|HTX,DOT,GATE,HTX,4.996507541947803,0.3448122390036542,0.5498482324889982,12.895885953200407,-28.496917929893286,38.51723001906393,20.0,66.98066988778821,-122.0274360501705,-130.94805167436314,FLAT
2026-10-01T01:44:34.292380+00:00,2,PERP,ICP|HTX|OKX,ICP,HTX,OKX,-42.53390691331349,-0.28142587360361165,-37.621699958489145,17.454709803062332,-64.89675516224369,-20.076841637011178,20.0,45.01116554185639,-98.28622074561095,-88.55602386333436,FLAT
2026-10-01T01:44:34.771567+00:00,2,PERP,DOT|BITGET|HTX,DOT,BITGET,HTX,13.153863031176716,0.8931214071974646,3.522319787510778,10.784136586635922,-20.370183551678966,46.70525386084145,21.999999999999996,66.98731207247097,-118.87981541166072,-138.17024614580163,FLAT
2026-10-01T01:44:35.489768+00:00,2,PERP,APT|HTX|MEXC,APT,HTX,MEXC,-38.79741250393476,-2.118907651521169,-7.140084777325886,14.9403999291248,-67.5522423281738,-9.879310028069188,26.0,57.89709582453452,-150.30925337538244,-87.15787057379121,FLAT
2026-10-01T01:44:35.984128+00:00,2,PERP,DOT|HTX|OKX,DOT,HTX,OKX,-8.275763474780984,-0.6276695044775746,-1.598240756574677,10.63859669869445,-38.41614431818186,22.04508163765606,20.0,60.510764584814936,-123.32866814642212,-110.15408697904567,FLAT
2026-10-01T01:44:36.452897+00:00,2,PERP,ICP|BITGET|HTX,ICP,BITGET,HTX,27.977349708134813,-0.13233718024009503,30.39983615177436,18.30541076396299,2.595756206751343,53.380782918150956,21.999999999999996,50.6433307020591,-106.44741064708212,-101.62427746843571,FLAT
2026-10-01T01:44:37.140673+00:00,2,PERP,DOT|HTX|MEXC,DOT,HTX,MEXC,-7.461541559241613,-0.5029483673337957,-2.1565048072771464,10.547875480911207,-37.60434545454494,22.861741113018308,26.0,60.51069818462717,-127.95853883189496,-117.52894410492262,FLAT
2026-10-01T01:44:37.620141+00:00,2,PERP,AVAX|GATE|HTX,AVAX,GATE,HTX,11.40337165600469,1.2818836458117597,0.580625586969135,8.44284588885756,-9.406853049869213,32.2238573684297,20.0,41.583288919376315,-77.57076755621466,-99.22652070083689,FLAT
2026-10-01T01:44:38.094078+00:00,2,PERP,APT|BITGET|HTX,APT,BITGET,HTX,37.58714928593587,2.061664904618492,6.494348608197469,15.081403679174564,6.078171948242783,69.11560890210167,21.999999999999996,62.8013784539568,-91.21755511391149,-153.42263874786101,FLAT
2026-10-01T01:59:51.609349+00:00,0,PERP,OP|GATE|OKX,OP,GATE,OKX,1.0762802845620811,-0.020918572382571252,1.223059296293442,7.01668398048295,-11.640880642196372,13.82046878848353,20.0,25.458580683684488,-64.3225206221743,-64.05599017587457,FLAT
2026-10-01T01:59:51.845243+00:00,0,PERP,OP|BITGET|GATE,OP,BITGET,GATE,-12.522004348316518,-0.8177692899483785,-5.1431561525077605,9.023141717971026,-30.847065675315697,5.831472252264547,21.999999999999996,36.724502351765054,-90.42841187457299,-75.69913075653736,FLAT
2026-10-01T01:59:52.802398+00:00,0,PERP,ICP|HTX|MEXC,ICP,HTX,MEXC,-46.3133374289415,-0.4190261127844043,-38.76904225744157,18.00435567456292,-65.16587677725228,-27.394763463255423,26.0,37.94674189292044,-96.34357641273115,-81.3210206871066,FLAT
2026-10-01T01:59:53.197971+00:00,0,PERP,DOT|GATE|HTX,DOT,GATE,HTX,9.513375740044516,0.7100300182305787,0.41431114903986743,12.815042121289261,-30.72864658508645,49.78832934367405,20.0,80.44043645027175,-137.58339418439806,-155.81445464490594,FLAT
2026-10-01T01:59:53.664681+00:00,0,PERP,ICP|HTX|OKX,ICP,HTX,OKX,-49.28060130211631,-0.6483984629062673,-38.15785202031648,17.15418823163949,-68.12796208530814,-30.36722404046399,20.0,37.94763083587682,-93.91774090086848,-71.73825881572931,FLAT
2026-10-01T01:59:54.152742+00:00,0,PERP,DOT|BITGET|HTX,DOT,BITGET,HTX,9.513375740044516,0.5712461738151263,3.386782704061647,10.724961175784843,-30.72864658508645,49.78832934367405,21.999999999999996,80.44043645027175,-142.55586573941986,-154.84198308988414,FLAT
2026-10-01T01:59:54.817299+00:00,0,PERP,APT|HTX|MEXC,APT,HTX,MEXC,-32.96845530477266,-1.6270839937273298,-7.795742908151642,15.471058958029131,-61.76663410911942,-4.0066107554403985,26.0,57.95061382125214,-143.92150502221995,-93.7397459739634,FLAT
2026-10-01T01:59:55.309147+00:00,0,PERP,DOT|HTX|OKX,DOT,HTX,OKX,-9.3405157911719,-0.7451956096817969,-1.4972686035322664,10.525085072614354,-45.95810706894521,27.542635423505324,20.0,73.56849979146294,-144.0293382568759,-128.60840381850053,FLAT
2026-10-01T01:59:55.703941+00:00,0,PERP,ICP|BITGET|HTX,ICP,BITGET,HTX,37.59687126508871,0.37055918919142417,30.93784436260738,17.970211228634238,15.618437418492004,59.59475566150285,21.999999999999996,43.81159176256888,-87.13099870668425,-100.46850306146436,FLAT
2026-10-01T01:59:56.382002+00:00,0,PERP,DOT|HTX|MEXC,DOT,HTX,MEXC,-7.869896991291592,-0.5539876710680945,-2.0666563763672365,10.475396688405793,-44.656010892538674,29.182999015102684,26.0,73.896201566965,-148.48555608313643,-137.14585695843493,FLAT
2026-10-01T01:59:56.764508+00:00,0,PERP,AVAX|GATE|HTX,AVAX,GATE,HTX,12.43422526105542,1.4438214624569221,0.36825376362314355,8.356969203726791,-7.418878091696168,32.299054310183095,20.0,39.66860410424781,-73.45573595956712,-97.59940465080776,FLAT
2026-10-01T01:59:57.218087+00:00,0,PERP,APT|BITGET|HTX,APT,BITGET,HTX,25.25498067208698,1.1964063819332065,7.080290841268001,15.191067270513475,-6.292029709243918,56.82182114401968,21.999999999999996,62.954852265019824,-104.32717281553174,-140.6963825677715,FLAT
2026-10-01T02:00:07.459791+00:00,1,PERP,OP|GATE|OKX,OP,GATE,OKX,3.9981665786337217,0.3955012496015635,1.223059296293442,7.01668398048295,-6.609526883561978,14.625555445741956,20.0,21.226577322737295,-55.05916350259272,-60.62907347218581,FLAT
2026-10-01T02:00:07.688822+00:00,1,PERP,OP|BITGET|GATE,OP,BITGET,GATE,-8.106715220466132,-0.32843982291178814,-5.1431561525077605,9.023141717971026,-21.258423433995198,5.055235756472598,21.999999999999996,26.33500424137721,-70.45027152286464,-64.53339615035756,FLAT
2026-10-01T02:00:08.343511+00:00,1,PERP,ICP|HTX|MEXC,ICP,HTX,MEXC,-37.411545809409304,0.0753982243280261,-38.76904225744157,18.00435567456292,-56.27962085307914,-18.477381731627496,26.0,37.94407824121023,-87.4546568368478,-90.23573876702432,FLAT
2026-10-01T02:00:08.793784+00:00,1,PERP,DOT|GATE|HTX,DOT,GATE,HTX,9.023036827824349,0.6717672558003577,0.41431114903986743,12.815042121289261,-31.67564573294035,49.78832934367405,20.0,81.39048168085667,-139.48043856283687,-156.76449987549086,FLAT
2026-10-01T02:00:09.213074+00:00,1,PERP,ICP|HTX|OKX,ICP,HTX,OKX,-44.829705492352986,-0.3889343746229167,-38.15785202031648,17.15418823163949,-65.16587677725228,-24.422302886046854,20.0,40.92692355160801,-93.93494830854381,-80.66247268587765,FLAT
2026-10-01T02:00:09.612426+00:00,1,PERP,DOT|BITGET|HTX,DOT,BITGET,HTX,13.116706781532983,0.9072223123231314,3.386782704061647,10.724961175784843,-23.524930807130584,49.78832934367405,21.999999999999996,73.2172110181839,-128.12892452937615,-147.61875765779632,FLAT
2026-10-01T02:00:10.294474+00:00,1,PERP,APT|HTX|MEXC,APT,HTX,MEXC,-20.4911357683224,-0.8205897795756338,-7.795742908151642,15.471058958029131,-49.59938954597454,8.784167733675297,26.0,58.5029585158623,-132.3066051536852,-107.08286915768925,FLAT
2026-10-01T02:00:10.708984+00:00,1,PERP,DOT|HTX|OKX,DOT,HTX,OKX,-9.864926077522984,-0.7950204123064872,-1.4972686035322664,10.525085072614354,-43.89835155709232,24.390565577392387,20.0,68.35562732685035,-136.7567102804104,-120.24346150777501,FLAT
2026-10-01T02:00:11.116625+00:00,1,PERP,ICP|BITGET|HTX,ICP,BITGET,HTX,32.07778748280488,0.06343515419457525,30.93784436260738,17.970211228634238,10.56930425486824,53.60333531864381,21.999999999999996,42.896422065935944,-91.26496217367507,-93.56191302197237,FLAT
2026-10-01T02:00:11.873101+00:00,1,PERP,DOT|HTX|MEXC,DOT,HTX,MEXC,-8.606440460825482,-0.6242994207270931,-2.0666563763672365,10.475396688405793,-41.39890505608812,24.399993110235663,26.0,65.85487997897344,-137.18712865869432,-124.32152946557635,FLAT
2026-10-01T02:00:12.335583+00:00,1,PERP,AVAX|GATE|HTX,AVAX,GATE,HTX,9.662188779220315,1.1121178969347572,0.36825376362314355,8.356969203726791,-9.052653609376016,28.38429711202073,20.0,37.40081194064025,-72.82171931363942,-91.41685528903784,FLAT
2026-10-01T02:00:12.733748+00:00,1,PERP,APT|BITGET|HTX,APT,BITGET,HTX,18.319772982997584,0.7398744236717264,7.080290841268001,15.191067270513475,-13.189128608628309,49.84662576687171,21.999999999999996,62.92048037175668,-111.189899821653,-133.6868152973604,FLAT
2026-10-01T02:00:23.010637+00:00,2,PERP,OP|GATE|OKX,OP,GATE,OKX,2.331666663353271,0.15799590948422979,1.223059296293442,7.01668398048295,-8.16360740395039,12.846540156714603,20.0,21.005231557420064,-56.3918982576639,-58.62871241784122,FLAT
2026-10-01T02:00:23.238063+00:00,2,PERP,OP|BITGET|GATE,OP,BITGET,GATE,-8.935369616068778,-0.4202763939757501,-5.1431561525077605,9.023141717971026,-22.136513586040742,4.276047617692846,21.999999999999996,26.43617891088874,-71.42953634442172,-63.85538268108934,FLAT
2026-10-01T02:00:24.013663+00:00,2,PERP,ICP|HTX|MEXC,ICP,HTX,MEXC,-31.23009011682054,0.4187293495469144,-38.76904225744157,18.00435567456292,-50.35959739490892,-12.032609342458311,26.0,38.44693763312101,-82.03749277058836,-97.18337054810426,FLAT
2026-10-01T02:00:24.418757+00:00,2,PERP,DOT|GATE|HTX,DOT,GATE,HTX,3.5700105845148933,0.24624963426632468,0.41431114903986743,12.815042121289261,-35.24523170362892,42.43116308926709,20.0,77.64864700873859,-139.30818986140739,-145.66549894896582,FLAT
2026-10-01T02:00:24.863892+00:00,2,PERP,ICP|HTX|OKX,ICP,HTX,OKX,-35.608153612248785,0.14863416290168652,-38.15785202031648,17.15418823163949,-54.74225059058146,-16.40876598275498,20.0,38.47035924914975,-81.05475781941473,-86.21944528671125,FLAT
2026-10-01T02:00:25.337294+00:00,2,PERP,DOT|BITGET|HTX,DOT,BITGET,HTX,5.395550340163702,0.187298359702925,3.386782704061647,10.724961175784843,-31.609804555384756,42.43116308926709,21.999999999999996,74.00102765237436,-136.99761491182076,-141.04540803757982,FLAT
2026-10-01T02:00:26.560883+00:00,2,PERP,APT|HTX|MEXC,APT,HTX,MEXC,-19.21326718103189,-0.7379924220995104,-7.795742908151642,15.471058958029131,-49.586776859502635,11.342323431500212,26.0,61.04584517247053,-134.83687912382152,-112.18391151212239,FLAT
2026-10-01T02:00:27.011353+00:00,2,PERP,DOT|HTX|OKX,DOT,HTX,OKX,-3.6389187340202245,-0.20348055295632758,-1.4972686035322664,10.525085072614354,-37.669782321644306,30.61670214954404,20.0,68.31060238085969,-130.48311609897172,-126.42457313393601,FLAT
2026-10-01T02:00:27.480730+00:00,2,PERP,ICP|BITGET|HTX,ICP,BITGET,HTX,22.565803657754735,-0.4658843793395372,30.93784436260738,17.970211228634238,1.5480481125162981,43.600150397598014,21.999999999999996,41.957415459285805,-99.34721170937688,-82.61972149427643,FLAT
2026-10-01T02:00:28.162813+00:00,2,PERP,DOT|HTX|MEXC,DOT,HTX,MEXC,-3.350424252894779,-0.12255076487446262,-2.0666563763672365,10.475396688405793,-36.55243643309936,30.070871062992666,26.0,66.64491462410224,-133.13069468083438,-130.78244206346216,FLAT
2026-10-01T02:00:28.556468+00:00,2,PERP,AVAX|GATE|HTX,AVAX,GATE,HTX,6.1956334823598525,0.6973077890652019,0.36825376362314355,8.356969203726791,-12.584579429045784,24.983716987956317,20.0,37.54503324160063,-76.49786643426955,-88.1604964659338,FLAT
2026-10-01T02:00:29.076300+00:00,2,PERP,APT|BITGET|HTX,APT,BITGET,HTX,16.49728907736625,0.6199036623566966,7.080290841268001,15.191067270513475,-15.156550006792946,48.16203847770373,21.999999999999996,63.21430014622528,-113.45114099428622,-132.296047782661,FLAT
2026-10-01T02:21:50.877375+00:00,0,PERP,OP|GATE|OKX,OP,GATE,OKX,-1.9829485301792182,-0.489665687753704,1.3491241010155701,6.804790930890753,-12.80543143153734,8.857302559988067,20.0,21.667015875445422,-61.821571407998334,-55.17519433441792,FLAT
2026-10-01T02:21:51.200435+00:00,0,PERP,OP|BITGET|GATE,OP,BITGET,GATE,-4.4026700180532785,0.13513416992036334,-5.592226988904421,8.802784458972639,-18.801190533493937,10.014181571418312,21.999999999999996,28.82805248372264,-70.03701602831215,-72.43446104404538,FLAT
2026-10-01T02:21:51.850642+00:00,0,PERP,ICP|HTX|MEXC,ICP,HTX,MEXC,-35.801686568845966,0.16852024326250567,-38.82392678214582,17.933989144509354,-50.35545023696963,-21.20963425513045,26.0,29.250487360370364,-72.78201081519418,-78.86477988738574,FLAT
2026-10-01T02:21:52.299403+00:00,0,PERP,DOT|GATE|HTX,DOT,GATE,HTX,8.908010096786434,0.6711077781319579,0.33758792234658525,12.770560040737111,-32.85511019871734,50.72268034581384,20.0,83.5033738592839,-142.69607198034782,-159.88846628275115,FLAT
2026-10-01T02:21:52.782409+00:00,0,PERP,ICP|HTX|OKX,ICP,HTX,OKX,-32.835709990952644,0.3213824023059236,-38.30297302409448,17.011706284831213,-47.39336492891155,-18.23975617008644,20.0,29.249601589375693,-64.33999349419277,-75.31281844338373,FLAT
2026-10-01T02:21:53.255320+00:00,0,PERP,DOT|BITGET|HTX,DOT,BITGET,HTX,15.021766499905276,1.1088072600635628,3.1984786777816994,10.66306854939406,-24.698690485295273,54.774754571904616,21.999999999999996,79.35422767327123,-135.2513968363482,-158.93050356739414,FLAT
2026-10-01T02:21:54.278559+00:00,0,PERP,APT|HTX|MEXC,APT,HTX,MEXC,-28.310913910646327,-1.3368792020233695,-7.893141905787958,15.272712728237547,-51.1705257771522,-5.348969541189019,26.0,45.951420369137566,-121.2288042405018,-80.4955927337365,FLAT
2026-10-01T02:21:54.779342+00:00,0,PERP,DOT|HTX|OKX,DOT,HTX,OKX,-15.268533392401862,-1.320658497101813,-1.387205471509229,10.510914026112903,-53.058043060728586,22.79087544406977,20.0,75.96394390278581,-153.63478149200517,-126.14202481836482,FLAT
2026-10-01T02:21:55.180929+00:00,0,PERP,ICP|BITGET|HTX,ICP,BITGET,HTX,26.97633330632554,-0.21343988651866835,30.827657729559178,18.044070796939753,9.338835162018277,44.62957453138961,21.999999999999996,35.19578701827685,-84.68460958581775,-76.99770382010728,FLAT
2026-10-01T02:21:55.893375+00:00,0,PERP,DOT|HTX|MEXC,DOT,HTX,MEXC,-13.36435972056571,-1.0958661803959477,-1.933892490793889,10.430531970282974,-49.5891264349102,23.11913049901415,26.0,72.80463503092913,-152.45986897504545,-129.85765802073718,FLAT
2026-10-01T02:21:56.353202+00:00,0,PERP,AVAX|GATE|HTX,AVAX,GATE,HTX,26.48188203657753,3.1630440397597726,0.6088937873733385,8.179774901638485,-3.9460982845618275,56.9288245735633,20.0,60.71413449672661,-91.26912656866178,-143.03406528291657,FLAT
2026-10-01T02:21:56.806925+00:00,0,PERP,APT|BITGET|HTX,APT,BITGET,HTX,35.11597536745903,1.8391134366194415,7.243158211509096,15.1555725715235,9.422510841146092,60.8235215216868,21.999999999999996,51.22113879795868,-77.04178616832168,-132.8015021081364,FLAT
2026-10-01T02:22:07.127906+00:00,1,PERP,OP|GATE|OKX,OP,GATE,OKX,0.4663509173719049,-0.12972818601028047,1.3491241010155701,6.804790930890753,-9.027945015037675,9.97366595260285,20.0,19.000715947369567,-55.37778506342282,-53.62525779895685,FLAT
2026-10-01T02:22:07.458814+00:00,1,PERP,OP|BITGET|GATE,OP,BITGET,GATE,-4.730993197622491,0.09783651926227484,-5.592226988904421,8.802784458972639,-19.458369386528005,10.015013772830539,21.999999999999996,29.487321814318488,-71.35346421194207,-73.09456257605345,FLAT
2026-10-01T02:22:08.217467+00:00,1,PERP,ICP|HTX|MEXC,ICP,HTX,MEXC,-24.359508816161892,0.8065365630274363,-38.82392678214582,17.933989144509354,-41.44464179988261,-7.220755278024571,26.0,34.30737358835409,-68.92808860609088,-97.91054509247535,FLAT
2026-10-01T02:22:08.677580+00:00,1,PERP,DOT|GATE|HTX,DOT,GATE,HTX,3.1355639214480924,0.21909579456000186,0.33758792234658525,12.770560040737111,-40.93244119522166,47.27569343274007,20.0,88.18042611835152,-155.45045523591978,-161.11853162874502,FLAT
2026-10-01T02:22:09.140463+00:00,1,PERP,ICP|HTX|OKX,ICP,HTX,OKX,-22.873632994326876,0.9069836835547439,-38.30297302409448,17.011706284831213,-41.43237644273378,-4.251132917038047,20.0,37.26637593948595,-66.39577935812525,-97.31821604654237,FLAT
2026-10-01T02:22:09.609754+00:00,1,PERP,DOT|BITGET|HTX,DOT,BITGET,HTX,7.226825910777723,0.3777849888459115,3.1984786777816994,10.66306854939406,-32.78929519456519,47.27569343274007,21.999999999999996,80.00715545567874,-143.99492932802565,-152.0843702106371,FLAT
2026-10-01T02:22:10.343080+00:00,1,PERP,APT|HTX|MEXC,APT,HTX,MEXC,-19.620905652028007,-0.7678900241838975,-7.893141905787958,15.272712728237547,-47.29643359325131,8.202845883447107,26.0,55.607991527013965,-127.01128321447732,-103.70397931624903,FLAT
2026-10-01T02:22:10.829503+00:00,1,PERP,DOT|HTX|OKX,DOT,HTX,OKX,5.698482947871231,0.6741267602205719,-1.387205471509229,10.510914026112903,-29.433978772247514,41.06971212991084,20.0,70.46272922731954,-124.50950252805782,-138.91964682873962,FLAT
2026-10-01T02:22:11.356950+00:00,1,PERP,ICP|BITGET|HTX,ICP,BITGET,HTX,27.500775103446173,-0.18437539198068534,30.827657729559178,18.044070796939753,10.517307530331088,44.5000933214601,21.999999999999996,33.889579427668686,-82.19992962689676,-75.5620150195696,FLAT
2026-10-01T02:22:12.077172+00:00,1,PERP,DOT|HTX|MEXC,DOT,HTX,MEXC,-1.9995382366999603,-0.006293614371069358,-1.933892490793889,10.430531970282974,-42.28905869459454,38.61067464938861,26.0,80.91464128778419,-153.26980749158486,-153.4592084279667,FLAT
2026-10-01T02:22:12.471561+00:00,1,PERP,AVAX|GATE|HTX,AVAX,GATE,HTX,16.949178476799442,1.9976447867963936,0.6088937873733385,8.179774901638485,-10.626965348654593,44.54480568615749,20.0,55.07841077299961,-92.31426990902753,-125.01432267178376,FLAT
2026-10-01T02:22:12.940534+00:00,1,PERP,APT|BITGET|HTX,APT,BITGET,HTX,10.412012712330831,0.20908840532860115,7.243158211509096,15.1555725715235,-25.298958989743436,46.139948205232706,21.999999999999996,71.36459825635065,-131.90671545760318,-138.26138825007425,FLAT
2026-10-01T02:22:23.279601+00:00,2,PERP,OP|GATE|OKX,OP,GATE,OKX,2.462708655592838,0.16364713712541623,1.3491241010155701,6.804790930890753,-9.499776788467473,14.447694494217345,20.0,23.94155403468944,-60.79045492417248,-63.040124427891215,FLAT
2026-10-01T02:22:23.589170+00:00,2,PERP,OP|BITGET|GATE,OP,BITGET,GATE,-8.667407458642362,-0.3493417888476667,-5.592226988904421,8.802784458972639,-24.800193833025563,7.488003807170074,21.999999999999996,32.31619154651317,-79.52415839063431,-73.39642234258767,FLAT
2026-10-01T02:22:24.314682+00:00,2,PERP,ICP|HTX|MEXC,ICP,HTX,MEXC,-30.620846210284157,0.45740412273936865,-38.82392678214582,17.933989144509354,-44.32624113475114,-16.88174814814647,26.0,27.528746950226626,-65.03106130283194,-81.47092558422597,FLAT
2026-10-01T02:22:24.761359+00:00,2,PERP,DOT|GATE|HTX,DOT,GATE,HTX,-1.4770123972129845,-0.14209246217637544,0.33758792234658525,12.770560040737111,-37.984034856646254,35.073409461663374,20.0,73.06821080243932,-137.38983358143216,-133.8040323417561,FLAT
2026-10-01T02:22:25.235083+00:00,2,PERP,ICP|HTX|OKX,ICP,HTX,OKX,-27.662134486353686,0.6255009556113064,-38.30297302409448,17.011706284831213,-41.37115839243477,-13.91939851851931,20.0,27.5278664282325,-56.596051796572795,-77.91144093380767,FLAT
2026-10-01T02:22:25.718059+00:00,2,PERP,DOT|BITGET|HTX,DOT,BITGET,HTX,0.4205389370515178,-0.2605197301191542,3.1984786777816994,10.66306854939406,-34.204089639291446,35.073409461663374,21.999999999999996,69.27457432214185,-134.677142639215,-129.14950510602353,FLAT
2026-10-01T02:22:26.381544+00:00,2,PERP,APT|HTX|MEXC,APT,HTX,MEXC,-11.879892417975269,-0.2610374845076639,-7.893141905787958,15.272712728237547,-49.681528662421925,26.20516442048304,26.0,75.9758931111594,-149.76427986779336,-142.0741994374304,FLAT
2026-10-01T02:22:26.880070+00:00,2,PERP,DOT|HTX|OKX,DOT,HTX,OKX,2.4182194721245054,0.3620451022793722,-1.387205471509229,10.510914026112903,-30.604945890018165,35.64384542225962,20.0,66.23215619065873,-121.44989660916767,-129.26320708442756,FLAT
2026-10-01T02:22:27.373370+00:00,2,PERP,ICP|BITGET|HTX,ICP,BITGET,HTX,20.93359334597311,-0.5483277301962307,30.827657729559178,18.044070796939753,4.595451258408989,37.284909641055464,21.999999999999996,32.621165252510394,-86.85337172366059,-67.07841716400668,FLAT
2026-10-01T02:22:28.143325+00:00,2,PERP,DOT|HTX|MEXC,DOT,HTX,MEXC,4.063595105687767,0.5749934532168399,-1.933892490793889,10.430531970282974,-26.82272616434944,35.13927625981683,26.0,61.936255341714016,-118.82508901526957,-131.00942409232474,FLAT
2026-10-01T02:22:28.607239+00:00,2,PERP,AVAX|GATE|HTX,AVAX,GATE,HTX,14.00208255086799,1.6373541967287963,0.6088937873733385,8.179774901638485,-10.082419000897458,38.10466460585804,20.0,48.11969922260118,-84.81101201087198,-111.61547004108589,FLAT
2026-10-01T02:22:29.071765+00:00,2,PERP,APT|BITGET|HTX,APT,BITGET,HTX,5.438263344106353,-0.11909116985748477,7.243158211509096,15.1555725715235,-33.79121107990657,44.67737535747362,21.999999999999996,78.4259351648377,-147.46030445625337,-143.86015231080222,FLAT
2026-10-01T02:59:04.463685+00:00,0,PERP,OP|GATE|OKX,OP,GATE,OKX,1.15350197933628,-0.028711497959416417,1.348876690756716,6.8047550739636575,-11.899535580625065,14.235994528040141,20.0,26.132482525583683,-65.38089479696546,-65.01960036286711,FLAT
2026-10-01T02:59:04.714081+00:00,0,PERP,OP|BITGET|GATE,OP,BITGET,GATE,-7.547163490618791,-0.24716993996581377,-5.396950443992518,8.699330699047266,-22.674434135034893,7.591833720184127,21.999999999999996,30.289123008133064,-75.56660669917544,-71.27790717230971,FLAT
2026-10-01T02:59:05.436495+00:00,0,PERP,ICP|HTX|MEXC,ICP,HTX,MEXC,-25.89229507410362,0.6975177795019479,-38.574888772268466,18.182466556222636,-35.08771929824572,-16.68258933802069,26.0,18.452897665578618,-46.965728191555876,-72.3451970998264,FLAT
2026-10-01T02:59:05.977261+00:00,0,PERP,DOT|GATE|HTX,DOT,GATE,HTX,-17.613163118661568,-1.392327276091165,0.1909101535951499,12.787276079400005,-55.68318098021496,20.49011029178649,20.0,76.30767871261261,-158.18176984642272,-122.60687885080395,FLAT
2026-10-01T02:59:06.472233+00:00,0,PERP,ICP|HTX|OKX,ICP,HTX,OKX,-25.89229507410362,0.7077258148167529,-38.095111678577894,17.242294048061357,-35.08771929824572,-16.68258933802069,20.0,18.452897665578618,-41.44550528524645,-65.86542000613582,FLAT
2026-10-01T02:59:06.937224+00:00,0,PERP,DOT|BITGET|HTX,DOT,BITGET,HTX,-9.189274867962283,-1.1612539624709157,3.1630552635348987,10.637061771753956,-46.319437103807815,27.9709766403613,21.999999999999996,74.35873183991383,-151.84122420725654,-127.16665321674023,FLAT
2026-10-01T02:59:07.584082+00:00,0,PERP,APT|HTX|MEXC,APT,HTX,MEXC,-24.900318693963364,-1.1527622030204259,-7.5367101320521375,15.062610932606681,-54.520096361101444,4.8926045918373795,26.0,59.560503909932514,-138.54389013898182,-103.98981863382204,FLAT
2026-10-01T02:59:08.016098+00:00,0,PERP,DOT|HTX|OKX,DOT,HTX,OKX,18.51315180393609,1.8797700572241458,-1.0929196930284688,10.430037132263307,-16.7615470354987,54.02235163460389,20.0,70.65232207202997,-112.3209494145002,-151.76759339966233,FLAT
2026-10-01T02:59:08.484982+00:00,0,PERP,ICP|BITGET|HTX,ICP,BITGET,HTX,20.080044137242847,-0.5987874365793616,30.86599145319952,18.012981998374197,7.90327698128257,32.26752713405779,21.999999999999996,24.315419969132467,-75.27813444104942,-53.71695564999073,FLAT
2026-10-01T02:59:09.188771+00:00,0,PERP,DOT|HTX|MEXC,DOT,HTX,MEXC,20.075106218575556,2.1024920557018247,-1.7638310130265362,10.387167538814847,-11.876692730210525,52.22937683165174,26.0,63.97699558016341,-106.08985729734741,-149.9702034248417,FLAT
2026-10-01T02:59:09.616680+00:00,0,PERP,AVAX|GATE|HTX,AVAX,GATE,HTX,8.987542220586509,1.0272329098590456,0.5904113935336568,8.174514996998184,-7.075026139431451,25.05979929990465,20.0,32.105967144642854,-65.77140467760796,-82.57535505101384,FLAT
2026-10-01T02:59:10.109390+00:00,0,PERP,APT|BITGET|HTX,APT,BITGET,HTX,22.352150416009575,1.036529444643554,6.814913060276416,14.989672928274768,-9.654421744089703,54.37665943230474,21.999999999999996,63.88827212495433,-108.35760692932044,-139.45001849698264,FLAT
2026-10-01T02:59:20.370584+00:00,1,PERP,OP|GATE|OKX,OP,GATE,OKX,3.4501939457598496,0.3088013061694447,1.348876690756716,6.8047550739636575,-8.078319545563595,14.99976515836332,20.0,23.07010585574149,-58.4973020920618,-62.720994323348094,FLAT
2026-10-01T02:59:20.616708+00:00,1,PERP,OP|BITGET|GATE,OP,BITGET,GATE,-6.974592267130486,-0.18135209221449056,-5.396950443992518,8.699330699047266,-19.956522697612833,6.017393880182187,21.999999999999996,25.992041073625035,-68.55161332724535,-65.40638539779974,FLAT
2026-10-01T02:59:21.322927+00:00,1,PERP,ICP|HTX|MEXC,ICP,HTX,MEXC,-17.113558646121298,1.1803310656332486,-38.574888772268466,18.182466556222636,-26.31578947368429,-7.897035735208169,26.0,18.450317707906695,-38.191218409322516,-81.12817074496698,FLAT
2026-10-01T02:59:21.715747+00:00,1,PERP,DOT|GATE|HTX,DOT,GATE,HTX,-18.80049398091277,-1.485179800340951,0.1909101535951499,12.787276079400005,-61.511624132177815,23.962477971781748,20.0,85.63506882043228,-173.33760310620525,-135.40663663861886,FLAT
2026-10-01T02:59:22.125105+00:00,1,PERP,ICP|HTX|OKX,ICP,HTX,OKX,-17.113558646121298,1.2168655153410786,-38.095111678577894,17.242294048061357,-26.31578947368429,-7.897035735208169,20.0,18.450317707906695,-32.67099550301309,-74.64839365127642,FLAT
2026-10-01T02:59:22.581453+00:00,1,PERP,DOT|BITGET|HTX,DOT,BITGET,HTX,-13.016299667415465,-1.5210360979489295,3.1630552635348987,10.637061771753956,-54.023222970319694,28.02382762196798,21.999999999999996,82.15397122565291,-167.3402494595075,-135.01474358408598,FLAT
2026-10-01T02:59:23.280256+00:00,1,PERP,APT|HTX|MEXC,APT,HTX,MEXC,-18.16844971717524,-0.7058364338488036,-7.5367101320521375,15.062610932606681,-49.42965779467734,13.285781915570727,26.0,62.82899617436068,-136.72194383698587,-115.65148822198356,FLAT
2026-10-01T02:59:23.771851+00:00,1,PERP,DOT|HTX|OKX,DOT,HTX,OKX,21.090010704345463,2.1268313924554803,-1.0929196930284688,10.430037132263307,-18.769075433873184,61.25209368793128,20.0,79.85161469591988,-123.5277704367646,-168.19662807687962,FLAT
2026-10-01T02:59:24.245721+00:00,1,PERP,ICP|BITGET|HTX,ICP,BITGET,HTX,13.101614362540648,-0.9861985701347082,30.86599145319952,18.012981998374197,2.040416244915022,24.170094986808444,21.999999999999996,22.100720833193396,-78.92629604147788,-43.404824366802316,FLAT
2026-10-01T02:59:24.962151+00:00,1,PERP,DOT|HTX|MEXC,DOT,HTX,MEXC,20.755159175849247,2.1679625465485803,-1.7638310130265362,10.387167538814847,-17.448614137013372,59.24934614132127,26.0,76.53800479181255,-124.22278791579939,-169.55118194616037,FLAT
2026-10-01T02:59:25.344680+00:00,1,PERP,AVAX|GATE|HTX,AVAX,GATE,HTX,4.445154008143604,0.47155612486189963,0.5904113935336568,8.174514996998184,-10.964021642139166,19.863300569591402,20.0,30.813622471405218,-68.36805550707804,-76.08651164746297,FLAT
2026-10-01T02:59:25.751799+00:00,1,PERP,APT|BITGET|HTX,APT,BITGET,HTX,17.60969772674592,0.7201481125120138,6.814913060276416,14.989672928274768,-16.642247170972624,51.88511852720179,21.999999999999996,68.40689518121243,-119.86405541246148,-141.47710064813782,FLAT
2026-10-01T02:59:36.013835+00:00,2,PERP,OP|GATE|OKX,OP,GATE,OKX,2.986443086923085,0.24065030678797286,1.348876690756716,6.8047550739636575,-7.647967689581314,13.638564558380306,20.0,21.280162313051477,-56.27700669338951,-59.56985018067507,FLAT
2026-10-01T02:59:36.261139+00:00,2,PERP,OP|BITGET|GATE,OP,BITGET,GATE,-11.40808949665284,-0.69098868184407,-5.396950443992518,8.699330699047266,-23.581076746426177,0.7743268679516468,21.999999999999996,24.383216555594743,-70.56734285802841,-58.55449386753891,FLAT
2026-10-01T02:59:36.980455+00:00,2,PERP,ICP|HTX|MEXC,ICP,HTX,MEXC,-28.81854055009736,0.5365800174582014,-38.574888772268466,18.182466556222636,-38.011695906431385,-19.61110720562487,26.0,18.453758660989177,-49.8905657951521,-69.41754022763277,FLAT
2026-10-01T02:59:37.420045+00:00,2,PERP,DOT|GATE|HTX,DOT,GATE,HTX,-18.15426731200165,-1.4346431055125526,0.1909101535951499,12.787276079400005,-55.68318098021496,19.405034140558275,20.0,75.22476787745785,-157.09885901126796,-120.43889186442098,FLAT
2026-10-01T02:59:37.925544+00:00,2,PERP,ICP|HTX|OKX,ICP,HTX,OKX,-28.81854055009736,0.5380125813086657,-38.095111678577894,17.242294048061357,-38.011695906431385,-19.61110720562487,20.0,18.453758660989177,-44.37034288884267,-62.937763133942205,FLAT
2026-10-01T02:59:38.388072+00:00,2,PERP,DOT|BITGET|HTX,DOT,BITGET,HTX,-9.403314144647013,-1.181375992527477,3.1630552635348987,10.637061771753956,-47.4757525126146,28.699977090720363,21.999999999999996,76.2474149467837,-154.8862227229332,-129.7843367739692,FLAT
2026-10-01T02:59:39.219265+00:00,2,PERP,APT|HTX|MEXC,APT,HTX,MEXC,-25.951515225894894,-1.222550670413948,-7.5367101320521375,15.062610932606681,-57.8721477320443,6.1679255102053965,26.0,64.20608056279956,-146.5415181627917,-109.91071620505708,FLAT
2026-10-01T02:59:39.627836+00:00,2,PERP,DOT|HTX|OKX,DOT,HTX,OKX,19.359137205914312,1.9608805452550395,-1.0929196930284688,10.430037132263307,-16.59627104887429,55.56049534730212,20.0,72.01651031346735,-113.51986166931317,-154.66992535379794,FLAT
2026-10-01T02:59:40.040570+00:00,2,PERP,ICP|BITGET|HTX,ICP,BITGET,HTX,21.73528173820438,-0.5068960661715673,30.86599145319952,18.012981998374197,10.371926482617422,33.10678345070484,21.999999999999996,22.685546374828036,-71.17961134541014,-52.926338372333355,FLAT
2026-10-01T02:59:40.741358+00:00,2,PERP,DOT|HTX|MEXC,DOT,HTX,MEXC,18.74843365615053,1.9747697909489454,-1.7638310130265362,10.387167538814847,-15.688985394981536,53.42141891891971,26.0,68.98027416550642,-114.90542854746141,-156.16552409745267,FLAT
2026-10-01T02:59:41.198824+00:00,2,PERP,AVAX|GATE|HTX,AVAX,GATE,HTX,4.147682207911174,0.43516597812638497,0.5904113935336568,8.174514996998184,-10.808103968371618,19.111810822047826,20.0,29.907507780544492,-67.30602314244976,-74.42890720905866,FLAT
2026-10-01T02:59:41.665623+00:00,2,PERP,APT|BITGET|HTX,APT,BITGET,HTX,22.914540365932545,1.0740479383834767,6.814913060276416,14.989672928274768,-10.752585869732156,56.59887078011572,21.999999999999996,67.19747233599998,-112.76497126600854,-144.98143005583927,FLAT
2026-10-01T03:22:29.960472+00:00,0,PERP,OP|GATE|OKX,OP,GATE,OKX,0.5609357843283647,-0.14469188283490564,1.5672233687588326,6.954692721627297,-12.48662464579442,13.637730694113781,20.0,26.122857300496857,-66.17670531505011,-64.19336462585181,FLAT
2026-10-01T03:22:30.296167+00:00,0,PERP,OP|BITGET|GATE,OP,BITGET,GATE,-6.342896860993541,-0.0721630021156468,-5.7212177594847775,8.614928471413572,-23.961875223578176,11.298256992027245,21.999999999999996,35.28249759351544,-81.52315505760883,-80.30197234502745,FLAT
2026-10-01T03:22:31.003687+00:00,0,PERP,ICP|HTX|MEXC,ICP,HTX,MEXC,-39.71756398940984,-0.026574701171868803,-39.24870937333642,17.642893255550042,-55.81668625147085,-23.571007660578847,26.0,32.37419121550942,-80.94216809364386,-80.051892928267,FLAT
2026-10-01T03:22:31.461822+00:00,0,PERP,DOT|GATE|HTX,DOT,GATE,HTX,2.998477645459463,0.19742811596919582,0.42631326601759295,13.028359040022437,-27.195040524122803,33.2164044796901,20.0,60.39332633783172,-114.01468012797213,-119.18341755150422,FLAT
2026-10-01T03:22:31.952358+00:00,0,PERP,ICP|HTX|OKX,ICP,HTX,OKX,-37.743572324400176,0.05355662005449598,-38.64192839924782,16.773950147218546,-54.81222228591931,-20.624631703005658,20.0,34.31704137762207,-76.48733526429356,-78.33433807386423,FLAT
2026-10-01T03:22:32.447453+00:00,0,PERP,DOT|BITGET|HTX,DOT,BITGET,HTX,2.998477645459463,-0.03622449599050448,3.397625281041896,11.01872157688713,-27.195040524122803,33.2164044796901,21.999999999999996,60.39332633783172,-118.98599214299642,-118.21210553647992,FLAT
2026-10-01T03:22:33.171518+00:00,0,PERP,APT|HTX|MEXC,APT,HTX,MEXC,-37.59071604779729,-1.9786196957243267,-7.704585255204961,15.104535175291332,-64.13706939218943,-10.908257467449056,26.0,53.42930850224413,-141.8617926392286,-82.22563629000004,FLAT
2026-10-01T03:22:33.636033+00:00,0,PERP,DOT|HTX|OKX,DOT,HTX,OKX,-1.4615177741261753,-0.006279026829221886,-1.394493990867434,10.6742310682318,-29.190541189240136,26.41294355653301,20.0,55.61123201499586,-109.40727921336857,-109.4186695623963,FLAT
2026-10-01T03:22:34.109780+00:00,0,PERP,ICP|BITGET|HTX,ICP,BITGET,HTX,31.817737647321653,0.02898670991858039,31.30245193787823,17.77661938491078,12.826720766963007,50.82482232722896,21.999999999999996,37.877576885465004,-84.35330805638023,-85.39994727481573,FLAT
2026-10-01T03:22:34.829600+00:00,0,PERP,DOT|HTX|MEXC,DOT,HTX,MEXC,-0.17014379994018114,0.16452307087038404,-1.907821241229855,10.561907409682776,-26.6605880931281,26.45924209758288,26.0,53.12037058161951,-109.87313743351775,-113.48743392043224,FLAT
2026-10-01T03:22:35.319694+00:00,0,PERP,AVAX|GATE|HTX,AVAX,GATE,HTX,2.9042390536626606,0.28274403586057006,0.5814447157129661,8.215184206732966,-12.327588702522041,18.14331022873983,20.0,30.46205030177238,-69.37108372000739,-74.02391581479924,FLAT
2026-10-01T03:22:35.788475+00:00,0,PERP,APT|BITGET|HTX,APT,BITGET,HTX,39.54108137241397,2.165585665387212,7.017353946612662,15.01844417684857,11.361466848005541,67.73588506674422,21.999999999999996,56.15238153750154,-79.80826863610866,-144.87091265763308,FLAT
2026-10-01T03:22:46.150125+00:00,1,PERP,OP|GATE|OKX,OP,GATE,OKX,1.724894497450169,0.022671185486171072,1.5672233687588326,6.954692721627297,-10.802053414646906,14.277877879909084,20.0,25.07557899431735,-63.44485577772309,-63.78623350546761,FLAT
2026-10-01T03:22:46.485262+00:00,1,PERP,OP|BITGET|GATE,OP,BITGET,GATE,-8.83486135950351,-0.3614241964225889,-5.7212177594847775,8.614928471413572,-23.066236217806903,5.407528494818514,21.999999999999996,28.49893886888498,-73.84395732720711,-67.62768512318827,FLAT
2026-10-01T03:22:47.194495+00:00,1,PERP,ICP|HTX|MEXC,ICP,HTX,MEXC,-42.65960576640304,-0.19332976420937273,-39.24870937333642,17.642893255550042,-58.754406580493466,-26.517383618152035,26.0,32.37506395104988,-83.88076115820692,-77.10638970623427,FLAT
2026-10-01T03:22:47.589765+00:00,1,PERP,DOT|GATE|HTX,DOT,GATE,HTX,2.998477645459463,0.19742811596919582,0.42631326601759295,13.028359040022437,-27.195040524122803,33.2164044796901,20.0,60.39332633783172,-114.01468012797213,-119.18341755150422,FLAT
2026-10-01T03:22:48.093389+00:00,1,PERP,ICP|HTX|OKX,ICP,HTX,OKX,-39.71756398940984,-0.06412535990160816,-38.64192839924782,16.773950147218546,-55.81668625147085,-23.571007660578847,20.0,32.37419121550942,-75.54894906773245,-73.44511195417839,FLAT
2026-10-01T03:22:48.613557+00:00,1,PERP,DOT|BITGET|HTX,DOT,BITGET,HTX,2.998477645459463,-0.03622449599050448,3.397625281041896,11.01872157688713,-27.195040524122803,33.2164044796901,21.999999999999996,60.39332633783172,-118.98599214299642,-118.21210553647992,FLAT
2026-10-01T03:22:49.324674+00:00,1,PERP,APT|HTX|MEXC,APT,HTX,MEXC,-41.98651655524244,-2.269644904804312,-7.704585255204961,15.104535175291332,-67.83220959147518,-16.00928733724638,26.0,52.0410908030757,-144.16871513934592,-75.73638872103427,FLAT
2026-10-01T03:22:49.835922+00:00,1,PERP,DOT|HTX|OKX,DOT,HTX,OKX,-1.2650942773140272,0.012122626231927924,-1.394493990867434,10.6742310682318,-29.476715096602433,27.09449566676847,20.0,56.57798137954093,-110.66020248527593,-111.06697103717684,FLAT
2026-10-01T03:22:50.302131+00:00,1,PERP,ICP|BITGET|HTX,ICP,BITGET,HTX,34.44912985778315,0.17701216703643283,31.30245193787823,17.77661938491078,15.752886751252415,53.160070880096114,21.999999999999996,37.278756282172154,-80.82832146879797,-87.13637522439004,FLAT
2026-10-01T03:22:50.961762+00:00,1,PERP,DOT|HTX|MEXC,DOT,HTX,MEXC,-0.9779823794264786,0.08803702075166212,-1.907821241229855,10.561907409682776,-27.466319181502776,25.649284973250364,26.0,53.12043584943002,-110.67893378970294,-112.67754206391022,FLAT
2026-10-01T03:22:51.436995+00:00,1,PERP,AVAX|GATE|HTX,AVAX,GATE,HTX,3.5099891775791647,0.35647946390125185,0.5814447157129661,8.215184206732966,-11.887013574132244,18.914766665774074,20.0,30.790970680084012,-69.25942896992922,-75.12429263014512,FLAT
2026-10-01T03:22:51.981998+00:00,1,PERP,APT|BITGET|HTX,APT,BITGET,HTX,40.62510023088217,2.237764836924784,7.017353946612662,15.01844417684857,12.639730569514729,68.62445065258794,21.999999999999996,55.75819835205908,-78.13582172915702,-145.36529505803435,FLAT
2026-10-01T03:23:02.338741+00:00,2,PERP,OP|GATE|OKX,OP,GATE,OKX,1.569216426233755,0.0002865773593022154,1.5672233687588326,6.954692721627297,-10.691640408105885,13.855162695957102,20.0,24.542926143715306,-62.80178992058002,-62.83086547091358,FLAT
2026-10-01T03:23:02.669034+00:00,2,PERP,OP|BITGET|GATE,OP,BITGET,GATE,-8.756489420158609,-0.352326971807787,-5.7212177594847775,8.614928471413572,-22.828240538130817,5.326153146048007,21.999999999999996,28.179064438815505,-73.28608721746154,-67.22643534434829,FLAT
2026-10-01T03:23:04.583506+00:00,2,PERP,ICP|HTX|MEXC,ICP,HTX,MEXC,-40.75345457628554,-0.085289027210759,-39.24870937333642,17.642893255550042,-58.754406580493466,-22.692541273585665,26.0,36.2093311403896,-87.71502834754665,-84.76549924014034,FLAT
2026-10-01T03:23:05.047457+00:00,2,PERP,DOT|GATE|HTX,DOT,GATE,HTX,-1.7106206398243007,-0.16402172363206635,0.42631326601759295,13.028359040022437,-35.17830411918111,31.784096509550608,20.0,66.97384639925438,-128.57846378445308,-124.33162964278739,FLAT
2026-10-01T03:23:05.541332+00:00,2,PERP,ICP|HTX|OKX,ICP,HTX,OKX,-36.907578729138415,0.10339542295569491,-38.64192839924782,16.773950147218546,-55.81668625147085,-17.93548483585927,20.0,38.02142455804199,-81.19618241026501,-84.72786812143053,FLAT
2026-10-01T03:23:05.967118+00:00,2,PERP,DOT|BITGET|HTX,DOT,BITGET,HTX,-1.7106206398243007,-0.4635969685976324,3.397625281041896,11.01872157688713,-35.17830411918111,31.784096509550608,21.999999999999996,66.97384639925438,-133.5497757994774,-123.3603176277631,FLAT
2026-10-01T03:23:06.698729+00:00,2,PERP,APT|HTX|MEXC,APT,HTX,MEXC,-41.92189192516405,-2.265366412991859,-7.704585255204961,15.104535175291332,-67.83220959147518,-15.879370308907736,26.0,52.171214465739745,-144.29883880200998,-75.99642941203697,FLAT
2026-10-01T03:23:07.197816+00:00,2,PERP,DOT|HTX|OKX,DOT,HTX,OKX,5.37441114385917,0.634135151418254,-1.394493990867434,10.6742310682318,-25.59817920615881,36.52996752848914,20.0,62.094235908330894,-112.29792112362226,-126.01869742768746,FLAT
2026-10-01T03:23:07.701603+00:00,2,PERP,ICP|BITGET|HTX,ICP,BITGET,HTX,33.994846793681255,0.15145707952145235,31.30245193787823,17.77661938491078,12.940526120170937,55.067555096011134,21.999999999999996,41.98429597904362,-88.34622179675091,-93.74939913717652,FLAT
2026-10-01T03:23:08.416139+00:00,2,PERP,DOT|HTX|MEXC,DOT,HTX,MEXC,5.344962493445404,0.6866926070594188,-1.907821241229855,10.561907409682776,-24.436636883200524,35.302492300210986,26.0,59.706698065962236,-114.2355137079329,-128.91701160740308,FLAT
2026-10-01T03:23:08.884874+00:00,2,PERP,AVAX|GATE|HTX,AVAX,GATE,HTX,3.4075254579812864,0.3440069840372092,0.5814447157129661,8.215184206732966,-13.75369034805729,20.577535619104026,20.0,34.31952924741874,-74.654664311189,-80.3156201508098,FLAT
2026-10-01T03:23:09.301001+00:00,2,PERP,APT|BITGET|HTX,APT,BITGET,HTX,39.241733660062565,2.145653659859445,7.017353946612662,15.01844417684857,11.231195351932843,67.26606215411657,21.999999999999996,55.81583240549082,-79.60199100017064,-144.06454061299473,FLAT
2026-10-01T04:00:13.915313+00:00,0,PERP,OP|GATE|OKX,OP,GATE,OKX,4.425700285246581,0.4199506697980238,1.5210098240409948,6.916742060686802,-8.128653611001457,17.005436778054772,20.0,25.122946092527965,-60.772609527570424,-66.60737304654174,FLAT
2026-10-01T04:00:14.163066+00:00,0,PERP,OP|BITGET|GATE,OP,BITGET,GATE,-6.192247369972703,-0.034132712729925616,-5.895776890124957,8.685816512550945,-23.16861777563073,10.807565710275746,21.999999999999996,33.99721923021278,-79.27006011571855,-78.70056183061348,FLAT
2026-10-01T04:00:14.868056+00:00,0,PERP,ICP|HTX|MEXC,ICP,HTX,MEXC,-27.843803494775887,0.6449359670141683,-39.299388680657934,17.76236056258029,-43.68083867210548,-11.960958503798302,26.0,31.808380639830478,-68.18983063127803,-91.1468108166901,FLAT
2026-10-01T04:00:15.306984+00:00,0,PERP,DOT|GATE|HTX,DOT,GATE,HTX,-10.70519911835821,-0.8387206056613083,0.06878864728844547,12.84574111202581,-41.71521027804048,20.35348767005507,20.0,62.135176719507086,-129.919175644836,-108.41987574227372,FLAT
2026-10-01T04:00:16.269680+00:00,0,PERP,ICP|HTX|OKX,ICP,HTX,OKX,-27.843803494775887,0.6451088260431559,-38.730091024535696,16.87511794952802,-43.68083867210548,-11.960958503798302,20.0,31.808380639830478,-62.75912828740026,-84.57751316056786,FLAT
2026-10-01T04:00:16.740723+00:00,0,PERP,DOT|BITGET|HTX,DOT,BITGET,HTX,-6.569479207487738,-0.9018763927612717,3.0804997350354184,10.699890827586529,-33.761308688805556,20.644086348560187,21.999999999999996,54.441151354542384,-119.28295977838336,-100.00473796806716,FLAT
2026-10-01T04:00:17.455523+00:00,0,PERP,APT|HTX|MEXC,APT,HTX,MEXC,-37.341667065922124,-1.8064798399369337,-8.574966444024612,15.924174732501744,-64.3614336193854,-10.177999999999576,26.0,54.386138355154344,-142.1726055305151,-84.78310479917938,FLAT
2026-10-01T04:00:17.865386+00:00,0,PERP,DOT|HTX|OKX,DOT,HTX,OKX,10.937330274325419,1.1538424437520567,-1.028480458747911,10.370402647143912,-14.602048239480414,36.59561726018001,20.0,51.1414542327697,-90.7150220135022,-114.76555195169763,FLAT
2026-10-01T04:00:18.314355+00:00,0,PERP,ICP|BITGET|HTX,ICP,BITGET,HTX,20.229889445981808,-0.586788396889463,30.914898540266112,18.209305349125888,1.2768771263726997,39.199895964916465,21.999999999999996,37.84644827658681,-95.48446969048022,-74.13144570123717,FLAT
2026-10-01T04:00:19.023129+00:00,0,PERP,DOT|HTX|MEXC,DOT,HTX,MEXC,13.370112455326488,1.4472488186772672,-1.5267703502206285,10.293242332139076,-11.028991863434312,37.882816257814866,26.0,48.84623631499137,-90.34845782820506,-120.25582292302687,FLAT
2026-10-01T04:00:19.460681+00:00,0,PERP,AVAX|GATE|HTX,AVAX,GATE,HTX,16.685945703456273,1.9250901808067185,0.9240550314791106,8.187611587822897,-11.531837836702419,44.92220262336977,20.0,56.359992437686444,-94.81588530586797,-126.3581400295771,FLAT
2026-10-01T04:00:19.950905+00:00,0,PERP,APT|BITGET|HTX,APT,BITGET,HTX,32.3428214707544,1.5492768466983227,7.805947896282055,15.837630070289302,2.584697577783235,62.11948089600128,21.999999999999996,59.342846039871596,-92.5640963583704,-141.6563790395908,FLAT
2026-10-01T04:00:30.224526+00:00,1,PERP,OP|GATE|OKX,OP,GATE,OKX,2.8181274344207807,0.18753303202562793,1.5210098240409948,6.916742060686802,-10.267253049808245,15.93139247626496,20.0,26.191234823373684,-63.979497697222925,-66.60161747559765,FLAT
2026-10-01T04:00:30.470711+00:00,1,PERP,OP|BITGET|GATE,OP,BITGET,GATE,-8.233141453551918,-0.26910130556516876,-5.895776890124957,8.685816512550945,-22.535208296418084,6.079901649360675,21.999999999999996,28.63868436942212,-73.27811577571524,-68.61436290890775,FLAT
2026-10-01T04:00:31.185406+00:00,1,PERP,ICP|HTX|MEXC,ICP,HTX,MEXC,-27.843803494775887,0.6449359670141683,-39.299388680657934,17.76236056258029,-43.68083867210548,-11.960958503798302,26.0,31.808380639830478,-68.18983063127803,-91.1468108166901,FLAT
2026-10-01T04:00:31.576658+00:00,1,PERP,DOT|GATE|HTX,DOT,GATE,HTX,-19.49646731022159,-1.5230928123869485,0.06878864728844547,12.84574111202581,-47.40447577804674,8.444019169329131,20.0,55.9575735605511,-129.43083798588628,-90.33280408259178,FLAT
2026-10-01T04:00:32.070105+00:00,1,PERP,ICP|HTX|OKX,ICP,HTX,OKX,-33.676326493170535,0.2994802493517688,-38.730091024535696,16.87511794952802,-49.50495049505177,-17.801917007596035,20.0,31.81009206874205,-68.58495153925813,-78.73826608568172,FLAT
2026-10-01T04:00:32.534197+00:00,1,PERP,DOT|BITGET|HTX,DOT,BITGET,HTX,-14.478705979393824,-1.6410640068549096,3.0804997350354184,10.699890827586529,-41.71521027804048,12.779552715656006,21.999999999999996,54.57377006640336,-127.36948007947925,-92.27282304702395,FLAT
2026-10-01T04:00:33.239411+00:00,1,PERP,APT|HTX|MEXC,APT,HTX,MEXC,-37.341667065922124,-1.8064798399369337,-8.574966444024612,15.924174732501744,-64.3614336193854,-10.177999999999576,26.0,54.386138355154344,-142.1726055305151,-84.78310479917938,FLAT
2026-10-01T04:00:33.720267+00:00,1,PERP,DOT|HTX|OKX,DOT,HTX,OKX,18.71986910676693,1.9042992097277616,-1.028480458747911,10.370402647143912,-4.785300660775649,42.324628185501645,20.0,47.021694320467866,-76.77851452249561,-116.37480296471743,FLAT
2026-10-01T04:00:34.176982+00:00,1,PERP,ICP|BITGET|HTX,ICP,BITGET,HTX,22.221555111998637,-0.47741213965006013,30.914898540266112,18.209305349125888,3.200544769039748,41.25986522375058,21.999999999999996,37.974926399159116,-93.68928017038547,-76.31989308264359,FLAT
2026-10-01T04:00:34.828024+00:00,1,PERP,DOT|HTX|MEXC,DOT,HTX,MEXC,19.940687677770796,2.0855875471776826,-1.5267703502206285,10.293242332139076,-1.5954052329292256,41.568027096361426,26.0,43.07734025745595,-75.14597514016454,-118.172137704038,FLAT
2026-10-01T04:00:35.317168+00:00,1,PERP,AVAX|GATE|HTX,AVAX,GATE,HTX,19.583788908370536,2.2790204050034926,0.9240550314791106,8.187611587822897,-8.577349710320314,47.76308847744603,20.0,56.23031207751232,-91.73171681931174,-129.06934552347923,FLAT
2026-10-01T04:00:35.820427+00:00,1,PERP,APT|BITGET|HTX,APT,BITGET,HTX,30.10916112304418,1.408241834654414,7.805947896282055,15.837630070289302,1.3431203524327806,58.887445964708185,21.999999999999996,57.37158198643651,-91.83440953028578,-136.45308005486265,FLAT
2026-10-01T04:00:46.122444+00:00,2,PERP,OP|GATE|OKX,OP,GATE,OKX,0.4785332897361272,-0.15071785605972912,1.5210098240409948,6.916742060686802,-11.833845654066755,12.81631952922746,20.0,24.64895946084791,-64.00381493895566,-61.944269166034374,FLAT
2026-10-01T04:00:46.366231+00:00,2,PERP,OP|BITGET|GATE,OP,BITGET,GATE,-10.392080996838304,-0.517660498608993,-5.895776890124957,8.685816512550945,-24.489969032975843,3.7166266003385573,21.999999999999996,28.235934494948104,-74.83012663779898,-65.8483379854116,FLAT
2026-10-01T04:00:47.156736+00:00,2,PERP,ICP|HTX|MEXC,ICP,HTX,MEXC,-36.592587992368976,0.15238969385585696,-39.299388680657934,17.76236056258029,-52.41700640652658,-20.722396259497124,26.0,31.810948534593525,-76.92856626046216,-82.38794095575433,FLAT
2026-10-01T04:00:47.594959+00:00,2,PERP,DOT|GATE|HTX,DOT,GATE,HTX,-10.560465837194943,-0.8274535810575062,0.06878864728844547,12.84574111202581,-41.71521027804048,20.644086348560187,20.0,62.425180742917625,-130.20917966824655,-109.00047844418937,FLAT
2026-10-01T04:00:48.076721+00:00,2,PERP,ICP|HTX|OKX,ICP,HTX,OKX,-33.676326493170535,0.2994802493517688,-38.730091024535696,16.87511794952802,-49.50495049505177,-17.801917007596035,20.0,31.81009206874205,-68.58495153925813,-78.73826608568172,FLAT
2026-10-01T04:00:48.489187+00:00,2,PERP,DOT|BITGET|HTX,DOT,BITGET,HTX,-6.569479207487738,-0.9018763927612717,3.0804997350354184,10.699890827586529,-33.761308688805556,20.644086348560187,21.999999999999996,54.441151354542384,-119.28295977838336,-100.00473796806716,FLAT
2026-10-01T04:00:49.210494+00:00,2,PERP,APT|HTX|MEXC,APT,HTX,MEXC,-42.403029018259765,-2.124321237520147,-8.574966444024612,15.924174732501744,-69.40938919737572,-15.252839725677925,26.0,54.38678392765092,-147.22120668100203,-79.7089106459976,FLAT
2026-10-01T04:00:49.674184+00:00,2,PERP,DOT|HTX|OKX,DOT,HTX,OKX,11.497295500684235,1.2078389225207027,-1.028480458747911,10.370402647143912,-13.885311839505476,36.99808140397831,20.0,50.824684128185176,-89.68151550894274,-114.8512459909114,FLAT
2026-10-01T04:00:50.124008+00:00,2,PERP,ICP|BITGET|HTX,ICP,BITGET,HTX,22.059837022421203,-0.4862932082288347,30.914898540266112,18.209305349125888,3.200544769039748,40.93567251462149,21.999999999999996,37.6520606607827,-93.36641443200907,-75.67283463513807,FLAT
2026-10-01T04:00:50.836770+00:00,2,PERP,DOT|HTX|MEXC,DOT,HTX,MEXC,15.768811727685517,1.680285134636667,-1.5267703502206285,10.293242332139076,-7.838137045310667,39.48567179733686,26.0,47.24904743626246,-85.5604141313525,-120.26148958381995,FLAT
2026-10-01T04:00:51.279635+00:00,2,PERP,AVAX|GATE|HTX,AVAX,GATE,HTX,22.135640144287372,2.590692644037413,0.9240550314791106,8.187611587822897,-5.509513516658293,49.79508469329596,20.0,55.182444643452506,-87.6160131915899,-130.05347430526933,FLAT
2026-10-01T04:00:51.684350+00:00,2,PERP,APT|BITGET|HTX,APT,BITGET,HTX,36.74181403500177,1.8270325806512,7.805947896282055,15.837630070289302,7.7486065220711,65.74856912703541,21.999999999999996,57.78763717865852,-85.84497855286946,-143.73025840941187,FLAT
2026-10-01T04:24:07.830834+00:00,0,PERP,OP|GATE|OKX,OP,GATE,OKX,0.6141915993618241,-0.17335302539234151,1.9823239002551993,7.892174352290349,-12.423750792054378,13.679746316126451,20.0,26.101864745210044,-66.50793943751962,-63.799287161081295,FLAT
2026-10-01T04:24:08.134591+00:00,0,PERP,OP|BITGET|GATE,OP,BITGET,GATE,-5.27815152192912,0.11673935674003041,-6.401046279760563,9.6188191299704,-19.687691795379216,9.142473013270536,21.999999999999996,28.84538557868998,-70.13203109430863,-72.38890487172108,FLAT
2026-10-01T04:24:09.110348+00:00,0,PERP,ICP|HTX|MEXC,ICP,HTX,MEXC,-23.372060246263928,0.8769135360987986,-38.99851778652868,17.819838441294372,-40.80234604105559,-5.885815185403542,26.0,34.99823926774005,-68.80206752226695,-100.11094186886518,FLAT
2026-10-01T04:24:09.561361+00:00,0,PERP,DOT|GATE|HTX,DOT,GATE,HTX,-12.934996017113232,-0.991106682902292,-0.15492358922550295,12.894749524302874,-37.547994033347855,11.697755609088034,20.0,49.3095235679016,-112.70259401202395,-87.16220276621515,FLAT
2026-10-01T04:24:10.085017+00:00,0,PERP,ICP|HTX|OKX,ICP,HTX,OKX,-26.310251363846902,0.7203377700655224,-38.47795270040663,16.891660887715148,-43.735835777126695,-8.828722778103648,20.0,34.99910686955829,-66.25698994627835,-90.64833679186128,FLAT
2026-10-01T04:24:10.533948+00:00,0,PERP,DOT|BITGET|HTX,DOT,BITGET,HTX,-12.934996017113232,-1.4817321418241345,2.926247208396247,10.704528016772977,-37.547994033347855,11.697755609088034,21.999999999999996,49.3095235679016,-117.7837648096457,-86.08103196859338,FLAT
2026-10-01T04:24:11.270419+00:00,0,PERP,APT|HTX|MEXC,APT,HTX,MEXC,-17.82756051744716,-0.6544436705473481,-7.96179975245761,15.075034275659293,-45.75495678698749,10.253386032232914,26.0,56.107948636766785,-125.90110567129668,-106.32313442145733,FLAT
2026-10-01T04:24:11.729596+00:00,0,PERP,DOT|HTX|OKX,DOT,HTX,OKX,13.527127848671494,1.3746139749434008,-0.82454852912787,10.440513947481357,-8.98246315620077,36.12984658701413,20.0,45.05117619268642,-79.20909081975933,-108.00557130882842,FLAT
2026-10-01T04:24:12.187655+00:00,0,PERP,ICP|BITGET|HTX,ICP,BITGET,HTX,17.526341533917744,-0.7240122030497121,30.689953693745988,18.181478301581063,-2.9420417769931984,38.012806455527404,21.999999999999996,40.88318697966954,-102.51518245040872,-76.20603974145095,FLAT
2026-10-01T04:24:12.901908+00:00,0,PERP,DOT|HTX|MEXC,DOT,HTX,MEXC,14.156677107728388,1.4913673473019669,-1.3159177276634664,10.374771087340307,-6.874304905419848,35.27466948402002,26.0,42.089210433151955,-79.64759761090833,-110.67979764483545,FLAT
2026-10-01T04:24:13.364263+00:00,0,PERP,AVAX|GATE|HTX,AVAX,GATE,HTX,7.410332309880641,0.7685214767239595,1.0803684304367152,8.236547801405875,-11.160255613901215,25.99045898382002,20.0,37.123202621786,-75.36382666612393,-88.0332931751693,FLAT
2026-10-01T04:24:13.814896+00:00,0,PERP,APT|BITGET|HTX,APT,BITGET,HTX,15.037528147654466,0.5024933852201878,7.437155718904159,15.125318366966953,-15.039506771001854,45.130352519917594,21.999999999999996,60.07951041463959,-110.5561729045456,-125.77270721565301,FLAT
2026-10-01T04:24:24.131731+00:00,1,PERP,OP|GATE|OKX,OP,GATE,OKX,2.7405812118264095,0.0960771110373607,1.9823239002551993,7.892174352290349,-10.427933087722163,15.936654695645203,20.0,26.357335533601802,-64.76759252157916,-66.3116663289918,FLAT
2026-10-01T04:24:24.431550+00:00,1,PERP,OP|BITGET|GATE,OP,BITGET,GATE,-6.026938994930786,0.038893265355632936,-6.401046279760563,9.6188191299704,-23.40482615335815,11.375110971323377,21.999999999999996,34.800894624842535,-79.80467449844011,-80.57705187592647,FLAT
2026-10-01T04:24:25.164707+00:00,1,PERP,ICP|HTX|MEXC,ICP,HTX,MEXC,-23.372060246263928,0.8769135360987986,-38.99851778652868,17.819838441294372,-40.80234604105559,-5.885815185403542,26.0,34.99823926774005,-68.80206752226695,-100.11094186886518,FLAT
2026-10-01T04:24:25.612666+00:00,1,PERP,DOT|GATE|HTX,DOT,GATE,HTX,-12.934996017113232,-0.991106682902292,-0.15492358922550295,12.894749524302874,-37.547994033347855,11.697755609088034,20.0,49.3095235679016,-112.70259401202395,-87.16220276621515,FLAT
2026-10-01T04:24:26.095279+00:00,1,PERP,ICP|HTX|OKX,ICP,HTX,OKX,-26.310251363846902,0.7203377700655224,-38.47795270040663,16.891660887715148,-43.735835777126695,-8.828722778103648,20.0,34.99910686955829,-66.25698994627835,-90.64833679186128,FLAT
2026-10-01T04:24:26.536680+00:00,1,PERP,DOT|BITGET|HTX,DOT,BITGET,HTX,-12.934996017113232,-1.4817321418241345,2.926247208396247,10.704528016772977,-37.547994033347855,11.697755609088034,21.999999999999996,49.3095235679016,-117.7837648096457,-86.08103196859338,FLAT
2026-10-01T04:24:27.312927+00:00,1,PERP,APT|HTX|MEXC,APT,HTX,MEXC,-19.489288791301185,-0.7646741511862619,-7.96179975245761,15.075034275659293,-53.35365853658458,14.602089269728502,26.0,68.08768753844164,-145.4795463225686,-122.65157656062775,FLAT
2026-10-01T04:24:27.833766+00:00,1,PERP,DOT|HTX|OKX,DOT,HTX,OKX,15.765145276900316,1.588972907797345,-0.82454852912787,10.440513947481357,-7.227259899933447,38.85267570859385,20.0,46.00720820430476,-78.40991957511034,-111.68443244202648,FLAT
2026-10-01T04:24:28.304745+00:00,1,PERP,ICP|BITGET|HTX,ICP,BITGET,HTX,19.89736944052911,-0.5936032303972968,30.689953693745988,18.181478301581063,-1.1743619888193724,40.98398693790584,21.999999999999996,42.07462623225015,-101.9389419148155,-80.36865947640999,FLAT
2026-10-01T04:24:29.004456+00:00,1,PERP,DOT|HTX|MEXC,DOT,HTX,MEXC,16.355770647042966,1.703332847147838,-1.3159177276634664,10.374771087340307,-4.889177781340903,37.68951058520598,26.0,42.50897649807952,-78.08223655175695,-113.51440481094897,FLAT
2026-10-01T04:24:29.483080+00:00,1,PERP,AVAX|GATE|HTX,AVAX,GATE,HTX,-3.133678513188576,-0.51162781364615,1.0803684304367152,8.236547801405875,-21.703954580732933,15.446648274950459,20.0,37.16224558961374,-85.9465686007834,-77.52852543412749,FLAT
2026-10-01T04:24:29.954983+00:00,1,PERP,APT|BITGET|HTX,APT,BITGET,HTX,13.014861444375914,0.3687661700829534,7.437155718904159,15.125318366966953,-23.044930705637956,49.09353245806436,21.999999999999996,72.04469305325476,-130.52677947779688,-141.70106979241496,FLAT
2026-10-01T04:24:40.280512+00:00,2,PERP,OP|GATE|OKX,OP,GATE,OKX,1.312370269990204,-0.08488834639981964,1.9823239002551993,7.892174352290349,-11.734443539748174,14.386685704963487,20.0,26.117672683917387,-65.83444012392076,-64.52203448862568,FLAT
2026-10-01T04:24:40.587710+00:00,2,PERP,OP|BITGET|GATE,OP,BITGET,GATE,-5.188845622547955,0.12602385395059804,-6.401046279760563,9.6188191299704,-22.63172689872861,12.278247616084315,21.999999999999996,34.92808136471276,-79.15876198368079,-81.60737526055763,FLAT
2026-10-01T04:24:41.296918+00:00,2,PERP,ICP|HTX|MEXC,ICP,HTX,MEXC,-23.505215219626898,0.8694412476265078,-38.99851778652868,17.819838441294372,-41.06776180697991,-5.885815185403542,26.0,35.264745290112,-69.33398931056323,-100.37744789123714,FLAT
2026-10-01T04:24:41.742256+00:00,2,PERP,DOT|GATE|HTX,DOT,GATE,HTX,-20.73068165486469,-1.5956694642931863,-0.15492358922550295,12.894749524302874,-45.53072801248725,4.089252470484972,20.0,49.72305178767535,-121.0988562109371,-79.96722784738583,FLAT
2026-10-01T04:24:42.228016+00:00,2,PERP,ICP|HTX|OKX,ICP,HTX,OKX,-26.44336712207984,0.7124572094079407,-38.47795270040663,16.891660887715148,-44.00117336462173,-8.828722778103648,20.0,35.265612891930246,-66.78883355614533,-90.91484281423322,FLAT
2026-10-01T04:24:42.669411+00:00,2,PERP,DOT|BITGET|HTX,DOT,BITGET,HTX,-16.289773943952703,-1.7951301656868264,2.926247208396247,10.704528016772977,-44.65473471655379,12.11821655754175,21.999999999999996,56.86555135840197,-132.446533283352,-94.05752070754747,FLAT
2026-10-01T04:24:43.640897+00:00,2,PERP,APT|HTX|MEXC,APT,HTX,MEXC,-16.93552573513002,-0.595270685199152,-7.96179975245761,15.075034275659293,-48.27235772357774,14.5952441518582,26.0,62.97365279546889,-135.284210766589,-117.5306966997847,FLAT
2026-10-01T04:24:44.130856+00:00,2,PERP,DOT|HTX|OKX,DOT,HTX,OKX,21.428526767419687,2.1314156954807606,-0.82454852912787,10.440513947481357,-1.1205401452984987,44.07183564556494,20.0,45.095546151507676,-71.3915377676783,-115.99193032620047,FLAT
2026-10-01T04:24:44.714377+00:00,2,PERP,ICP|BITGET|HTX,ICP,BITGET,HTX,17.660044150111798,-0.7166584216917669,30.689953693745988,18.181478301581063,-2.9420417769931984,38.2803297997647,21.999999999999996,41.149693002041495,-102.78168847278067,-76.7400691080602,FLAT
2026-10-01T04:24:45.864186+00:00,2,PERP,DOT|HTX|MEXC,DOT,HTX,MEXC,19.97047861191259,2.051746121468698,-1.3159177276634664,10.374771087340307,-1.682790477716134,41.7142457538433,26.0,43.31035466021607,-75.67722741026873,-118.34051814172284,FLAT
2026-10-01T04:24:46.302909+00:00,2,PERP,AVAX|GATE|HTX,AVAX,GATE,HTX,6.046338264971141,0.6029188386045421,1.0803684304367152,8.236547801405875,-11.345288585603575,23.447818460620162,20.0,34.7720798800626,-73.1977368961029,-83.13952991024604,FLAT
2026-10-01T04:24:46.776786+00:00,2,PERP,APT|BITGET|HTX,APT,BITGET,HTX,13.885594372049503,0.426334077517896,7.437155718904159,15.125318366966953,-18.163185792249294,45.94180704441175,21.999999999999996,64.0161018126101,-117.61644332376355,-130.5207531381177,FLAT
2026-10-01T05:01:33.526711+00:00,0,PERP,OP|GATE|OKX,OP,GATE,OKX,-1.813555560604696,-0.48362551255347963,1.5088648087846182,6.869820311685725,-15.095841078982541,11.498586512903586,20.0,26.59921798903433,-69.2039238768015,-62.58893969315329,FLAT
2026-10-01T05:01:33.788246+00:00,0,PERP,OP|BITGET|GATE,OP,BITGET,GATE,-4.982236310286936,0.11749583394694042,-5.993249537128848,8.60467297332833,-20.010966440057175,10.057966132557272,21.999999999999996,30.08391671376011,-72.10163361668843,-74.13513238344622,FLAT
2026-10-01T05:01:34.491962+00:00,0,PERP,ICP|HTX|MEXC,ICP,HTX,MEXC,-39.72925250147252,-0.02151811652052364,-39.35372833830288,17.451534980372216,-52.910052910053466,-26.517383618152035,26.0,26.49790692273091,-72.05423149448148,-71.33425164288175,FLAT
2026-10-01T05:01:34.921972+00:00,0,PERP,DOT|GATE|HTX,DOT,GATE,HTX,7.156047591156955,0.5452207880687596,0.4896104948532893,12.227041305444391,-25.576048140522055,39.92445960940394,20.0,65.4536486721311,-117.51930730750644,-130.88849778668174,FLAT
2026-10-01T05:01:35.421052+00:00,0,PERP,ICP|HTX|OKX,ICP,HTX,OKX,-36.786344908771305,0.12898699430568436,-38.91511532675535,16.50376016157956,-49.97060552616395,-23.571007660578847,20.0,26.497034187190444,-63.552524386599046,-67.84114185336695,FLAT
2026-10-01T05:01:35.905540+00:00,0,PERP,DOT|BITGET|HTX,DOT,BITGET,HTX,5.632282667273891,0.20977084400262172,3.5011129582401117,10.159513440328935,-25.576048140522055,36.865720740402175,21.999999999999996,62.40660961895397,-119.48377071771613,-123.77121740111602,FLAT
2026-10-01T05:01:36.612602+00:00,0,PERP,APT|HTX|MEXC,APT,HTX,MEXC,-33.50948232593076,-1.7015608226249097,-9.212160310516914,14.279431973481634,-55.38085952563998,-11.554745285421442,26.0,43.97330796351128,-122.14200717863434,-73.63072298860675,FLAT
2026-10-01T05:01:37.174467+00:00,0,PERP,DOT|HTX|OKX,DOT,HTX,OKX,-8.183368635047428,-0.687046872524234,-1.3251981873579195,9.982099798362158,-37.720732136666825,21.515011812003326,20.0,59.283820401676465,-121.67935435098536,-108.12403040103771,FLAT
2026-10-01T05:01:37.873763+00:00,0,PERP,DOT|HTX|MEXC,DOT,HTX,MEXC,-8.442163909687661,-0.6687110045046859,-1.8120826961743557,9.91471826970188,-35.92876154216218,19.194271334086466,26.0,55.1692003249096,-121.28587917089743,-108.17555435517043,FLAT
2026-10-01T05:01:38.307136+00:00,0,PERP,AVAX|GATE|HTX,AVAX,GATE,HTX,11.11804268629113,1.24550453413385,1.0514039010533431,8.082378272704032,-7.195773534739436,29.44218737273685,20.0,36.59726899592783,-70.8444464317206,-90.98805246761134,FLAT
2026-10-01T05:01:38.789224+00:00,0,PERP,APT|BITGET|HTX,APT,BITGET,HTX,31.06036613581331,1.561183726812734,8.461846497421227,14.475246731227815,9.10000814975609,53.033368466071096,21.999999999999996,43.79732059583397,-71.15915894349911,-116.36884256448383,FLAT
2026-10-01T05:01:39.215838+00:00,0,PERP,ARB|GATE|HTX,ARB,GATE,HTX,42.15289705156833,1.2331339780265957,26.359245779644333,12.807733428283951,16.637590684038805,67.68470571042684,20.0,50.83283456736466,-86.55448966297018,-118.15829449814717,FLAT
2026-10-01T05:01:49.471485+00:00,1,PERP,OP|GATE|OKX,OP,GATE,OKX,0.529529485215896,-0.14255617747422736,1.5088648087846182,6.869820311685725,-12.641255059766543,13.727668976246665,20.0,26.36749942133415,-66.5176192898853,-64.5863035887962,FLAT
2026-10-01T05:01:49.711277+00:00,1,PERP,OP|BITGET|GATE,OP,BITGET,GATE,-4.989761416502869,0.11662129679262223,-5.993249537128848,8.60467297332833,-22.855929575215093,12.903278308069588,21.999999999999996,35.777039579582606,-80.63971961766885,-82.67356742478104,FLAT
2026-10-01T05:01:50.409678+00:00,1,PERP,ICP|HTX|MEXC,ICP,HTX,MEXC,-42.684721813364135,-0.19087108834882616,-39.35372833830288,17.451534980372216,-58.78894767783582,-26.533018867925804,26.0,32.394132381924216,-83.82935172145716,-77.21484185230128,FLAT
2026-10-01T05:01:50.836412+00:00,1,PERP,DOT|GATE|HTX,DOT,GATE,HTX,-11.235068578538954,-0.9589138353668226,0.4896104948532893,12.227041305444391,-37.092423849348634,14.647668009670767,20.0,51.79827512543598,-115.3803094696379,-91.95633264025345,FLAT
2026-10-01T05:01:51.315129+00:00,1,PERP,ICP|HTX|OKX,ICP,HTX,OKX,-39.74094789520266,-0.05003905536447586,-38.91511532675535,16.50376016157956,-55.849500293946306,-23.58490566037763,20.0,32.39325861417279,-75.32764358136374,-73.7234682805505,FLAT
2026-10-01T05:01:51.790040+00:00,1,PERP,DOT|BITGET|HTX,DOT,BITGET,HTX,-8.368719464045826,-1.1683465445468841,3.5011129582401117,10.159513440328935,-37.092423849348634,20.39969379532769,21.999999999999996,57.54023668659203,-126.13377349418077,-102.4388175236796,FLAT
2026-10-01T05:01:52.514102+00:00,1,PERP,APT|HTX|MEXC,APT,HTX,MEXC,-33.82618005789539,-1.7237394171623375,-9.212160310516914,14.279431973481634,-54.53379607387565,-13.03742403772401,26.0,41.63705563299365,-118.95869139635238,-69.81179190578655,FLAT
2026-10-01T05:01:53.084264+00:00,1,PERP,DOT|HTX|OKX,DOT,HTX,OKX,4.534343100004445,0.5870048793064347,-1.3251981873579195,9.982099798362158,-17.57131817420654,26.733015101347846,20.0,44.28405810126154,-86.53017808811015,-98.3422713899673,FLAT
2026-10-01T05:01:53.782230+00:00,1,PERP,DOT|HTX|MEXC,DOT,HTX,MEXC,8.573821297721551,1.04752386415597,-1.8120826961743557,9.91471826970188,-12.726053393374848,29.96301687797631,26.0,42.652314048065904,-85.5662847452664,-106.42741362221656,FLAT
2026-10-01T05:01:54.217646+00:00,1,PERP,AVAX|GATE|HTX,AVAX,GATE,HTX,13.415665961760137,1.529780176518541,1.0514039010533431,8.082378272704032,-9.520033744263579,36.36754716198398,20.0,45.82609643989469,-82.3975340852116,-107.14223970082531,FLAT
2026-10-01T05:01:54.689670+00:00,1,PERP,APT|BITGET|HTX,APT,BITGET,HTX,32.66806431006852,1.672249065048861,8.461846497421227,14.475246731227815,10.533536711858638,54.813726090061635,21.999999999999996,44.13600280074284,-70.06431258630542,-118.48788239338325,FLAT
2026-10-01T05:01:55.143895+00:00,1,PERP,ARB|GATE|HTX,ARB,GATE,HTX,46.33813080385352,1.5599079365665767,26.359245779644333,12.807733428283951,17.454231283262622,75.25756328749189,20.0,57.53669586743268,-92.4417103638144,-132.43501337528025,FLAT
2026-10-01T05:02:05.419893+00:00,2,PERP,OP|GATE|OKX,OP,GATE,OKX,0.16368743826600252,-0.19580968780659916,1.5088648087846182,6.869820311685725,-13.194203517813419,13.54922745999021,20.0,26.742964643698244,-67.44603297029629,-64.78332729490384,FLAT
2026-10-01T05:02:05.711166+00:00,2,PERP,OP|BITGET|GATE,OP,BITGET,GATE,-3.3975631438043497,0.3016600864867585,-5.993249537128848,8.60467297332833,-21.320828907656075,14.553108225192624,21.999999999999996,35.88610872859771,-79.21368809912494,-84.43246649091918,FLAT
2026-10-01T05:02:06.444577+00:00,2,PERP,ICP|HTX|MEXC,ICP,HTX,MEXC,-44.16310908287979,-0.27558497003192184,-39.35372833830288,17.451534980372216,-61.72839506172978,-26.540843409021964,26.0,35.34354747895825,-89.71821420238514,-80.15643240823916,FLAT
2026-10-01T05:02:06.892278+00:00,2,PERP,DOT|GATE|HTX,DOT,GATE,HTX,-4.284789710805592,-0.3904787827561326,0.4896104948532893,12.227041305444391,-29.35992857435732,20.8105547440951,20.0,50.191981389422565,-106.04152045863317,-96.51292563866437,FLAT
2026-10-01T05:02:07.363783+00:00,2,PERP,ICP|HTX|OKX,ICP,HTX,OKX,-44.16310908287979,-0.31798776186421285,-38.91511532675535,16.50376016157956,-61.72839506172978,-26.540843409021964,20.0,35.34354747895825,-84.15682721393267,-73.71781939669164,FLAT
2026-10-01T05:02:07.923745+00:00,2,PERP,DOT|BITGET|HTX,DOT,BITGET,HTX,-4.284789710805592,-0.7663657039065466,3.5011129582401117,10.159513440328935,-29.35992857435732,20.8105547440951,21.999999999999996,50.191981389422565,-111.05302292202,-95.50142317527755,FLAT
2026-10-01T05:02:08.643950+00:00,2,PERP,APT|HTX|MEXC,APT,HTX,MEXC,-33.54048071383509,-1.7037316644316352,-9.212160310516914,14.279431973481634,-61.087596812836594,-5.844313050136218,26.0,55.42879244197844,-139.3042289442981,-90.79663970235913,FLAT
2026-10-01T05:02:09.176867+00:00,2,PERP,DOT|HTX|OKX,DOT,HTX,OKX,2.0071116549891244,0.3338285440598182,-1.3251981873579195,9.982099798362158,-21.06952489842051,25.18119201449842,20.0,46.24123048115355,-91.98555719221613,-98.7476206830099,FLAT
2026-10-01T05:02:09.878722+00:00,2,PERP,DOT|HTX|MEXC,DOT,HTX,MEXC,3.077892655183323,0.4932036612982562,-1.8120826961743557,9.91471826970188,-18.354951752975744,24.601239764194816,26.0,42.94278351281154,-91.48565256961291,-101.3561059731807,FLAT
2026-10-01T05:02:10.328638+00:00,2,PERP,AVAX|GATE|HTX,AVAX,GATE,HTX,14.657245168971933,1.6833957541765283,1.0514039010533431,8.082378272704032,-9.190066213314863,38.51787807864993,20.0,47.63811621730431,-83.87958633167253,-111.1045903949009,FLAT
2026-10-01T05:02:10.796403+00:00,2,PERP,APT|BITGET|HTX,APT,BITGET,HTX,30.93240031718958,1.55234340643687,8.461846497421227,14.475246731227815,1.1708708786195565,60.709986363032264,21.999999999999996,59.355510313636415,-94.64648593243808,-139.60365017924744,FLAT
2026-10-01T05:02:11.227210+00:00,2,PERP,ARB|GATE|HTX,ARB,GATE,HTX,41.946427994301594,1.217013322609863,26.359245779644333,12.807733428283951,17.965366096137636,65.95274664326523,20.0,47.78691820163581,-82.18079788514251,-113.38041906525672,FLAT
2026-10-01T05:24:01.490505+00:00,0,PERP,OP|GATE|OKX,OP,GATE,OKX,-1.8433648728644059,-0.44017199249794686,1.3083232997577094,7.160128827680503,-14.128001246771493,10.46884688475247,20.0,24.601352143757396,-66.0376766902866,-59.76187572875216,FLAT
2026-10-01T05:24:01.787953+00:00,0,PERP,OP|BITGET|GATE,OP,BITGET,GATE,-6.9588347568105835,-0.1299841827447186,-5.834434441308091,8.650285686765052,-21.957350892783943,8.051095775003514,21.999999999999996,30.029339247029352,-74.1522556985052,-71.91486946334095,FLAT
2026-10-01T05:24:03.441816+00:00,0,PERP,ICP|HTX|MEXC,ICP,HTX,MEXC,-38.31105952177061,0.07202470645355602,-39.55827751192422,17.316530001519084,-55.91593768371261,-20.648967551624153,26.0,35.402508073200494,-83.76016824498889,-86.31181803350056,FLAT
2026-10-01T05:24:03.919857+00:00,0,PERP,DOT|GATE|HTX,DOT,GATE,HTX,-2.906020274934251,-0.30293142922155414,0.9760396558800475,12.814979088799289,-26.637260237954983,20.84437323123689,20.0,47.49542801054849,-101.10872790438353,-93.36376158590534,FLAT
2026-10-01T05:24:04.447459+00:00,0,PERP,ICP|HTX|OKX,ICP,HTX,OKX,-35.365992577063295,0.22359622307020396,-39.03784483092815,16.421799095917557,-52.97564079952966,-17.69911504424848,20.0,35.401634305449065,-75.33943027405057,-82.74036409212874,FLAT
2026-10-01T05:24:04.942200+00:00,0,PERP,DOT|BITGET|HTX,DOT,BITGET,HTX,5.165916729283904,0.1272805424184972,3.833310762135515,10.469832559063057,-18.587734217162534,28.93875479281327,21.999999999999996,47.501942156098764,-97.92298713539681,-100.60738618677652,FLAT
2026-10-01T05:24:05.715183+00:00,0,PERP,APT|HTX|MEXC,APT,HTX,MEXC,-38.87824532517903,-2.059556739830853,-9.318600425587656,14.3524304661881,-63.427629075223365,-14.213570517728202,26.0,49.405869824254786,-135.5148984738905,-76.51089973211424,FLAT
2026-10-01T05:24:06.246745+00:00,0,PERP,DOT|HTX|OKX,DOT,HTX,OKX,-0.6767752589709186,0.10281603741652678,-1.764766313439627,10.581919725821132,-21.510804539054405,20.23955997735083,20.0,41.753028001481304,-87.4990662270961,-89.75735429227177,FLAT
2026-10-01T05:24:06.972885+00:00,0,PERP,DOT|HTX|MEXC,DOT,HTX,MEXC,0.8893364024475936,0.2983709964559348,-2.2337184482294,10.467018871716055,-19.190167525773294,21.048165493811055,26.0,40.234598430009,-89.1910475075529,-95.51648237204945,FLAT
2026-10-01T05:24:07.549765+00:00,0,PERP,AVAX|GATE|HTX,AVAX,GATE,HTX,27.745716063993786,3.311484520977648,1.024005528155119,8.069405237005194,-0.003965581354403724,55.507998990813604,20.0,55.35836596128983,-82.38633707079934,-135.8423594239483,FLAT
2026-10-01T05:24:08.029257+00:00,0,PERP,APT|BITGET|HTX,APT,BITGET,HTX,34.836914761189334,1.8359360152868642,8.391382148578106,14.404386859026307,7.238710734092102,62.44512361526677,21.999999999999996,55.01475662931028,-84.16742804379628,-137.06849809599893,FLAT
2026-10-01T05:24:08.490333+00:00,0,PERP,ARB|GATE|HTX,ARB,GATE,HTX,44.53132865743559,1.4188437003229888,26.35921591365018,12.807691741978816,23.138823743074077,65.94561824385225,20.0,42.61700423222263,-71.83739640279873,-108.2034065624247,FLAT
2026-10-01T05:24:18.788867+00:00,1,PERP,OP|GATE|OKX,OP,GATE,OKX,-0.7675976024501541,-0.2899278703174326,1.3083232997577094,7.160128827680503,-13.454794195376651,11.9462555559946,20.0,25.402971703249793,-66.16608919838416,-62.040903959486684,FLAT
2026-10-01T05:24:19.084159+00:00,1,PERP,OP|BITGET|GATE,OP,BITGET,GATE,-6.155422050644344,-0.03710716859067021,-5.834434441308091,8.650285686765052,-23.42936562763631,11.142037212117373,21.999999999999996,34.59268009882433,-80.18761128515256,-79.5691517522498,FLAT
2026-10-01T05:24:19.810004+00:00,1,PERP,ICP|HTX|MEXC,ICP,HTX,MEXC,-35.365992577063295,0.24209728707155279,-39.55827751192422,17.316530001519084,-52.97564079952966,-17.69911504424848,26.0,35.401634305449065,-80.8189975930545,-89.26079677312481,FLAT
2026-10-01T05:24:20.255231+00:00,1,PERP,DOT|GATE|HTX,DOT,GATE,HTX,-2.906020274934251,-0.30293142922155414,0.9760396558800475,12.814979088799289,-26.637260237954983,20.84437323123689,20.0,47.49542801054849,-101.10872790438353,-93.36376158590534,FLAT
2026-10-01T05:24:20.797250+00:00,1,PERP,ICP|HTX|OKX,ICP,HTX,OKX,-33.97321024155353,0.3084092406558355,-39.03784483092815,16.421799095917557,-52.97564079952966,-14.909023992488724,20.0,38.196281651126476,-78.13407761972798,-88.3251024895659,FLAT
2026-10-01T05:24:21.364030+00:00,1,PERP,DOT|BITGET|HTX,DOT,BITGET,HTX,-2.906020274934251,-0.6436904314420924,3.833310762135515,10.469832559063057,-26.637260237954983,20.84437323123689,21.999999999999996,47.49542801054849,-105.96599901063898,-92.50649047964986,FLAT
2026-10-01T05:24:22.105501+00:00,1,PERP,APT|HTX|MEXC,APT,HTX,MEXC,-34.71595657494109,-1.7695508930829043,-9.318600425587656,14.3524304661881,-60.890523912217056,-8.406530986994065,26.0,52.666483139489145,-136.23840662611855,-85.57855257808274,FLAT
2026-10-01T05:24:22.646605+00:00,1,PERP,DOT|HTX|OKX,DOT,HTX,OKX,3.7912631494130267,0.5250492922654938,-1.764766313439627,10.581919725821132,-17.29363407306783,24.95945739547034,20.0,42.23691413259804,-83.76578189222624,-94.96113784150799,FLAT
2026-10-01T05:24:23.385477+00:00,1,PERP,DOT|HTX|MEXC,DOT,HTX,MEXC,3.310370738471846,0.5296722261275811,-2.2337184482294,10.467018871716055,-16.773896585051684,23.473982043191732,26.0,40.23440313179241,-86.7745812686147,-97.94210362321355,FLAT
2026-10-01T05:24:23.852754+00:00,1,PERP,AVAX|GATE|HTX,AVAX,GATE,HTX,26.90568692552242,3.2073840186730784,1.024005528155119,8.069405237005194,-1.3149499704323553,55.141993635550165,20.0,56.305445587653715,-84.64440108624119,-136.42343369504874,FLAT
2026-10-01T05:24:24.355679+00:00,1,PERP,APT|BITGET|HTX,APT,BITGET,HTX,34.67039347701872,1.8243755590313961,8.391382148578106,14.404386859026307,7.1641785879172915,62.18607640170903,21.999999999999996,54.83179220348149,-84.0589957641423,-136.6264864566124,FLAT
2026-10-01T05:24:24.798941+00:00,1,PERP,ARB|GATE|HTX,ARB,GATE,HTX,40.903893923356364,1.1356205554225027,26.35921591365018,12.807691741978816,15.282912281200378,66.54855409010008,20.0,51.056788725276405,-88.13309235772621,-117.24612690172631,FLAT
2026-10-01T05:24:35.137907+00:00,2,PERP,OP|GATE|OKX,OP,GATE,OKX,-1.4776574036801104,-0.38909644930792786,1.3083232997577094,7.160128827680503,-13.957230037849877,11.026626835317632,20.0,24.987524730939814,-66.2530780685474,-60.705828266499736,FLAT
2026-10-01T05:24:35.432644+00:00,2,PERP,OP|BITGET|GATE,OP,BITGET,GATE,-7.910087715854441,-0.23995199114892843,-5.834434441308091,8.650285686765052,-24.578637029523122,8.78115313702299,21.999999999999996,33.38618349561354,-80.13038608382857,-76.00177107394461,FLAT
2026-10-01T05:24:36.177420+00:00,2,PERP,ICP|HTX|MEXC,ICP,HTX,MEXC,-43.733761433824014,-0.24112705729921094,-39.55827751192422,17.316530001519084,-61.74654513378397,-25.66092062555314,26.0,36.24403334628932,-90.43230096814906,-82.1413902326604,FLAT
2026-10-01T05:24:36.623357+00:00,2,PERP,DOT|GATE|HTX,DOT,GATE,HTX,-4.391919081498941,-0.4188815838233212,0.9760396558800475,12.814979088799289,-29.60785954559175,20.84437323123689,20.0,50.474392511886904,-107.0582917133587,-96.34272608724375,FLAT
2026-10-01T05:24:37.143152+00:00,2,PERP,ICP|HTX|OKX,ICP,HTX,OKX,-43.733761433824014,-0.28595628137134277,-39.03784483092815,16.421799095917557,-61.74654513378397,-25.66092062555314,20.0,36.24403334628932,-84.95273364914513,-75.62095755166433,FLAT
2026-10-01T05:24:37.687891+00:00,2,PERP,DOT|BITGET|HTX,DOT,BITGET,HTX,0.7871645081447554,-0.29094507832925254,3.833310762135515,10.469832559063057,-27.341704557569678,28.93875479281327,21.999999999999996,56.27602032891775,-115.45103564862295,-109.38146435959551,FLAT
2026-10-01T05:24:38.420747+00:00,2,PERP,APT|HTX|MEXC,APT,HTX,MEXC,-42.38821627265854,-2.304112597861199,-9.318600425587656,14.3524304661881,-68.39328964208357,-16.25241812380329,26.0,52.362499065663975,-143.4371882821599,-77.42868136744833,FLAT
2026-10-01T05:24:38.937167+00:00,2,PERP,DOT|HTX|OKX,DOT,HTX,OKX,1.9009364285316188,0.3464118833775027,-1.764766313439627,10.581919725821132,-23.991145911265164,27.918124618422357,20.0,51.899103324112346,-100.12548292193789,-107.58199425597434,FLAT
2026-10-01T05:24:39.666959+00:00,2,PERP,DOT|HTX|MEXC,DOT,HTX,MEXC,3.2497213889937093,0.5238778972722063,-2.2337184482294,10.467018871716055,-22.411862113402847,29.035297012871553,26.0,51.430146929641715,-103.60829059481517,-114.69916239074267,FLAT
2026-10-01T05:24:40.108444+00:00,2,PERP,AVAX|GATE|HTX,AVAX,GATE,HTX,27.748298477752176,3.3118045462685513,1.024005528155119,8.069405237005194,-3.2893452913163035,58.80225289498276,20.0,61.919777056162,-92.23312787563341,-145.69802442298962,FLAT
2026-10-01T05:24:40.614027+00:00,2,PERP,APT|BITGET|HTX,APT,BITGET,HTX,23.119904290416216,1.0225025393988698,8.391382148578106,14.404386859026307,12.610786189310996,33.633307176716976,21.999999999999996,20.97402836125575,-44.75462432052286,-74.21595338939461,FLAT
2026-10-01T05:24:41.069674+00:00,2,PERP,ARB|GATE|HTX,ARB,GATE,HTX,46.408902667569585,1.5654410769587812,26.35921591365018,12.807691741978816,14.235581920001295,78.61751021014828,20.0,64.08449981851145,-102.20813381216033,-142.34279411500955,FLAT
2026-10-01T06:01:52.607061+00:00,0,PERP,OP|GATE|OKX,OP,GATE,OKX,2.8442786819193877,0.16616156655983644,1.6688458949714233,7.074035297595002,-9.640200675955501,15.354840016079674,20.0,24.98790621895924,-62.29695278988616,-64.67390034006749,FLAT
2026-10-01T06:01:52.819240+00:00,0,PERP,OP|BITGET|GATE,OP,BITGET,GATE,-7.836532255142137,-0.20173311068236266,-6.099656327161936,8.609771207637726,-25.455707173855924,9.808070835954918,21.999999999999996,35.291415905850364,-82.64746675254435,-79.19914306896722,FLAT
2026-10-01T06:01:53.571545+00:00,0,PERP,ICP|HTX|MEXC,ICP,HTX,MEXC,-26.9073527537389,0.7518553777144814,-39.75231807558385,17.084356516663572,-41.58004158004047,-12.195756853395912,26.0,29.46351172098293,-63.29123522543955,-89.02007294317087,FLAT
2026-10-01T06:01:54.029574+00:00,0,PERP,DOT|GATE|HTX,DOT,GATE,HTX,-10.690526769105979,-0.9271196580989535,0.7067496955473639,12.293209797776596,-42.17560546836418,20.845375301743463,20.0,63.08838458994597,-131.97073975385752,-109.22701019614207,FLAT
2026-10-01T06:01:54.514474+00:00,0,PERP,ICP|HTX|OKX,ICP,HTX,OKX,-23.933417269247357,0.9361519549501494,-39.14884876443331,16.253164258997018,-38.61003861003853,-9.21787842669719,20.0,29.462622778026553,-54.923812623631775,-85.39359311576268,FLAT
2026-10-01T06:01:55.027772+00:00,0,PERP,DOT|BITGET|HTX,DOT,BITGET,HTX,-11.838503054372174,-1.5013023694070597,3.452392911042783,10.18508747938239,-42.17560546836418,18.54058086542265,21.999999999999996,60.78812134217838,-134.41611972158535,-103.87630929655825,FLAT
2026-10-01T06:01:55.798982+00:00,0,PERP,APT|HTX|MEXC,APT,HTX,MEXC,-17.73782556486303,-0.6052378396189496,-9.104611344934717,14.264167992807058,-40.72283023670242,5.350561621069172,26.0,46.155028866369435,-109.77324775813713,-92.61020183237332,FLAT
2026-10-01T06:01:56.257993+00:00,0,PERP,DOT|HTX|OKX,DOT,HTX,OKX,6.739397071944264,0.824398570887665,-1.4859812728331794,9.977429165022482,-17.929561407373782,31.524472020261207,20.0,49.4204543833694,-91.86403451791,-108.43090767646379,FLAT
2026-10-01T06:01:56.704111+00:00,0,PERP,ICP|BITGET|HTX,ICP,BITGET,HTX,19.212291242223234,-0.6876683094449733,31.302291799945902,17.581151249329313,2.667918980370221,35.767511177347004,21.999999999999996,33.03611868851249,-89.67049150808816,-65.50133806591359,FLAT
2026-10-01T06:01:57.411195+00:00,0,PERP,DOT|HTX|MEXC,DOT,HTX,MEXC,8.683681049317382,1.0667387631049696,-1.864978441010005,9.888699890892944,-15.164047760952704,32.643660811138005,26.0,47.76596656862264,-93.06503588856535,-114.27460582077066,FLAT
2026-10-01T06:01:57.885069+00:00,0,PERP,AVAX|GATE|HTX,AVAX,GATE,HTX,14.673167218666183,1.6858109665229113,1.0255181980207508,8.095598671299753,-6.486370882482495,35.8450101923391,20.0,42.26935496668004,-75.78124404718329,-103.0888469609984,FLAT
2026-10-01T06:01:58.336493+00:00,0,PERP,APT|BITGET|HTX,APT,BITGET,HTX,16.390382320738972,0.5787988612863589,8.05365859093254,14.40349020604217,-8.8930498839912,41.68803031028734,21.999999999999996,50.4983075422234,-95.44501601714714,-112.1326792615782,FLAT
2026-10-01T06:02:08.556372+00:00,1,PERP,OP|GATE|OKX,OP,GATE,OKX,3.5383859747173396,0.2642819834927193,1.6688458949714233,7.074035297595002,-7.908095971687068,15.006164149857781,20.0,22.906135254321576,-58.48307712098007,-62.24345350920794,FLAT
2026-10-01T06:02:08.783195+00:00,1,PERP,OP|BITGET|GATE,OP,BITGET,GATE,-9.822080858505888,-0.43234883268928104,-6.099656327161936,8.609771207637726,-25.333165599129572,5.708380483337994,21.999999999999996,31.072053209207162,-78.30556248117479,-70.88009001970708,FLAT
2026-10-01T06:02:09.496287+00:00,1,PERP,ICP|HTX|MEXC,ICP,HTX,MEXC,-17.127394912943572,1.324306428548983,-39.75231807558385,17.084356516663572,-29.700029700028274,-4.526769964242616,26.0,25.216417768049265,-47.16412939249369,-92.4419658793905,FLAT
2026-10-01T06:02:09.942636+00:00,1,PERP,DOT|GATE|HTX,DOT,GATE,HTX,-18.73993005132246,-1.5819041622788408,0.7067496955473639,12.293209797776596,-50.19317744463736,12.76404838617795,20.0,63.07538778715946,-139.9753149273442,-101.13268647779005,FLAT
2026-10-01T06:02:10.413727+00:00,1,PERP,ICP|HTX|OKX,ICP,HTX,OKX,-14.154089594974328,1.537839572108121,-39.14884876443331,16.253164258997018,-26.730026730026335,-1.5501549463659003,20.0,25.215530941623037,-38.79670890721606,-88.81422475969045,FLAT
2026-10-01T06:02:10.864799+00:00,1,PERP,DOT|BITGET|HTX,DOT,BITGET,HTX,-14.716850619660438,-1.7839064777286509,3.452392911042783,10.18508747938239,-42.17560546836418,12.76404838617795,21.999999999999996,55.02061795058448,-128.64861632999146,-92.33227342571965,FLAT
2026-10-01T06:02:11.572921+00:00,1,PERP,APT|HTX|MEXC,APT,HTX,MEXC,-10.581213478469964,-0.10351827980992986,-9.104611344934717,14.264167992807058,-33.08729956732148,12.023850952320725,26.0,45.15871675357404,-101.1414049759608,-98.28717905082948,FLAT
2026-10-01T06:02:12.059017+00:00,1,PERP,DOT|HTX|OKX,DOT,HTX,OKX,16.641122942187003,1.816811115890226,-1.4859812728331794,9.977429165022482,-7.915235663660258,41.31306801087753,20.0,49.14624740674217,-81.57550179756925,-117.94529669045286,FLAT
2026-10-01T06:02:12.515052+00:00,1,PERP,ICP|BITGET|HTX,ICP,BITGET,HTX,9.309620110764527,-1.250923297188536,31.302291799945902,17.581151249329313,-5.03907142871407,23.667557933908512,21.999999999999996,28.679926462416883,-93.02128969107684,-49.04519259637949,FLAT
2026-10-01T06:02:13.238099+00:00,1,PERP,DOT|HTX|MEXC,DOT,HTX,MEXC,15.949513122675008,1.8014998695724778,-1.864978441010005,9.888699890892944,-7.915235663660258,39.92659297336498,26.0,47.76538142953177,-85.81563865218203,-121.55695284390676,FLAT
2026-10-01T06:02:13.685462+00:00,1,PERP,AVAX|GATE|HTX,AVAX,GATE,HTX,11.64359774532775,1.3115867001843682,1.0255181980207508,8.095598671299753,-8.11030848316352,31.408605877927265,20.0,39.472950526497776,-74.60877720768205,-95.85603820640429,FLAT
2026-10-01T06:02:14.132464+00:00,1,PERP,APT|BITGET|HTX,APT,BITGET,HTX,9.0152207421057,0.06675896865398576,8.05365859093254,14.40349020604217,-15.79214497976933,33.83356994420383,21.999999999999996,49.58101411435383,-101.42681768505568,-103.36092546762511,FLAT
2026-10-01T06:02:24.356843+00:00,2,PERP,OP|GATE|OKX,OP,GATE,OKX,1.6968787760651693,0.003962785017948173,1.6688458949714233,7.074035297595002,-10.217021097050916,13.633733798363856,20.0,23.84668630865428,-61.73255330067663,-61.81157421204672,FLAT
2026-10-01T06:02:24.572040+00:00,2,PERP,OP|BITGET|GATE,OP,BITGET,GATE,-7.990391755172688,-0.21960344617909017,-6.099656327161936,8.609771207637726,-21.394144462463238,5.423538440885167,21.999999999999996,26.839124552879024,-70.13361268818032,-66.36231932092612,FLAT
2026-10-01T06:02:25.289662+00:00,2,PERP,ICP|HTX|MEXC,ICP,HTX,MEXC,-20.090720980006083,1.150853827968319,-39.75231807558385,17.084356516663572,-32.67003267003354,-7.483379022645842,26.0,25.23732606007293,-50.15504065452262,-89.50626511301094,FLAT
2026-10-01T06:02:25.788162+00:00,2,PERP,DOT|GATE|HTX,DOT,GATE,HTX,-22.759768984044193,-1.908900853854769,0.7067496955473639,12.293209797776596,-50.19317744463736,4.695745365721482,20.0,55.01412478455876,-131.9140519247435,-85.00312045473288,FLAT
2026-10-01T06:02:26.263934+00:00,2,PERP,ICP|HTX|OKX,ICP,HTX,OKX,-17.11741268892397,1.3555167304307365,-39.14884876443331,16.253164258997018,-29.700029700028274,-4.50675804529399,20.0,25.23643870521942,-41.787619640814384,-85.87852942435873,FLAT
2026-10-01T06:02:26.758330+00:00,2,PERP,DOT|BITGET|HTX,DOT,BITGET,HTX,-22.759768984044193,-2.5735824015403006,3.452392911042783,10.18508747938239,-50.19317744463736,4.695745365721482,21.999999999999996,55.01412478455876,-136.6596951402389,-84.25747723923746,FLAT
2026-10-01T06:02:27.467039+00:00,2,PERP,APT|HTX|MEXC,APT,HTX,MEXC,-10.415028678367744,-0.09186777203506197,-9.104611344934717,14.264167992807058,-36.556789106022556,15.858406238016265,26.0,52.46951170575235,-111.92168946684019,-109.43252928870334,FLAT
2026-10-01T06:02:27.958817+00:00,2,PERP,DOT|HTX|OKX,DOT,HTX,OKX,15.749408530474351,1.7274379520256604,-1.4859812728331794,9.977429165022482,-21.89042638755967,53.66212992265807,20.0,75.43276852926147,-121.83721364398795,-156.58087972475272,FLAT
2026-10-01T06:02:28.407547+00:00,2,PERP,ICP|BITGET|HTX,ICP,BITGET,HTX,10.811575549918295,-1.165493428697355,31.302291799945902,17.581151249329313,-4.4211493660317736,26.056776563430084,21.999999999999996,30.44500497524866,-94.16844614122633,-53.19948973873284,FLAT
2026-10-01T06:02:29.340955+00:00,2,PERP,DOT|HTX|MEXC,DOT,HTX,MEXC,15.272993584962702,1.7330864739616603,-1.864978441010005,9.888699890892944,-21.090875140518108,51.89989719096566,26.0,72.87851712731242,-124.10441382682052,-158.64339275928808,FLAT
2026-10-01T06:02:29.800204+00:00,2,PERP,AVAX|GATE|HTX,AVAX,GATE,HTX,10.78900859796006,1.2060245074342073,1.0255181980207508,8.095598671299753,-8.191681123740358,29.777432186306463,20.0,37.92819097689209,-73.1453902986532,-92.6801049651778,FLAT
2026-10-01T06:02:30.245182+00:00,2,PERP,APT|BITGET|HTX,APT,BITGET,HTX,10.721653319942792,0.1852325159280523,8.05365859093254,14.40349020604217,-16.92497070262311,38.38211789070512,21.999999999999996,55.24785029998521,-108.22647959354086,-113.57630959975778,FLAT
2026-10-01T06:32:34.386416+00:00,0,PERP,OP|GATE|OKX,OP,GATE,OKX,-0.11023026515566414,-0.23622973450597423,1.5845304113607115,7.17420556756167,-12.442355394702842,12.248373206578123,20.0,24.690972375146174,-64.71785818120972,-61.35481517036359,FLAT
2026-10-01T06:32:34.724591+00:00,0,PERP,OP|BITGET|GATE,OP,BITGET,GATE,-7.350918686475083,-0.15239198068724238,-6.036317098408107,8.626448597482065,-21.798325097575066,7.107474345471321,21.999999999999996,28.927059313297292,-72.68906731246425,-70.07085075717671,FLAT
2026-10-01T06:32:35.436544+00:00,0,PERP,ICP|HTX|MEXC,ICP,HTX,MEXC,-43.10344827586188,-0.18913285999383,-39.87587174166549,17.065128366914557,-56.41330166270553,-29.761904761905768,26.0,26.766733068751517,-75.30416298979156,-68.88070004851124,FLAT
2026-10-01T06:32:35.900590+00:00,0,PERP,DOT|GATE|HTX,DOT,GATE,HTX,-8.87994446292395,-0.7700830449578078,0.9413958332377899,12.753611912985102,-30.4951212052329,12.752649827123541,20.0,43.28620192454745,-100.72271896301814,-81.0974559184332,FLAT
2026-10-01T06:32:36.444399+00:00,0,PERP,ICP|HTX|OKX,ICP,HTX,OKX,-40.130796670629906,-0.052937090202210185,-39.27242697678815,16.214901320849723,-53.44418052256494,-26.785714285714192,20.0,26.765842001681527,-66.93759554745833,-65.25255469275548,FLAT
2026-10-01T06:32:36.931931+00:00,0,PERP,DOT|BITGET|HTX,DOT,BITGET,HTX,-0.8258372033209671,-0.42991841240234097,3.687030794211914,10.4970335471687,-22.461676500322714,20.82745035117961,21.999999999999996,43.29269509057316,-97.44140238510779,-88.43311464754086,FLAT
2026-10-01T06:32:37.640165+00:00,0,PERP,APT|HTX|MEXC,APT,HTX,MEXC,-38.974702236390655,-2.030648900114296,-9.457549440566932,14.535822905753099,-64.71259992386736,-13.10641969638704,26.0,51.807770046616255,-139.06282052991668,-80.15889979079614,FLAT
2026-10-01T06:32:38.152765+00:00,0,PERP,DOT|HTX|OKX,DOT,HTX,OKX,4.5466272468641655,0.6010681891660451,-1.7531600248522596,10.480985993381376,-14.760276220805446,23.92167173058457,20.0,38.664248723447706,-77.6713649194009,-90.33908047888454,FLAT
2026-10-01T06:32:38.657365+00:00,0,PERP,ICP|BITGET|HTX,ICP,BITGET,HTX,35.49211478039105,0.2338872567904849,31.385086964708314,17.55986141374855,20.263127012523086,50.73112503729993,21.999999999999996,30.360239816234444,-69.48219976841966,-77.70627788882607,FLAT
2026-10-01T06:32:39.382301+00:00,0,PERP,DOT|HTX|MEXC,DOT,HTX,MEXC,6.872353961906441,0.8680126023449869,-2.1657295616268275,10.412387445892325,-11.126856591017198,24.935090211597455,26.0,36.03706894820438,-76.99819597759475,-95.13788872142865,FLAT
2026-10-01T06:32:39.869339+00:00,0,PERP,AVAX|GATE|HTX,AVAX,GATE,HTX,19.617411892625114,2.2798231572785808,1.0733385026597757,8.133996415801544,-7.541738916126972,46.792684617498196,20.0,54.22803737545678,-88.84311479424352,-125.94738349029521,FLAT
2026-10-01T06:32:40.370672+00:00,0,PERP,APT|BITGET|HTX,APT,BITGET,HTX,38.08542903371182,2.016491681441036,8.532221343194514,14.655754825330018,10.566969069110144,65.615749824115,21.999999999999996,54.839918018874535,-80.8051702929589,-139.923446499795,FLAT
2026-10-01T06:32:50.756812+00:00,1,PERP,OP|GATE|OKX,OP,GATE,OKX,-0.020539097416172325,-0.22372783908426616,1.5845304113607115,7.17420556756167,-12.10129771500923,12.084328791248655,20.0,24.185652148248003,-63.871480274617944,-60.685450528135945,FLAT
2026-10-01T06:32:51.106122+00:00,1,PERP,OP|BITGET|GATE,OP,BITGET,GATE,-6.712896446737782,-0.07843080969927281,-6.036317098408107,8.626448597482065,-20.47057536206043,7.055252543863855,21.999999999999996,27.54431413624155,-69.97857239989386,-68.6358837785135,FLAT
2026-10-01T06:32:51.813029+00:00,1,PERP,ICP|HTX|MEXC,ICP,HTX,MEXC,-43.10344827586188,-0.18913285999383,-39.87587174166549,17.065128366914557,-56.41330166270553,-29.761904761905768,26.0,26.766733068751517,-75.30416298979156,-68.88070004851124,FLAT
2026-10-01T06:32:52.275238+00:00,1,PERP,DOT|GATE|HTX,DOT,GATE,HTX,-4.000065431203348,-0.38745582805526524,0.9413958332377899,12.753611912985102,-28.80757515735688,20.82745035117961,20.0,49.65487972161473,-105.4038507122094,-95.54093423955655,FLAT
2026-10-01T06:32:52.795856+00:00,1,PERP,ICP|HTX|OKX,ICP,HTX,OKX,-43.10344827586188,-0.23626547107922655,-39.27242697678815,16.214901320849723,-56.41330166270553,-29.761904761905768,20.0,26.766733068751517,-69.9076077546689,-62.2772552836339,FLAT
2026-10-01T06:32:53.278115+00:00,1,PERP,DOT|BITGET|HTX,DOT,BITGET,HTX,-4.000065431203348,-0.732311294507452,3.687030794211914,10.4970335471687,-28.80757515735688,20.82745035117961,21.999999999999996,49.65487972161473,-110.14948567318353,-94.79529927858243,FLAT
2026-10-01T06:32:54.036020+00:00,1,PERP,APT|HTX|MEXC,APT,HTX,MEXC,-27.115091101176382,-1.2147603733959096,-9.457549440566932,14.535822905753099,-36.923860453272894,-17.288246075304325,26.0,19.688984599416145,-79.1552956121221,-43.85828796467875,FLAT
2026-10-01T06:32:54.560274+00:00,1,PERP,DOT|HTX|OKX,DOT,HTX,OKX,1.5421727351783154,0.31441056806215945,-1.7531600248522596,10.480985993381376,-20.67682757329048,23.85378249419423,20.0,44.52355116872731,-89.44721871716553,-96.1304936877738,FLAT
2026-10-01T06:32:55.020862+00:00,1,PERP,ICP|BITGET|HTX,ICP,BITGET,HTX,35.799522673030104,0.25139353918052526,31.385086964708314,17.55986141374855,20.876826722338038,50.73112503729993,21.999999999999996,29.74779995402614,-68.25606019639642,-77.09383802661776,FLAT
2026-10-01T06:32:55.722416+00:00,1,PERP,DOT|HTX|MEXC,DOT,HTX,MEXC,3.598441550434206,0.5535878435194987,-2.1657295616268275,10.412387445892325,-17.565060357315197,24.85015356017195,26.0,42.3997731580932,-89.79910395378157,-101.41565627989198,FLAT
2026-10-01T06:32:56.260673+00:00,1,PERP,AVAX|GATE|HTX,AVAX,GATE,HTX,19.69914081425106,2.2898709760195843,1.0733385026597757,8.133996415801544,-7.551065485953412,46.96349819937717,20.0,54.40738214372232,-89.0317861323355,-126.29754184043972,FLAT
2026-10-01T06:32:56.775134+00:00,1,PERP,APT|BITGET|HTX,APT,BITGET,HTX,21.76573948386773,0.9029571181008907,8.532221343194514,14.655754825330018,9.644040482412741,33.89290895375208,21.999999999999996,24.196202413395458,-51.08438327417723,-77.55689002395302,FLAT
2026-10-01T06:33:07.135060+00:00,2,PERP,OP|GATE|OKX,OP,GATE,OKX,-0.8671999634024541,-0.34174242035225744,1.5845304113607115,7.17420556756167,-12.307553577690644,10.594547159605838,20.0,22.904066993611888,-62.79615098266325,-57.91408374185702,FLAT
2026-10-01T06:33:07.502190+00:00,2,PERP,OP|BITGET|GATE,OP,BITGET,GATE,-6.599876117751036,-0.065329203898279,-6.036317098408107,8.626448597482065,-22.709561056191152,9.531700583198521,21.999999999999996,32.26253965141311,-76.93578360919615,-75.83055733301974,FLAT
2026-10-01T06:33:08.224930+00:00,2,PERP,ICP|HTX|MEXC,ICP,HTX,MEXC,-43.10344827586188,-0.18913285999383,-39.87587174166549,17.065128366914557,-56.41330166270553,-29.761904761905768,26.0,26.766733068751517,-75.30416298979156,-68.88070004851124,FLAT
2026-10-01T06:33:08.695942+00:00,2,PERP,DOT|GATE|HTX,DOT,GATE,HTX,-4.238888249004091,-0.40618172464284963,0.9413958332377899,12.753611912985102,-29.283832063176085,20.82745035117961,20.0,50.13252389659072,-106.35775179300461,-96.01857841453256,FLAT
2026-10-01T06:33:09.195041+00:00,2,PERP,ICP|HTX|OKX,ICP,HTX,OKX,-40.65623993611545,-0.08534205247046078,-39.27242697678815,16.214901320849723,-54.49381896976746,-26.785714285714192,20.0,27.821175948997194,-69.0425679419765,-66.30788864007116,FLAT
2026-10-01T06:33:09.660877+00:00,2,PERP,DOT|BITGET|HTX,DOT,BITGET,HTX,-4.000065431203348,-0.732311294507452,3.687030794211914,10.4970335471687,-28.80757515735688,20.82745035117961,21.999999999999996,49.65487972161473,-110.14948567318353,-94.79529927858243,FLAT
2026-10-01T06:33:10.380256+00:00,2,PERP,APT|HTX|MEXC,APT,HTX,MEXC,-27.20258088820149,-1.2207792818259564,-9.457549440566932,14.535822905753099,-38.192234245701954,-16.1900625558542,26.0,22.06216270478966,-82.79684750992467,-47.32964958950239,FLAT
2026-10-01T06:33:10.902093+00:00,2,PERP,DOT|HTX|OKX,DOT,HTX,OKX,0.40737321780559554,0.20613835797721775,-1.7531600248522596,10.480985993381376,-21.137374377470096,22.041919958373235,20.0,43.17734865274736,-88.56156300536519,-92.97242863597285,FLAT
2026-10-01T06:33:11.400582+00:00,2,PERP,ICP|BITGET|HTX,ICP,BITGET,HTX,35.34422602931686,0.22546527966950367,31.385086964708314,17.55986141374855,19.96789982110947,50.73112503729993,21.999999999999996,30.654874301877026,-70.07206144547587,-78.00091237446864,FLAT
2026-10-01T06:33:12.111098+00:00,2,PERP,DOT|HTX|MEXC,DOT,HTX,MEXC,1.985543256823874,0.39868597283981916,-2.1657295616268275,10.412387445892325,-19.174611298888866,23.233893962659735,26.0,42.399903157537686,-91.40878489479974,-99.79952668182426,FLAT
2026-10-01T06:33:12.559802+00:00,2,PERP,AVAX|GATE|HTX,AVAX,GATE,HTX,21.71724474331116,2.5379782809526947,1.0733385026597757,8.133996415801544,-5.721706111186942,49.170234030100346,20.0,54.77298471955795,-87.56802933340465,-128.86988024699852,FLAT
2026-10-01T06:33:13.033933+00:00,2,PERP,APT|BITGET|HTX,APT,BITGET,HTX,24.562434983692594,1.093782874478259,8.532221343194514,14.655754825330018,11.689520035991219,37.44166533099058,21.999999999999996,25.689045195982164,-50.53174650318546,-82.59848918377823,FLAT
2026-10-01T06:56:14.841616+00:00,0,PERP,OP|GATE|OKX,OP,GATE,OKX,1.5822276140076141,-0.016771728915021846,1.700544404614186,7.054537502129532,-9.11944860918612,12.30102462940641,20.0,21.41707088631982,-58.23706390012013,-58.01755111111204,FLAT
2026-10-01T06:56:15.145894+00:00,0,PERP,OP|BITGET|GATE,OP,BITGET,GATE,-3.7838206937435004,0.2677300644741478,-6.0890463652603675,8.610260771589441,-15.516766569971807,7.958040794850962,21.999999999999996,23.483689785856964,-60.9114099905684,-65.53077694596828,FLAT
2026-10-01T06:56:15.888675+00:00,0,PERP,ICP|HTX|MEXC,ICP,HTX,MEXC,-41.61093773220381,-0.10167318717052368,-39.87587174166549,17.065128366914557,-59.347181008903014,-23.816612086929865,26.0,35.678937377989776,-87.1502466452273,-83.7381970327254,FLAT
2026-10-01T06:56:16.332300+00:00,0,PERP,DOT|GATE|HTX,DOT,GATE,HTX,-22.47406847828759,-1.893740693042595,0.5381183033989952,12.151709506074909,-57.57122555444361,12.679334041902912,20.0,70.40875167462583,-154.51809553246844,-108.54996741312975,FLAT
2026-10-01T06:56:16.837122+00:00,0,PERP,ICP|HTX|OKX,ICP,HTX,OKX,-41.87738731908364,-0.15808628414690187,-39.31370153515038,16.217003250901584,-59.879210465911825,-23.816612086929865,20.0,36.214157438850044,-82.77966636961149,-77.71124688707056,FLAT
2026-10-01T06:56:17.403328+00:00,0,PERP,DOT|BITGET|HTX,DOT,BITGET,HTX,-26.466675893862536,-2.937458481318952,3.3959585300116006,10.166146896641575,-57.57122555444361,4.662777329298429,21.999999999999996,62.3991427069386,-151.3663267913938,-91.66596150622541,FLAT
2026-10-01T06:56:18.149006+00:00,0,PERP,APT|HTX|MEXC,APT,HTX,MEXC,-47.304786572973654,-2.590686762632217,-9.492503927812754,14.595466804617653,-64.0328356022346,-30.522701259061424,26.0,33.66931920363897,-120.20965087806081,-44.63912187239029,FLAT
2026-10-01T06:56:18.681154+00:00,0,PERP,DOT|HTX|OKX,DOT,HTX,OKX,23.12480059541988,2.4597056391162586,-1.2848159413411355,9.923795818726946,-5.603507635257854,52.00980534601385,20.0,57.479965524437254,-87.79865721835398,-136.77458681179223,FLAT
2026-10-01T06:56:19.406730+00:00,0,PERP,DOT|HTX|MEXC,DOT,HTX,MEXC,22.1234686570404,2.407856797635017,-1.675138339097795,9.883730219967006,-5.46087155889885,49.85826570048424,26.0,55.19661399138352,-90.98234721118457,-138.73001803096554,FLAT
2026-10-01T06:56:19.847793+00:00,0,PERP,AVAX|GATE|HTX,AVAX,GATE,HTX,1.56716775068233,0.08239211846825956,0.900643945473493,8.08965490389237,-15.483422347780662,18.62920108012922,20.0,34.10727440717582,-76.49134070042997,-77.83583154183155,FLAT
2026-10-01T06:56:20.333126+00:00,0,PERP,APT|BITGET|HTX,APT,BITGET,HTX,44.03932934254229,2.4228637170156415,8.531868752507867,14.655162129288344,25.86722518143514,62.21859703464672,21.999999999999996,36.19198337400315,-46.856626945075874,-117.878711656142,FLAT
2026-10-01T06:56:20.811949+00:00,0,PERP,ICP|BITGET|HTX,ICP,BITGET,HTX,36.07816486264959,0.25986273113914077,31.509761366300804,17.58006419898157,15.47411636851237,56.69949268874986,21.999999999999996,41.07717018591805,-85.11281518370649,-94.2669015083671,FLAT
2026-10-01T06:56:31.127768+00:00,1,PERP,OP|GATE|OKX,OP,GATE,OKX,1.088544320990703,-0.08675268696760635,1.700544404614186,7.054537502129532,-10.186358541475204,12.383131468345354,20.0,22.567016322160516,-60.453919268249905,-59.24960338589168,FLAT
2026-10-01T06:56:31.430192+00:00,1,PERP,OP|BITGET|GATE,OP,BITGET,GATE,-6.477645441418378,-0.04513209140427415,-6.0890463652603675,8.610260771589441,-18.984369590478998,6.038582297418493,21.999999999999996,25.039167763573978,-65.9344909887926,-65.16679642625283,FLAT
2026-10-01T06:56:32.612000+00:00,1,PERP,ICP|HTX|MEXC,ICP,HTX,MEXC,-38.638727894189095,0.07249543167075964,-39.87587174166549,17.065128366914557,-56.3798219584577,-20.839535576064883,26.0,35.67804684265673,-84.18199705944893,-86.71438300825733,FLAT
2026-10-01T06:56:33.075150+00:00,1,PERP,DOT|GATE|HTX,DOT,GATE,HTX,-26.281710918706345,-2.2070828148662964,0.5381183033989952,12.151709506074909,-57.342396468674785,4.803843074459024,20.0,62.30999090861697,-146.19050568069076,-92.57571567967699,FLAT
2026-10-01T06:56:33.593716+00:00,1,PERP,ICP|HTX|OKX,ICP,HTX,OKX,-44.58314757021742,-0.32493340190790715,-39.31370153515038,16.217003250901584,-62.31454005934722,-26.793688597797072,20.0,35.67982844505977,-84.6806669692566,-74.19984138241307,FLAT
2026-10-01T06:56:34.056831+00:00,1,PERP,DOT|BITGET|HTX,DOT,BITGET,HTX,-26.281710918706345,-2.9192642748967237,3.3959585300116006,10.166146896641575,-57.342396468674785,4.803843074459024,21.999999999999996,62.30999090861697,-151.04834590730334,-91.7178754530644,FLAT
2026-10-01T06:56:34.788192+00:00,1,PERP,APT|HTX|MEXC,APT,HTX,MEXC,-47.23370254991699,-2.585816481742388,-9.492503927812754,14.595466804617653,-63.89089643807688,-30.522701259061424,26.0,33.52646632646525,-119.92485883672938,-44.49626899521658,FLAT
2026-10-01T06:56:35.280241+00:00,1,PERP,DOT|HTX|OKX,DOT,HTX,OKX,25.874417177296216,2.736778709955504,-1.2848159413411355,9.923795818726946,-3.201024327784685,55.11281566456194,20.0,58.1628915200344,-86.07909990647795,-140.5605231259375,FLAT
2026-10-01T06:56:36.052406+00:00,1,PERP,DOT|HTX|MEXC,DOT,HTX,MEXC,25.914567246727582,2.791426412073546,-1.675138339097795,9.883730219967006,-2.4007682458382362,54.388462777956725,26.0,56.64200301198346,-89.3676329187239,-144.70560412903797,FLAT
2026-10-01T06:56:36.576296+00:00,1,PERP,AVAX|GATE|HTX,AVAX,GATE,HTX,1.0068832424914298,0.013132735361408224,0.900643945473493,8.08965490389237,-15.674377572495457,17.698107306736155,20.0,33.36912202375731,-75.94414354172626,-76.16658538501997,FLAT
2026-10-01T06:56:37.065958+00:00,1,PERP,APT|BITGET|HTX,APT,BITGET,HTX,44.85335911020405,2.4784093166125865,8.531868752507867,14.655162129288344,26.879073877725812,62.83401497950037,21.999999999999996,35.794390109629255,-45.4471849844113,-118.09653633662174,FLAT
2026-10-01T06:56:37.547034+00:00,1,PERP,ICP|BITGET|HTX,ICP,BITGET,HTX,41.374994183656085,0.5611602270443804,31.509761366300804,17.58006419898157,21.449936247015522,61.31401552702087,21.999999999999996,39.699816421613825,-77.7596415408991,-97.50407058233388,FLAT
2026-10-01T06:56:47.883106+00:00,2,PERP,OP|GATE|OKX,OP,GATE,OKX,1.0430764596924824,-0.09319788075734742,1.700544404614186,7.054537502129532,-10.166832683077276,12.272360340788158,20.0,22.436835961535696,-60.30421304922716,-59.00865189770966,FLAT
2026-10-01T06:56:48.190874+00:00,2,PERP,OP|BITGET|GATE,OP,BITGET,GATE,-7.809481057412526,-0.19981214713367723,-6.0890463652603675,8.610260771589441,-20.227334328485334,4.61780827237579,21.999999999999996,24.86455694574164,-67.00284490896661,-63.571411583377795,FLAT
2026-10-01T06:56:48.930699+00:00,2,PERP,ICP|HTX|MEXC,ICP,HTX,MEXC,-38.638727894189095,0.07249543167075964,-39.87587174166549,17.065128366914557,-56.3798219584577,-20.839535576064883,26.0,35.67804684265673,-84.18199705944893,-86.71438300825733,FLAT
2026-10-01T06:56:49.443790+00:00,2,PERP,DOT|GATE|HTX,DOT,GATE,HTX,-27.343643433948017,-2.294472372254151,0.5381183033989952,12.151709506074909,-59.46541195314792,4.803843074459024,20.0,64.44546210998233,-150.44899236652924,-94.71118688104235,FLAT
2026-10-01T06:56:49.944799+00:00,2,PERP,ICP|HTX|OKX,ICP,HTX,OKX,-41.61093773220381,-0.1416560237123782,-39.31370153515038,16.217003250901584,-59.347181008903014,-23.816612086929865,20.0,35.678937377989776,-81.7124168517424,-77.17602682621029,FLAT
2026-10-01T06:56:50.431670+00:00,2,PERP,DOT|BITGET|HTX,DOT,BITGET,HTX,-27.343643433948017,-3.0237219938376616,3.3959585300116006,10.166146896641575,-59.46541195314792,4.803843074459024,21.999999999999996,64.44546210998233,-155.30683259314185,-93.85334665442976,FLAT
2026-10-01T06:56:51.177182+00:00,2,PERP,APT|HTX|MEXC,APT,HTX,MEXC,-47.23370254991699,-2.585816481742388,-9.492503927812754,14.595466804617653,-63.89089643807688,-30.522701259061424,26.0,33.52646632646525,-119.92485883672938,-44.49626899521658,FLAT
2026-10-01T06:56:51.779110+00:00,2,PERP,DOT|HTX|OKX,DOT,HTX,OKX,24.946827941689786,2.6433074966667336,-1.2848159413411355,9.923795818726946,-5.236983723531097,55.301486011860575,20.0,60.38734032862029,-90.33950811081026,-142.973642281822,FLAT
2026-10-01T06:56:52.516481+00:00,2,PERP,DOT|HTX|MEXC,DOT,HTX,MEXC,25.412329681984147,2.740611835636724,-1.675138339097795,9.883730219967006,-4.8015364916764725,55.79721237512159,26.0,60.44466227033509,-95.57106042291376,-149.91701298455447,FLAT
2026-10-01T06:56:52.980042+00:00,2,PERP,AVAX|GATE|HTX,AVAX,GATE,HTX,0.5883793353067546,-0.03860048591399011,0.900643945473493,8.08965490389237,-16.628409173771175,17.814397139490623,20.0,34.44077741600735,-77.96983053525202,-77.35453061002448,FLAT
2026-10-01T06:56:53.455428+00:00,2,PERP,APT|BITGET|HTX,APT,BITGET,HTX,43.920466281108794,2.4147530553672145,8.531868752507867,14.655162129288344,25.57917350516359,62.26960949103466,21.999999999999996,36.529992874133214,-47.482688121477494,-118.26773361266001,FLAT
2026-10-01T06:56:53.929744+00:00,2,PERP,ICP|BITGET|HTX,ICP,BITGET,HTX,34.7102830781032,0.18205404005224324,31.509761366300804,17.58006419898157,15.47411636851237,53.9573324380771,21.999999999999996,38.35009871382187,-82.3857437116103,-88.79766978559816,FLAT
2026-10-01T07:20:10.928399+00:00,0,PERP,OP|GATE|OKX,OP,GATE,OKX,2.0031414624699373,0.017345692464158183,1.880253161182094,7.084658138714857,-12.00160239619219,16.03828976368682,20.0,28.034243535928905,-67.91609909330319,-68.19228013843363,FLAT
2026-10-01T07:20:11.142013+00:00,0,PERP,OP|BITGET|GATE,OP,BITGET,GATE,-5.050496240392999,0.1503056654007212,-6.37437277682431,8.807895117604522,-21.291004614908402,11.20760763470674,21.999999999999996,32.51502442386487,-75.43165626194897,-78.09700483539592,FLAT
2026-10-01T07:20:11.799987+00:00,0,PERP,ICP|HTX|MEXC,ICP,HTX,MEXC,-43.257756563245266,-0.20297599756890622,-39.78779286905595,17.09543855307983,-59.57700327673621,-26.88975201673105,26.0,32.82919024250881,-84.61840065018907,-77.72723109483371,FLAT
2026-10-01T07:20:12.188819+00:00,0,PERP,DOT|GATE|HTX,DOT,GATE,HTX,0.6378007796770113,0.0014469196569625801,0.6200972122631346,12.235349301315443,-35.32534052993918,36.658483115386,20.0,71.97918681115564,-133.92462455335794,-134.01757271427851,FLAT
2026-10-01T07:20:12.963428+00:00,0,PERP,ICP|HTX|OKX,ICP,HTX,OKX,-46.241050119332215,-0.4279417947463208,-39.313851659409586,16.187244492043586,-62.55585344057457,-29.877502240811538,20.0,32.83008826579252,-82.0720900469575,-68.26643768439057,FLAT
2026-10-01T07:20:13.357955+00:00,0,PERP,DOT|BITGET|HTX,DOT,BITGET,HTX,4.6364564377232576,0.08996984390113522,3.7050756663081312,10.35214390766965,-27.35997309630922,36.658483115386,21.999999999999996,63.988777858828406,-123.05382662144575,-124.94218530790627,FLAT
2026-10-01T07:20:14.175486+00:00,0,PERP,APT|HTX|MEXC,APT,HTX,MEXC,-70.0339997119781,-4.153335844903798,-9.690043533470678,14.529033632700402,-113.9096316921906,-25.77287294087793,26.0,88.75667113247242,-224.97625929119232,-104.67384172506516,FLAT
2026-10-01T07:20:14.616721+00:00,0,PERP,DOT|HTX|OKX,DOT,HTX,OKX,0.8141338805289777,0.2362610651921449,-1.565768547835149,10.073189276568337,-29.349316128109983,31.14694916263261,20.0,60.49086636954261,-114.27441394981744,-119.20358408001036,FLAT
2026-10-01T07:20:15.614730+00:00,0,PERP,DOT|HTX|MEXC,DOT,HTX,MEXC,2.159823257197324,0.4051521561394924,-1.8211571720857462,9.82588977735178,-26.162575083690243,30.64124951892122,26.0,56.79111351145431,-113.13253142305881,-121.25352020246129,FLAT
2026-10-01T07:20:16.055771+00:00,0,PERP,AVAX|GATE|HTX,AVAX,GATE,HTX,22.74403977421846,2.634739919344252,1.0750234585370992,8.224347365972449,-7.285865754035337,52.796997792459166,20.0,59.94651211616612,-94.30740132873855,-137.66848645008818,FLAT
2026-10-01T07:20:16.526094+00:00,0,PERP,APT|BITGET|HTX,APT,BITGET,HTX,68.26355568338994,4.0495420384852805,8.92030443519097,14.654311693575142,24.072741606808723,112.47258727324017,21.999999999999996,87.80048458529978,-100.64804741368204,-219.35276742334898,FLAT
2026-10-01T07:20:16.966258+00:00,0,PERP,ICP|BITGET|HTX,ICP,BITGET,HTX,35.91900306359142,0.2555281612880871,31.442362292429372,17.519167940613013,17.940451915019473,53.90835579514919,21.999999999999996,35.8391699109055,-77.3410802883154,-86.30516341362531,FLAT
2026-10-01T07:20:27.248570+00:00,1,PERP,OP|GATE|OKX,OP,GATE,OKX,0.8811897629201759,-0.1410178696982472,1.880253161182094,7.084658138714857,-14.942093449733518,16.744724631043706,20.0,31.683974989798628,-74.50632160071424,-72.54844645966024,FLAT
2026-10-01T07:20:27.477711+00:00,1,PERP,OP|BITGET|GATE,OP,BITGET,GATE,-2.192050968430337,0.4748378304408598,-6.37437277682431,8.807895117604522,-22.37098279497807,18.017255079549876,21.999999999999996,40.39707027511034,-84.3936802932641,-92.78869813148452,FLAT
2026-10-01T07:20:28.132784+00:00,1,PERP,ICP|HTX|MEXC,ICP,HTX,MEXC,-51.22602003875154,-0.6690806517879554,-39.78779286905595,17.09543855307983,-68.51355376824687,-33.88340807174872,26.0,34.808367509321315,-95.53412840851223,-72.71275230662854,FLAT
2026-10-01T07:20:28.562379+00:00,1,PERP,DOT|GATE|HTX,DOT,GATE,HTX,-15.293350469182121,-1.3006124540910633,0.6200972122631346,12.235349301315443,-43.35201932290311,12.810248198558138,20.0,56.24825400378535,-126.22037053895158,-94.43840499008036,FLAT
2026-10-01T07:20:29.090497+00:00,1,PERP,ICP|HTX|OKX,ICP,HTX,OKX,-54.20960797696273,-0.9202156874120707,-39.313851659409586,16.187244492043586,-71.49240393208522,-36.87174887892386,20.0,34.809267149450854,-92.98781942212649,-63.25136992993658,FLAT
2026-10-01T07:20:29.568449+00:00,1,PERP,DOT|BITGET|HTX,DOT,BITGET,HTX,-19.285636214696478,-2.220864787628324,3.7050756663081312,10.35214390766965,-43.35201932290311,4.8000000000003595,21.999999999999996,48.24505528327444,-123.30215027248568,-77.33997961696667,FLAT
2026-10-01T07:20:30.215395+00:00,1,PERP,APT|HTX|MEXC,APT,HTX,MEXC,-36.54181416274716,-1.8481456721829987,-9.690043533470678,14.529033632700402,-49.75759122225032,-23.292585478293937,26.0,26.562025922788266,-98.6295736115679,-44.95948397796501,FLAT
2026-10-01T07:20:30.681875+00:00,1,PERP,DOT|HTX|OKX,DOT,HTX,OKX,20.60789021560927,2.201255049880129,-1.565768547835149,10.073189276568337,-4.780870086290578,46.119391871055626,20.0,50.79528760668625,-80.01038914514169,-124.48044802557703,FLAT
2026-10-01T07:20:31.352355+00:00,1,PERP,DOT|HTX|MEXC,DOT,HTX,MEXC,20.51652049481545,2.2733490984591045,-1.8211571720857462,9.82588977735178,-3.994886545222176,45.14645936395611,26.0,49.04044607171463,-83.21417544485105,-128.00806260775647,FLAT
2026-10-01T07:20:31.737065+00:00,1,PERP,AVAX|GATE|HTX,AVAX,GATE,HTX,21.900864264283726,2.5322180446696363,1.0750234585370992,8.224347365972449,-7.862444140581681,51.68384705570128,20.0,59.416158174241325,-94.35362577336011,-136.02498177140552,FLAT
2026-10-01T07:20:32.185694+00:00,1,PERP,APT|BITGET|HTX,APT,BITGET,HTX,33.42301230428113,1.6720476799898305,8.92030443519097,14.654311693575142,19.525356407430472,47.32722640328202,21.999999999999996,27.709255769181215,-45.10420379694171,-94.11617773727227,FLAT
2026-10-01T07:20:32.587130+00:00,1,PERP,ICP|BITGET|HTX,ICP,BITGET,HTX,37.46338930331605,0.34368224742732817,31.442362292429372,17.519167940613013,18.023811733012263,56.92031156381283,21.999999999999996,38.751316530750586,-80.1698670901677,-92.22926580213405,FLAT
2026-10-01T07:20:42.814334+00:00,2,PERP,OP|GATE|OKX,OP,GATE,OKX,0.40341994087533806,-0.20845511404939163,1.880253161182094,7.084658138714857,-14.761906556526316,15.605444305146765,20.0,30.366081485322816,-73.00824120303122,-70.09127262928749,FLAT
2026-10-01T07:20:43.025287+00:00,2,PERP,OP|BITGET|GATE,OP,BITGET,GATE,-7.5326099179118255,-0.131499878872595,-6.37437277682431,8.807895117604522,-23.267724781286248,8.214525659646643,21.999999999999996,31.505978075414745,-76.39933007987668,-74.0948765118857,FLAT
2026-10-01T07:20:43.672995+00:00,2,PERP,ICP|HTX|MEXC,ICP,HTX,MEXC,-43.257756563245266,-0.20297599756890622,-39.78779286905595,17.09543855307983,-59.57700327673621,-26.88975201673105,26.0,32.82919024250881,-84.61840065018907,-77.72723109483371,FLAT
2026-10-01T07:20:44.051584+00:00,2,PERP,DOT|GATE|HTX,DOT,GATE,HTX,-19.194649336135015,-1.619467173386528,0.6200972122631346,12.235349301315443,-51.12801431578884,12.789768185452743,20.0,64.0406655362728,-141.78877706432476,-102.21033650946241,FLAT
2026-10-01T07:20:44.565432+00:00,2,PERP,ICP|HTX|OKX,ICP,HTX,OKX,-44.45081740703905,-0.3173465224519467,-39.313851659409586,16.187244492043586,-61.959571014833514,-26.88975201673105,20.0,35.22632486083188,-83.8720442162558,-73.65042450351041,FLAT
2026-10-01T07:20:45.015339+00:00,2,PERP,DOT|BITGET|HTX,DOT,BITGET,HTX,-15.207112240386289,-1.8268861093287976,3.7050756663081312,10.35214390766965,-43.181630940642975,12.789768185452743,21.999999999999996,56.05663614789755,-130.94334275484866,-93.14132866704216,FLAT
2026-10-01T07:20:46.016487+00:00,2,PERP,APT|HTX|MEXC,APT,HTX,MEXC,-28.555361394969616,-1.2984564795169093,-9.690043533470678,14.529033632700402,-41.73511721388357,-15.34526854219953,26.0,26.465386665145136,-90.51046034555802,-52.810161656416284,FLAT
2026-10-01T07:20:46.465459+00:00,2,PERP,DOT|HTX|OKX,DOT,HTX,OKX,9.533278980118354,1.101840462163404,-1.565768547835149,10.073189276568337,-16.753833766323112,35.946818550693926,20.0,52.6501561612593,-93.83822137974727,-116.16274325978839,FLAT
2026-10-01T07:20:47.463597+00:00,2,PERP,DOT|HTX|MEXC,DOT,HTX,MEXC,10.87250504433035,1.2918588040417875,-1.8211571720857462,9.82588977735178,-13.484888791314154,35.34704479768669,26.0,48.77861798347317,-92.44234960270157,-117.94681995324561,FLAT
2026-10-01T07:20:47.918741+00:00,2,PERP,AVAX|GATE|HTX,AVAX,GATE,HTX,25.5521893305799,2.976183371499486,1.0750234585370992,8.224347365972449,-8.307619848195724,59.435832023617685,20.0,67.57078533668762,-102.95342864342044,-151.93159390176822,FLAT
2026-10-01T07:20:48.377996+00:00,2,PERP,APT|BITGET|HTX,APT,BITGET,HTX,37.88999619257716,1.9768715421883176,8.92030443519097,14.654311693575142,23.97941640092327,51.80715899525623,21.999999999999996,27.722699738283495,-40.663587772551196,-98.60955429834875,FLAT
2026-10-01T07:20:48.774601+00:00,2,PERP,ICP|BITGET|HTX,ICP,BITGET,HTX,40.950472459806434,0.5427261271544362,31.442362292429372,17.519167940613013,21.97824322900832,59.93407252022909,21.999999999999996,37.801028885508586,-75.26514794892964,-94.2927391133083,FLAT
2026-10-01T07:40:24.151046+00:00,0,PERP,OP|GATE|OKX,OP,GATE,OKX,-2.630184409500025,-0.5934577979262556,1.676467034131376,7.256879021019375,-14.905665781198563,9.670226849161079,20.0,24.582332948267236,-67.16446576359718,-58.57609276329694,FLAT
2026-10-01T07:40:24.466025+00:00,0,PERP,OP|BITGET|GATE,OP,BITGET,GATE,-3.1270386687942686,0.34273412842515033,-6.202929364656619,8.974567866923394,-20.673025783928267,14.445777116482983,21.999999999999996,35.12976761908494,-77.59986403835657,-83.77847410022453,FLAT
2026-10-01T07:40:25.209727+00:00,0,PERP,ICP|HTX|MEXC,ICP,HTX,MEXC,-44.36218803898107,-0.24219538051669579,-40.20940962551067,17.146398104748826,-60.277275467147675,-28.400901118841304,26.0,32.01834778636253,-84.08621362799954,-75.82685629303191,FLAT
2026-10-01T07:40:25.673730+00:00,0,PERP,DOT|GATE|HTX,DOT,GATE,HTX,-3.858343746957482,-0.37118177329619756,0.9063722572677358,12.836610919531994,-36.81075042518134,29.147687677688605,20.0,65.98385334431117,-129.70097602676026,-120.22516876473205,FLAT
2026-10-01T07:40:26.185658+00:00,0,PERP,ICP|HTX|OKX,ICP,HTX,OKX,-43.773584905659746,-0.2537702147467942,-39.65212527789718,16.240911613188576,-63.29113924050445,-24.1911097671621,20.0,39.271828552464484,-88.91084251507175,-80.73284406319956,FLAT
2026-10-01T07:40:26.693136+00:00,0,PERP,DOT|BITGET|HTX,DOT,BITGET,HTX,0.20678096074977503,-0.344123458039665,3.8781026928319995,10.668618038991848,-28.71059656373798,29.147687677688605,21.999999999999996,57.85707829860129,-118.44577755517126,-111.12666328345789,FLAT
2026-10-01T07:40:27.410662+00:00,0,PERP,APT|HTX|MEXC,APT,HTX,MEXC,-54.83538711932856,-3.0760134777943735,-9.765920774834825,14.651907954841072,-84.69138970871204,-24.802941009424153,26.0,60.21813734818739,-167.14360628206458,-77.18111711359805,FLAT
2026-10-01T07:40:27.950450+00:00,0,PERP,DOT|HTX|OKX,DOT,HTX,OKX,-5.4285788560159975,-0.34230626278641685,-1.8051679973781087,10.585289410549663,-32.1665753679945,21.442700207945364,20.0,53.63806205587445,-109.99946942649085,-102.88593026119793,FLAT
2026-10-01T07:40:28.701263+00:00,0,PERP,DOT|HTX|MEXC,DOT,HTX,MEXC,-3.053403466750648,-0.09190036167265168,-2.1043928651758024,10.326516504420447,-30.685585591432307,24.71651851247758,26.0,55.41868321716055,-115.99987594341705,-114.23959459481394,FLAT
2026-10-01T07:40:29.149336+00:00,0,PERP,AVAX|GATE|HTX,AVAX,GATE,HTX,21.261285964566667,2.5117133777979403,0.9031015444953118,8.105297602833849,-6.299647825809274,48.83810845059955,20.0,55.02077046438015,-88.22351983468474,-128.95577737048438,FLAT
2026-10-01T07:40:29.629165+00:00,0,PERP,APT|BITGET|HTX,APT,BITGET,HTX,60.69708007038655,3.505908868370649,8.995696607866227,14.746927374226997,21.80101359473774,99.61142011353007,21.999999999999996,77.3409651518395,-92.53564816496798,-195.95668865750335,FLAT
2026-10-01T07:40:30.110398+00:00,0,PERP,ICP|BITGET|HTX,ICP,BITGET,HTX,36.34115521058412,0.2679609877309412,31.65617530056434,17.48381340765901,15.156107911489247,57.539053615109914,21.999999999999996,42.229475016381585,-86.72954240545667,-96.11235333092716,FLAT
2026-10-01T07:40:40.440260+00:00,1,PERP,OP|GATE|OKX,OP,GATE,OKX,0.7708879163415006,-0.1247890608575515,1.676467034131376,7.256879021019375,-11.24329485059028,12.806988087172844,20.0,24.04840910128682,-62.968170986008474,-61.17893015432829,FLAT
2026-10-01T07:40:40.743485+00:00,1,PERP,OP|BITGET|GATE,OP,BITGET,GATE,-3.5505509495348253,0.2955438584288143,-6.202929364656619,8.974567866923394,-19.28047001094835,12.199259261984619,21.999999999999996,31.490897707953312,-72.56843835424505,-77.89308633459454,FLAT
2026-10-01T07:40:41.477553+00:00,1,PERP,ICP|HTX|MEXC,ICP,HTX,MEXC,-41.537570472105486,-0.07746004953815741,-40.20940962551067,17.146398104748826,-57.34983398732463,-25.679754694125645,26.0,31.802112020592276,-80.94253638240623,-78.3317669519773,FLAT
2026-10-01T07:40:41.919884+00:00,1,PERP,DOT|GATE|HTX,DOT,GATE,HTX,4.140202284714789,0.25192241532587906,0.9063722572677358,12.836610919531994,-28.941157381697778,37.24850116909817,20.0,66.16225507456149,-122.009784713527,-128.50438398639193,FLAT
2026-10-01T07:40:42.435382+00:00,1,PERP,ICP|HTX|OKX,ICP,HTX,OKX,-41.537570472105486,-0.1160923253025536,-39.65212527789718,16.240911613188576,-57.34983398732463,-25.679754694125645,20.0,31.802112020592276,-75.49982073001974,-71.77448260436381,FLAT
2026-10-01T07:40:42.915166+00:00,1,PERP,DOT|BITGET|HTX,DOT,BITGET,HTX,11.925810323145658,0.7543345915001135,3.8781026928319995,10.668618038991848,-21.54991457029687,45.42881779596719,21.999999999999996,66.89893884764561,-120.32695611077447,-136.4496539507808,FLAT
2026-10-01T07:40:43.653199+00:00,1,PERP,APT|HTX|MEXC,APT,HTX,MEXC,-65.5418374868344,-3.806734036543746,-9.765920774834825,14.651907954841072,-106.46329636525343,-24.29102238323044,26.0,82.71307054596492,-211.41044613638354,-100.18796893756931,FLAT
2026-10-01T07:40:44.188085+00:00,1,PERP,DOT|HTX|OKX,DOT,HTX,OKX,-4.202177053758138,-0.226447191324886,-1.8051679973781087,10.585289410549663,-41.70925855303098,33.57478452933549,20.0,75.31472419020281,-141.2188147458557,-136.6946767169164,FLAT
2026-10-01T07:40:44.926345+00:00,1,PERP,DOT|HTX|MEXC,DOT,HTX,MEXC,-2.628467800527279,-0.050750408923196606,-2.1043928651758024,10.326516504420447,-35.00474590297009,29.950891448173866,26.0,64.97208012829303,-129.87243316608732,-129.0273644416427,FLAT
2026-10-01T07:40:45.374893+00:00,1,PERP,AVAX|GATE|HTX,AVAX,GATE,HTX,23.950162978161327,2.843456534601282,0.9031015444953118,8.105297602833849,-7.6203553590870055,55.537009011858984,20.0,63.00645865449882,-97.52991555808114,-143.64036612186248,FLAT
2026-10-01T07:40:45.846849+00:00,1,PERP,APT|BITGET|HTX,APT,BITGET,HTX,68.53698498322069,4.037538591219616,8.995696607866227,14.746927374226997,23.436820651459023,113.66117903945482,21.999999999999996,89.61019075825305,-103.16906671466026,-222.27567318984165,FLAT
2026-10-01T07:40:46.359242+00:00,1,PERP,ICP|BITGET|HTX,ICP,BITGET,HTX,38.449153999984276,0.3885295811063841,31.65617530056434,17.48381340765901,18.20940819423411,58.69709034315163,21.999999999999996,40.33260503776415,-81.77937214409437,-95.37352008035143,FLAT
2026-10-01T07:40:56.685772+00:00,2,PERP,OP|GATE|OKX,OP,GATE,OKX,-2.957517795899589,-0.6385644319836034,1.676467034131376,7.256879021019375,-14.481227161212695,8.586599171027665,20.0,23.07463264174835,-65.23232683709242,-55.98476477864464,FLAT
2026-10-01T07:40:56.985328+00:00,2,PERP,OP|BITGET|GATE,OP,BITGET,GATE,0.9348149218824098,0.7953301364900086,-6.202929364656619,8.974567866923394,-11.884215901031281,13.76381388696224,21.999999999999996,25.645628522238425,-59.32691505861309,-73.61237177385729,FLAT
2026-10-01T07:40:57.725088+00:00,2,PERP,ICP|HTX|MEXC,ICP,HTX,MEXC,-49.12463403063505,-0.5199473586615977,-40.20940962551067,17.146398104748826,-69.42348324781244,-28.74883601091227,26.0,40.8753000799316,-102.08937370223337,-84.33587369453001,FLAT
2026-10-01T07:40:58.185690+00:00,2,PERP,DOT|GATE|HTX,DOT,GATE,HTX,-7.241108444298039,-0.6347065243808777,0.9063722572677358,12.836610919531994,-35.62184210021191,21.185885576173735,20.0,56.848854877389456,-119.3770692348691,-103.12836819629545,FLAT
2026-10-01T07:40:58.687765+00:00,2,PERP,ICP|HTX|OKX,ICP,HTX,OKX,-46.10051144562699,-0.3970458260787126,-39.65212527789718,16.240911613188576,-66.4050709326891,-25.71898150955043,20.0,40.87437677693153,-93.62732243172346,-80.80752054527827,FLAT
2026-10-01T07:40:59.167145+00:00,2,PERP,DOT|BITGET|HTX,DOT,BITGET,HTX,-3.1707382237033954,-0.6607079652465925,3.8781026928319995,10.668618038991848,-27.507527639379916,21.185885576173735,21.999999999999996,48.70884943745012,-108.09447976966203,-94.01663232079184,FLAT
2026-10-01T07:40:59.903480+00:00,2,PERP,APT|HTX|MEXC,APT,HTX,MEXC,-65.19153584841453,-3.782825775619671,-9.765920774834825,14.651907954841072,-109.82632290447492,-20.17895897502342,26.0,90.23402129990124,-222.29442342954133,-111.82098309971265,FLAT
2026-10-01T07:41:00.386238+00:00,2,PERP,DOT|HTX|OKX,DOT,HTX,OKX,-0.4486420130678237,0.12815199771092933,-1.8051679973781087,10.585289410549663,-23.530225746177802,22.726755990232217,20.0,46.25886683781668,-93.98392458661638,-96.79079082542701,FLAT
2026-10-01T07:41:01.102292+00:00,2,PERP,DOT|HTX|MEXC,DOT,HTX,MEXC,6.838894438143672,0.8660507441682918,-2.1043928651758024,10.326516504420447,-13.821639882888315,27.583402760762432,26.0,41.37657533200685,-85.09382234971936,-103.06437095794509,FLAT
2026-10-01T07:41:01.561865+00:00,2,PERP,AVAX|GATE|HTX,AVAX,GATE,HTX,26.451593760914438,3.1520733066589224,0.9031015444953118,8.105297602833849,-7.884020866727459,60.81221798245107,20.0,68.51499665835695,-103.30211906957972,-154.4241130963127,FLAT
2026-10-01T07:41:02.037576+00:00,2,PERP,APT|BITGET|HTX,APT,BITGET,HTX,66.55114944258189,3.902877621497244,8.995696607866227,14.746927374226997,23.00972956975844,110.11333640327025,21.999999999999996,86.5277497617268,-100.51371679983458,-215.64538955713084,FLAT
2026-10-01T07:41:03.199631+00:00,2,PERP,ICP|BITGET|HTX,ICP,BITGET,HTX,43.71261543440808,0.6895772594188325,31.65617530056434,17.48381340765901,20.61539473801055,66.82381494986345,21.999999999999996,46.00730601552399,-85.04808657807777,-109.17494566482308,FLAT
2026-10-01T08:25:38.883027+00:00,0,PERP,OP|GATE|OKX,OP,GATE,OKX,3.664222068651135,0.2546725201613337,1.8593771731319668,7.086924393632295,-11.650630133918094,19.017350053627258,20.0,30.656699121346882,-70.16670642839694,-73.81467200184217,FLAT
2026-10-01T08:25:39.220725+00:00,0,PERP,OP|BITGET|GATE,OP,BITGET,GATE,-4.071482495346945,0.2901947431788212,-6.609015921703028,8.744243257337114,-19.764297662698826,11.633478813777298,21.999999999999996,31.41056053251387,-72.56584227350967,-77.6530552679942,FLAT
2026-10-01T08:25:49.605837+00:00,1,PERP,OP|GATE|OKX,OP,GATE,OKX,4.568329263880955,0.3822465064228738,1.8593771731319668,7.086924393632295,-8.103160403210019,17.268639199365943,20.0,25.36018149920516,-61.32271907554715,-66.76944352543913,FLAT
2026-10-01T08:25:49.939681+00:00,1,PERP,OP|BITGET|GATE,OP,BITGET,GATE,-5.24568646496526,0.15591165714584007,-6.609015921703028,8.744243257337114,-19.477353652493925,8.996987425726743,21.999999999999996,28.4892814073884,-69.35761913817929,-72.09528475481817,FLAT
2026-10-01T08:26:00.307896+00:00,2,PERP,OP|GATE|OKX,OP,GATE,OKX,3.1526081558808094,0.1824812726816769,1.8593771731319668,7.086924393632295,-8.950539832296434,15.278986035931474,20.0,24.221867391059515,-61.03178439648792,-63.641476253859025,FLAT
2026-10-01T08:26:00.639411+00:00,2,PERP,OP|BITGET|GATE,OP,BITGET,GATE,-11.628744017796455,-0.5740608933633539,-6.609015921703028,8.744243257337114,-28.098743865531127,4.858216008440941,21.999999999999996,32.995320559651155,-82.48504850347925,-72.46255248979512,FLAT
2026-10-01T08:45:31.929146+00:00,0,PERP,OP|GATE|OKX,OP,GATE,OKX,-0.086875509198725,-0.23940509912061883,1.6556828635099712,7.278701995527454,-13.900031566522753,13.756708993384326,20.0,27.656947353121375,-69.2126617831541,-65.75797348299572,FLAT
2026-10-01T08:45:32.233650+00:00,0,PERP,OP|BITGET|GATE,OP,BITGET,GATE,-6.813687369563448,-0.036921418485463035,-6.490467319847725,8.754269553402551,-24.366201006312814,10.76191904268331,21.999999999999996,35.15205638036004,-81.02779006682513,-80.40444274289106,FLAT
2026-10-01T08:45:42.587254+00:00,1,PERP,OP|GATE|OKX,OP,GATE,OKX,-0.048035808321023055,-0.23406902396579482,1.6556828635099712,7.278701995527454,-12.0992751091209,12.02989574155433,20.0,24.129257229927916,-63.884215202558785,-60.50347010797228,FLAT
2026-10-01T08:45:42.891246+00:00,1,PERP,OP|BITGET|GATE,OP,BITGET,GATE,-6.016325902374886,0.054161162685303965,-6.490467319847725,8.754269553402551,-20.583553925377363,8.562142265704509,21.999999999999996,29.163237410342045,-71.25632401587168,-72.21584699589428,FLAT
2026-10-01T08:45:53.230331+00:00,2,PERP,OP|GATE|OKX,OP,GATE,OKX,-0.35214429947805215,-0.2758496177232937,1.6556828635099712,7.278701995527454,-11.253485918627515,10.571077057415224,20.0,21.825309606826483,-60.734478388963964,-56.74070380073173,FLAT
2026-10-01T08:45:53.547606+00:00,2,PERP,OP|BITGET|GATE,OP,BITGET,GATE,-7.184159939450652,-0.07924049121074948,-6.490467319847725,8.754269553402551,-21.62657871045304,7.269402673191205,21.999999999999996,28.916751342637358,-72.05286273324268,-70.67662133567629,FLAT
2026-10-01T09:01:47.136057+00:00,0,PERP,OP|GATE|OKX,OP,GATE,OKX,-1.2359180378385126,-0.4150771222898366,1.7159775145116691,7.111679718857058,-13.422573330110765,10.975040712515316,20.0,24.400605547813225,-65.53915639243566,-59.65966874581687,FLAT
2026-10-01T09:01:47.504297+00:00,0,PERP,OP|BITGET|GATE,OP,BITGET,GATE,-5.760268146751679,0.12405226523299559,-6.850139221847558,8.785579796135742,-23.573657784498046,12.080505641092198,21.999999999999996,35.674691972398406,-80.39821053504889,-82.60533683533816,FLAT
2026-10-01T09:01:47.824614+00:00,0,SPOT,ICP|GATE|HTX,ICP,GATE,HTX,-0.9975686049901178,0.025502878621523617,-1.595382967222795,23.441054286638096,-68.82547406937611,66.93071359295865,60.0,135.76965739958106,-268.9997485017344,-270.2957539597625,FLAT
2026-10-01T09:01:48.540958+00:00,0,PERP,ICP|HTX|MEXC,ICP,HTX,MEXC,-39.06836964688076,0.04536823734646769,-39.84397129811725,17.0956972675263,-51.03572500750331,-27.075812274367507,26.0,24.053860736903744,-67.2456144462898,-68.82201976065349,FLAT
2026-10-01T09:01:48.987431+00:00,0,PERP,APT|GATE|HTX,APT,GATE,HTX,49.034264074734324,2.3150646443375784,12.899609923763112,15.608486026233887,23.58892133864865,74.49267916773694,20.0,50.65536959508359,-65.96605818019805,-138.24843883905743,FLAT
2026-10-01T09:01:49.377315+00:00,0,PERP,ICP|GATE|HTX,ICP,GATE,HTX,37.70739064856477,-0.18871709455428917,40.80223063762222,16.39936221128684,24.125452352232735,51.29752564876134,20.0,27.069996929013268,-69.74677521440276,-63.565291940152385,FLAT
2026-10-01T09:01:49.821435+00:00,0,PERP,DOT|GATE|HTX,DOT,GATE,HTX,-6.920898850686363,-0.5647777400119611,0.016470148209603522,12.283361236491091,-26.73202365627403,12.906385110533769,20.0,39.66585451599372,-92.41434832047734,-78.55576947831788,FLAT
2026-10-01T09:01:50.221121+00:00,0,PERP,HBAR|GATE|HTX,HBAR,GATE,HTX,22.618436410704046,-0.06778483650402149,23.942979363519534,19.540401970828775,-25.279044099418833,70.58637502902255,20.0,95.64902420674119,-170.87104766967957,-168.2924198722442,FLAT
2026-10-01T09:01:50.743271+00:00,0,PERP,ICP|HTX|OKX,ICP,HTX,OKX,-36.06311044327404,0.22253795607662294,-39.60343632832241,15.908863132675597,-48.03362353647533,-24.06738868832692,20.0,24.052950754606286,-58.48313796275921,-65.58899839460177,FLAT
2026-10-01T09:01:51.165000+00:00,0,PERP,HBAR|BITGET|HTX,HBAR,BITGET,HTX,15.314107622257378,0.0306200650687086,14.724776849050151,19.246555220729373,-27.055269458612365,57.6990586719961,21.999999999999996,84.62473004648152,-154.40477635414402,-155.59901186942747,FLAT
2026-10-01T09:01:51.667028+00:00,0,PERP,DOT|BITGET|HTX,DOT,BITGET,HTX,-6.920898850686363,-0.9562761565933154,3.2637454289219066,10.650317075655781,-26.73202365627403,12.906385110533769,21.999999999999996,39.66585451599372,-97.66162360118966,-77.30849419760558,FLAT
2026-10-01T09:01:52.548707+00:00,0,PERP,APT|HTX|MEXC,APT,HTX,MEXC,-52.215922428467955,-2.7229735047889005,-10.755560150220028,15.226135034120414,-73.94186639469558,-30.397471688444753,26.0,43.772761695521865,-138.95906793999742,-56.13085015729714,FLAT
2026-10-01T09:02:02.891034+00:00,1,PERP,OP|GATE|OKX,OP,GATE,OKX,-2.0700546922791663,-0.5323682106706714,1.7159775145116691,7.111679718857058,-14.892188951609597,10.77841996838913,20.0,25.675896943424394,-68.28406340954565,-60.73833939730185,FLAT
2026-10-01T09:02:03.233258+00:00,1,PERP,OP|BITGET|GATE,OP,BITGET,GATE,-8.05900108018398,-0.13759613894442457,-6.850139221847558,8.785579796135742,-25.491831411151857,9.400628375042519,21.999999999999996,34.92058170371576,-81.56227389302006,-79.17134930060584,FLAT
2026-10-01T09:02:03.554160+00:00,1,SPOT,ICP|GATE|HTX,ICP,GATE,HTX,3.3221665545535295,0.20978363266619085,-1.595382967222795,23.441054286638096,-64.28139107505393,71.0223096087681,60.0,135.25869654532866,-263.9447046531598,-273.87638912131956,FLAT
2026-10-01T09:02:04.298903+00:00,1,PERP,ICP|HTX|MEXC,ICP,HTX,MEXC,-37.5713856327009,0.132933195403102,-39.84397129811725,17.0956972675263,-51.03572500750331,-24.074631357206002,26.0,27.062733116589932,-70.25448682597599,-74.83207305750119,FLAT
2026-10-01T09:02:04.694716+00:00,1,PERP,APT|GATE|HTX,APT,GATE,HTX,50.58681071886673,2.4145327568452855,12.899609923763112,15.608486026233887,26.69181726252745,74.49267916773694,20.0,47.56026720758224,-59.7680598688179,-135.15333645155607,FLAT
2026-10-01T09:02:05.161034+00:00,1,PERP,ICP|GATE|HTX,ICP,GATE,HTX,33.17249698431945,-0.46524575498744813,40.80223063762222,16.39936221128684,18.08863430810881,48.26546003016574,20.0,30.0770498929893,-78.79064622250272,-63.54027928553282,FLAT
2026-10-01T09:02:05.609039+00:00,1,PERP,DOT|GATE|HTX,DOT,GATE,HTX,-6.920898850686363,-0.5647777400119611,0.016470148209603522,12.283361236491091,-26.73202365627403,12.906385110533769,20.0,39.66585451599372,-92.41434832047734,-78.55576947831788,FLAT
2026-10-01T09:02:06.006229+00:00,1,PERP,HBAR|GATE|HTX,HBAR,GATE,HTX,21.012184351940633,-0.14998642381841423,23.942979363519534,19.540401970828775,-26.638020928302364,68.73018950717568,20.0,95.16819307295852,-171.7491933647804,-165.95540321661466,FLAT
2026-10-01T09:02:06.488658+00:00,1,PERP,ICP|HTX|OKX,ICP,HTX,OKX,-34.565674782085495,0.3166638309867495,-39.60343632832241,15.908863132675597,-48.03362353647533,-21.06530243755511,20.0,27.061823134292474,-61.4920103424454,-71.59995702505978,FLAT
2026-10-01T09:02:07.005744+00:00,1,PERP,HBAR|BITGET|HTX,HBAR,BITGET,HTX,15.4006189483602,0.03511496429148724,14.724776849050151,19.246555220729373,-26.709817510701672,57.52434329376,21.999999999999996,84.10463236881516,-153.53922672856697,-154.904198813525,FLAT
2026-10-01T09:02:07.435052+00:00,1,PERP,DOT|BITGET|HTX,DOT,BITGET,HTX,-6.920898850686363,-0.9562761565933154,3.2637454289219066,10.650317075655781,-26.73202365627403,12.906385110533769,21.999999999999996,39.66585451599372,-97.66162360118966,-77.30849419760558,FLAT
2026-10-01T09:02:08.229466+00:00,1,PERP,APT|HTX|MEXC,APT,HTX,MEXC,-51.95700664095027,-2.705968809445172,-10.755560150220028,15.226135034120414,-73.94186639469558,-29.8773859064716,26.0,44.29441723711115,-139.4807234815867,-57.17259148085958,FLAT
2026-10-01T09:02:18.600353+00:00,2,PERP,OP|GATE|OKX,OP,GATE,OKX,-1.5271486202295126,-0.4560281484755047,1.7159775145116691,7.111679718857058,-14.544967411679322,11.517892585692913,20.0,26.06681235346656,-68.32775727965755,-61.8687274246478,FLAT
2026-10-01T09:02:18.936538+00:00,2,PERP,OP|BITGET|GATE,OP,BITGET,GATE,-10.397623221033436,-0.4037848476142926,-6.850139221847558,8.785579796135742,-25.19429607466983,4.412068483961029,21.999999999999996,29.637174451161062,-75.98133130398332,-68.89938215696965,FLAT
2026-10-01T09:02:19.313345+00:00,2,SPOT,ICP|GATE|HTX,ICP,GATE,HTX,-1.8611802297407998,-0.011338963651882965,-1.595382967222795,23.441054286638096,-69.38620232584292,65.75972216838588,60.0,135.17101423315464,-268.96183359177473,-268.5261193687633,FLAT
2026-10-01T09:02:20.053641+00:00,2,PERP,ICP|HTX|MEXC,ICP,HTX,MEXC,-34.565674782085495,0.3087499991040443,-39.84397129811725,17.0956972675263,-48.03362353647533,-21.06530243755511,26.0,27.061823134292474,-67.25147537265056,-77.84049199485462,FLAT
2026-10-01T09:02:20.444909+00:00,2,PERP,APT|GATE|HTX,APT,GATE,HTX,51.95402439862163,2.502127010218544,12.899609923763112,15.608486026233887,27.391500837647964,76.53098355600906,20.0,48.88549863874596,-60.393607724861106,-138.5168722709919,FLAT
2026-10-01T09:02:20.892248+00:00,2,PERP,ICP|GATE|HTX,ICP,GATE,HTX,30.147723846849495,-0.6496903143855057,40.80223063762222,16.39936221128684,15.069318866787196,45.235223160433605,20.0,30.075231574299973,-81.80814334513501,-60.50822409711136,FLAT
2026-10-01T09:02:21.287055+00:00,2,PERP,DOT|GATE|HTX,DOT,GATE,HTX,-6.920898850686363,-0.5647777400119611,0.016470148209603522,12.283361236491091,-26.73202365627403,12.906385110533769,20.0,39.66585451599372,-92.41434832047734,-78.55576947831788,FLAT
2026-10-01T09:02:21.683099+00:00,2,PERP,HBAR|GATE|HTX,HBAR,GATE,HTX,23.71615716040054,-0.011607857579266157,23.942979363519534,19.540401970828775,-27.560219507068993,75.05939418725794,20.0,102.37677177151448,-179.87997064210302,-179.4931865952529,FLAT
2026-10-01T09:02:22.133973+00:00,2,PERP,ICP|HTX|OKX,ICP,HTX,OKX,-28.721180895354692,0.6840372779759725,-39.60343632832241,15.908863132675597,-42.36287531602989,-15.046644598254444,20.0,27.394872541488443,-56.15431152919592,-77.95166427155641,FLAT
2026-10-01T09:02:22.543558+00:00,2,PERP,HBAR|BITGET|HTX,HBAR,BITGET,HTX,20.553251247661386,0.3028320825086515,14.724776849050151,19.246555220729373,-25.921969305924275,67.03900335976121,21.999999999999996,92.77029834753769,-161.4170445025121,-173.08452485824876,FLAT
2026-10-01T09:02:22.986033+00:00,2,PERP,DOT|BITGET|HTX,DOT,BITGET,HTX,-6.920898850686363,-0.9562761565933154,3.2637454289219066,10.650317075655781,-26.73202365627403,12.906385110533769,21.999999999999996,39.66585451599372,-97.66162360118966,-77.30849419760558,FLAT
2026-10-01T09:02:23.753329+00:00,2,PERP,APT|HTX|MEXC,APT,HTX,MEXC,-49.89186736016782,-2.5703375887739606,-10.755560150220028,15.226135034120414,-72.37017049736782,-27.316676361305305,26.0,45.27919212277813,-138.89380246992593,-60.71807591169285,FLAT
2026-10-01T09:26:10.032329+00:00,0,PERP,OP|GATE|OKX,OP,GATE,OKX,-2.12047693026185,-0.5583604137023634,1.822639558276921,7.061955668369905,-14.876496698577046,10.662311474982644,20.0,25.544196703851995,-68.24333296070597,-60.38386862055772,FLAT
2026-10-01T09:26:10.380423+00:00,0,PERP,OP|BITGET|GATE,OP,BITGET,GATE,-5.475318497500936,0.13658026878536578,-6.658739999117234,8.664659340186468,-19.391086280757808,8.451545576222408,21.999999999999996,27.857880511555212,-68.59022679319578,-70.96816608689485,FLAT
2026-10-01T09:26:11.089510+00:00,0,PERP,ICP|HTX|MEXC,ICP,HTX,MEXC,-22.515761032725344,1.0027125968025123,-39.71847051204132,17.156171702811577,-27.010804321730973,-18.018018018018942,26.0,9.013079126806115,-28.30541293649577,-62.7135316208285,FLAT
2026-10-01T09:26:11.538044+00:00,0,PERP,DOT|GATE|HTX,DOT,GATE,HTX,-1.2781172988673983,-0.105178514109313,0.004866384776119941,12.198153724724628,-40.10916415069899,37.61658700682125,20.0,77.73563454793909,-143.8496650834142,-141.3473551699842,FLAT
2026-10-01T09:26:12.058754+00:00,0,PERP,ICP|HTX|OKX,ICP,HTX,OKX,-19.51365956169404,1.2385115435353267,-39.39456886224113,16.052259992504474,-24.009603841538272,-15.015015015015232,20.0,9.012174065538332,-19.627209044835475,-59.39172791276423,FLAT
2026-10-01T09:26:12.555052+00:00,0,PERP,DOT|BITGET|HTX,DOT,BITGET,HTX,2.8180407849931477,-0.047495193096663474,3.3208746476914386,10.587047444462645,-31.9520053989808,37.61658700682125,21.999999999999996,69.5489815435893,-132.82186159026153,-131.84469390271911,FLAT
2026-10-01T09:26:13.107615+00:00,0,PERP,DOT|HTX|OKX,DOT,HTX,OKX,-3.734960773636997,-0.2545740275452011,-1.1144221357726716,10.293817728122457,-35.7731964057062,28.500452330937343,20.0,64.29705853850824,-124.95583280844177,-119.91193300521826,FLAT
2026-10-01T09:26:13.933261+00:00,0,PERP,DOT|HTX|MEXC,DOT,HTX,MEXC,-3.226799628479604,-0.17870248313118547,-1.411379546131766,10.158896790567473,-34.20921509064145,27.946295321876757,26.0,62.17498807246601,-126.97282361697569,-123.53266294047452,FLAT
2026-10-01T09:26:14.414354+00:00,0,PERP,OP|GATE|HTX,OP,GATE,HTX,56.60162182895556,1.1942179372995398,35.75802123285056,17.453766138564454,24.94034100861242,88.32503984157913,20.0,63.02788984018692,-99.84557006442506,-141.5949084489155,FLAT
2026-10-01T09:26:14.890324+00:00,0,PERP,ICP|BITGET|HTX,ICP,BITGET,HTX,12.022843402466066,-1.1259250815402186,31.615360829878373,17.401262080964177,6.009615384616751,18.03968731208805,21.999999999999996,12.015624643291792,-65.6213700885534,-26.439951125501462,FLAT
2026-10-01T09:26:25.250213+00:00,1,PERP,OP|GATE|OKX,OP,GATE,OKX,-2.493471971071193,-0.6111779416401225,1.822639558276921,7.061955668369905,-15.15778575598703,10.197148489841101,20.0,25.361230703475012,-68.34165601773897,-59.735739635039195,FLAT
2026-10-01T09:26:25.583841+00:00,1,PERP,OP|BITGET|GATE,OP,BITGET,GATE,-6.483370376162423,0.0202396442917786,-6.658739999117234,8.664659340186468,-20.682843032278075,7.7270081729285955,21.999999999999996,28.42827812430762,-70.45238115746847,-70.81402629635345,FLAT
2026-10-01T09:26:26.323190+00:00,1,PERP,ICP|HTX|MEXC,ICP,HTX,MEXC,-22.515761032725344,1.0027125968025123,-39.71847051204132,17.156171702811577,-27.010804321730973,-18.018018018018942,26.0,9.013079126806115,-28.30541293649577,-62.7135316208285,FLAT
2026-10-01T09:26:26.775413+00:00,1,PERP,DOT|GATE|HTX,DOT,GATE,HTX,2.8180407849931477,0.2306229666965879,0.004866384776119941,12.198153724724628,-31.9520053989808,37.61658700682125,20.0,69.5489815435893,-127.50585332734622,-133.16070216563443,FLAT
2026-10-01T09:26:27.298407+00:00,1,PERP,ICP|HTX|OKX,ICP,HTX,OKX,-19.51365956169404,1.2385115435353267,-39.39456886224113,16.052259992504474,-24.009603841538272,-15.015015015015232,20.0,9.012174065538332,-19.627209044835475,-59.39172791276423,FLAT
2026-10-01T09:26:27.780435+00:00,1,PERP,DOT|BITGET|HTX,DOT,BITGET,HTX,11.020433602364488,0.7272621564287178,3.3208746476914386,10.587047444462645,-23.781474255865078,45.85089101584838,21.999999999999996,69.5557001687418,-124.65804907229831,-140.08571653689873,FLAT
2026-10-01T09:26:28.298803+00:00,1,PERP,DOT|HTX|OKX,DOT,HTX,OKX,-6.283881755393406,-0.5021907086520385,-1.1144221357726716,10.293817728122457,-37.854878716321316,25.4814170845985,20.0,63.375524155323646,-126.11598073587228,-115.97136337569482,FLAT
2026-10-01T09:26:29.002855+00:00,1,PERP,DOT|HTX|MEXC,DOT,HTX,MEXC,-4.8650106490655265,-0.33996123537158623,-1.411379546131766,10.158896790567473,-35.84241580924407,26.303043163691253,26.0,62.17512236788163,-128.60615863099395,-121.88954507770464,FLAT
2026-10-01T09:26:29.462494+00:00,1,PERP,OP|GATE|HTX,OP,GATE,HTX,56.945663564331724,1.2139295418119895,35.75802123285056,17.453766138564454,25.406243201144818,88.55044055251504,20.0,62.78658731702771,-99.13836534873346,-141.57900663669218,FLAT
2026-10-01T09:26:29.938776+00:00,1,PERP,ICP|BITGET|HTX,ICP,BITGET,HTX,12.022843402466066,-1.1259250815402186,31.615360829878373,17.401262080964177,6.009615384616751,18.03968731208805,21.999999999999996,12.015624643291792,-65.6213700885534,-26.439951125501462,FLAT
2026-10-01T09:26:40.305964+00:00,2,PERP,OP|GATE|OKX,OP,GATE,OKX,0.5268534847058248,-0.1834882763955667,1.822639558276921,7.061955668369905,-10.327471932638499,11.398939870492786,20.0,21.725252681337537,-59.87536417225296,-57.3015529935534,FLAT
2026-10-01T09:26:40.681244+00:00,2,PERP,OP|BITGET|GATE,OP,BITGET,GATE,-7.994521875431815,-0.1541643847576625,-6.658739999117234,8.664659340186468,-23.130705271106056,7.162818654105063,21.999999999999996,30.317746737925237,-74.78971200991406,-72.13930539114753,FLAT
2026-10-01T09:26:41.625265+00:00,2,PERP,ICP|HTX|MEXC,ICP,HTX,MEXC,-22.515761032725344,1.0027125968025123,-39.71847051204132,17.156171702811577,-27.010804321730973,-18.018018018018942,26.0,9.013079126806115,-28.30541293649577,-62.7135316208285,FLAT
2026-10-01T09:26:42.077697+00:00,2,PERP,DOT|GATE|HTX,DOT,GATE,HTX,-5.337838613543866,-0.4379929224445478,0.004866384776119941,12.198153724724628,-40.10916415069899,29.46196466770301,20.0,69.60827293423822,-135.72230346971332,-125.06537121716511,FLAT
2026-10-01T09:26:42.559495+00:00,2,PERP,ICP|HTX|OKX,ICP,HTX,OKX,-19.51365956169404,1.2385115435353267,-39.39456886224113,16.052259992504474,-24.009603841538272,-15.015015015015232,20.0,9.012174065538332,-19.627209044835475,-59.39172791276423,FLAT
2026-10-01T09:26:43.025030+00:00,2,PERP,DOT|BITGET|HTX,DOT,BITGET,HTX,2.851151276981323,-0.044367740219752726,3.3208746476914386,10.587047444462645,-31.9520053989808,37.68283513054804,21.999999999999996,69.61498055878008,-132.88786060545232,-131.97694104163668,FLAT
2026-10-01T09:26:43.537136+00:00,2,PERP,DOT|HTX|OKX,DOT,HTX,OKX,1.9861879355698164,0.30121089699030684,-1.1144221357726716,10.293817728122457,-29.6915311031265,33.85907602741378,20.0,63.53738803123908,-118.11449699859293,-124.51088619442554,FLAT
2026-10-01T09:26:44.271609+00:00,2,PERP,DOT|HTX|MEXC,DOT,HTX,MEXC,3.7024837894139573,0.5033876651147732,-1.411379546131766,10.158896790567473,-28.558823942508305,36.162556112799834,26.0,64.69681574202572,-123.84426013840226,-134.27075140095732,FLAT
2026-10-01T09:26:44.726250+00:00,2,PERP,OP|GATE|HTX,OP,GATE,HTX,56.276602334213166,1.1755961973173445,35.75802123285056,17.453766138564454,26.15168587330796,86.45073684202309,20.0,59.96156746657882,-95.56790282612143,-136.65428307575135,FLAT
2026-10-01T09:26:45.182192+00:00,2,PERP,ICP|BITGET|HTX,ICP,BITGET,HTX,12.022843402466066,-1.1259250815402186,31.615360829878373,17.401262080964177,6.009615384616751,18.03968731208805,21.999999999999996,12.015624643291792,-65.6213700885534,-26.439951125501462,FLAT
2026-10-01T09:48:22.778489+00:00,0,PERP,OP|GATE|OKX,OP,GATE,OKX,0.5064561307244198,-0.18787180371586723,1.8334475816089406,7.063281581580122,-9.61364276170662,10.642511979215286,20.0,20.255116337910053,-57.70220668122561,-55.0641807355164,FLAT
2026-10-01T09:48:23.077396+00:00,0,PERP,OP|BITGET|GATE,OP,BITGET,GATE,-6.001625062167504,0.07711004545519277,-6.669670333995067,8.663531033913761,-17.72121679891603,5.727002597277764,21.999999999999996,23.462297105174635,-62.51384357009559,-63.85897003644746,FLAT
2026-10-01T09:48:23.815765+00:00,0,PERP,ICP|HTX|MEXC,ICP,HTX,MEXC,-31.203088856898155,0.49971085602942605,-39.762038838779134,17.127804766716885,-42.16867469879482,-20.216652580743457,26.0,22.020713742685743,-56.427349602701426,-73.56610000072142,FLAT
2026-10-01T09:48:24.254542+00:00,0,PERP,DOT|GATE|HTX,DOT,GATE,HTX,-3.600476287315413,-0.30258894738342745,0.09599711577559794,12.216154737492781,-28.40634275470655,21.22573953730944,20.0,49.64995029556811,-104.15229016605026,-96.77969271710197,FLAT
2026-10-01T09:48:24.742553+00:00,0,PERP,ICP|HTX|OKX,ICP,HTX,OKX,-31.203088856898155,0.5250976248129521,-39.563375707660455,15.921395290524051,-42.16867469879482,-20.216652580743457,20.0,22.020713742685743,-50.626012733820104,-67.36743686960274,FLAT
2026-10-01T09:48:25.180257+00:00,0,PERP,DOT|BITGET|HTX,DOT,BITGET,HTX,-3.600476287315413,-0.6402338591480072,3.184262625833514,10.597282252734546,-28.40634275470655,21.22573953730944,21.999999999999996,49.64995029556811,-109.24055567610817,-95.69142720704403,FLAT
2026-10-01T09:48:25.627838+00:00,0,PERP,DOT|HTX|OKX,DOT,HTX,OKX,11.505836168776984,1.2268819902192887,-1.1258428476558349,10.295757144641986,-10.898998135658866,34.0037310838226,20.0,44.850931604873175,-80.62408689287622,-105.98050553635161,FLAT
2026-10-01T09:48:26.405409+00:00,0,PERP,DOT|HTX|MEXC,DOT,HTX,MEXC,12.214960355685367,1.3413229698670588,-1.4114019305404908,10.158897291959738,-8.901676899149003,33.419307572144504,26.0,42.269171068088795,-81.75944603669731,-109.09988057077379,FLAT
2026-10-01T09:48:26.868289+00:00,0,PERP,OP|GATE|HTX,OP,GATE,HTX,60.37306930192665,1.3924476788814493,35.92067306321701,17.56072893047745,33.260809357025245,87.52978393018473,20.0,53.94326610361327,-82.60312980980504,-131.552376970581,FLAT
2026-10-01T09:48:27.297338+00:00,0,PERP,ICP|BITGET|HTX,ICP,BITGET,HTX,23.721956073134987,-0.45687712956068516,31.65853234295743,17.371358197452206,11.175802203027274,36.27569528415808,21.999999999999996,25.04048984877095,-73.5232199887011,-57.6576527899716,FLAT
2026-10-01T09:48:37.626894+00:00,1,PERP,OP|GATE|OKX,OP,GATE,OKX,1.4137643277534195,-0.0594176020038598,1.8334475816089406,7.063281581580122,-10.731481693248002,13.58429228751623,20.0,24.312310506538275,-62.87723978139522,-62.063155212445565,FLAT
2026-10-01T09:48:37.918103+00:00,1,PERP,OP|BITGET|GATE,OP,BITGET,GATE,-6.984904850823037,-0.03638637820929723,-6.669670333995067,8.663531033913761,-22.43838050682512,8.484573487164138,21.999999999999996,30.94456019343471,-74.71327036626477,-74.09880401459392,FLAT
2026-10-01T09:48:38.601470+00:00,1,PERP,ICP|HTX|MEXC,ICP,HTX,MEXC,-28.18817976536714,0.6757351120619126,-39.762038838779134,17.127804766716885,-39.1566265060228,-17.198877150620405,26.0,22.019799352363865,-53.41438701960753,-76.58296104052259,FLAT
2026-10-01T09:48:39.048152+00:00,1,PERP,DOT|GATE|HTX,DOT,GATE,HTX,-15.86607696134612,-1.3066365333546637,0.09599711577559794,12.216154737492781,-44.69659748605248,13.011620078673403,20.0,57.799884739850405,-128.59247934167848,-96.7155077027482,FLAT
2026-10-01T09:48:39.486330+00:00,1,PERP,ICP|HTX|OKX,ICP,HTX,OKX,-28.022181315644488,0.7248858646757517,-39.563375707660455,15.921395290524051,-39.1566265060228,-16.866564614615996,20.0,22.352678864319163,-47.94592966268151,-71.04948995736362,FLAT
2026-10-01T09:48:39.907086+00:00,1,PERP,DOT|BITGET|HTX,DOT,BITGET,HTX,-11.790889661925652,-1.4131125255152042,3.184262625833514,10.597282252734546,-36.57308612673549,13.011620078673403,21.999999999999996,49.643231670415624,-117.40058042298462,-87.47058912325551,FLAT
2026-10-01T09:48:40.433146+00:00,1,PERP,DOT|HTX|OKX,DOT,HTX,OKX,15.99788342008912,1.6631828069736778,-1.1258428476558349,10.295757144641986,-6.730822343399279,38.82099502510394,20.0,45.47886515473512,-77.08384465047857,-111.42570302749489,FLAT
2026-10-01T09:48:41.107169+00:00,1,PERP,DOT|HTX|MEXC,DOT,HTX,MEXC,2.6741361959237153,0.40216354285791495,-1.4114019305404908,10.158897291959738,-29.390654708519868,34.94317742333442,26.0,64.31598469727264,-124.29523747525201,-132.67056405114755,FLAT
2026-10-01T09:48:41.519279+00:00,1,PERP,OP|GATE|HTX,OP,GATE,HTX,51.9201520399859,0.9110942398866521,35.92067306321701,17.56072893047745,23.172353988352157,80.72294473656427,20.0,57.25327830456177,-96.00159737942663,-128.05554997790904,FLAT
2026-10-01T09:48:42.006833+00:00,1,PERP,ICP|BITGET|HTX,ICP,BITGET,HTX,20.693641282780728,-0.6312051674684183,31.65853234295743,17.371358197452206,8.152191269108489,33.24267150196292,21.999999999999996,25.038663830012258,-76.5450049038612,-54.62280298901774,FLAT
2026-10-01T09:48:52.332106+00:00,2,PERP,OP|GATE|OKX,OP,GATE,OKX,-0.010054779964185911,-0.26099799934079904,1.8334475816089406,7.063281581580122,-11.642778751191907,11.644540653130697,20.0,23.28732227752505,-62.7635486103259,-59.0984153490468,FLAT
2026-10-01T09:48:52.640149+00:00,2,PERP,OP|BITGET|GATE,OP,BITGET,GATE,-8.443945512452977,-0.20479815579957344,-6.669670333995067,8.663531033913761,-21.575064330795477,4.69728194239627,21.999999999999996,26.29454535458262,-69.19993935138302,-65.66149763097395,FLAT
2026-10-01T09:48:53.323849+00:00,2,PERP,ICP|HTX|MEXC,ICP,HTX,MEXC,-25.173270673838346,0.8517593680942693,-39.762038838779134,17.127804766716885,-36.144578313251905,-14.181101720495137,26.0,22.01888551479686,-50.401424989269636,-79.59982263308086,FLAT
2026-10-01T09:48:53.712224+00:00,2,PERP,DOT|GATE|HTX,DOT,GATE,HTX,-14.612283309801688,-1.2040024657215487,0.09599711577559794,12.216154737492781,-42.160829538725466,12.958825201045965,20.0,55.200305754938725,-123.4571324094398,-94.06313384020909,FLAT
2026-10-01T09:48:54.184764+00:00,2,PERP,ICP|HTX|OKX,ICP,HTX,OKX,-28.18817976536714,0.7144597401625661,-39.563375707660455,15.921395290524051,-39.1566265060228,-17.198877150620405,20.0,22.019799352363865,-47.61305015072621,-70.38429790940391,FLAT
2026-10-01T09:48:54.622657+00:00,2,PERP,DOT|BITGET|HTX,DOT,BITGET,HTX,-6.430892308825209,-0.9073227177824396,3.184262625833514,10.597282252734546,-34.00535110264058,21.166168500392768,21.999999999999996,55.207013379480586,-120.39662710795469,-101.18891925403983,FLAT
2026-10-01T09:48:55.128054+00:00,2,PERP,DOT|HTX|OKX,DOT,HTX,OKX,6.268827711168878,0.7182250372594475,-1.1258428476558349,10.295757144641986,-19.146231701470118,31.803654128816916,20.0,50.91768487668998,-94.93807373050426,-109.84718185316272,FLAT
2026-10-01T09:48:55.853525+00:00,2,PERP,DOT|HTX|MEXC,DOT,HTX,MEXC,10.53434852274826,1.1758904642872232,-1.4114019305404908,10.158897291959738,-13.759994683459897,34.94317742333442,26.0,48.65165164181542,-93.00024439473482,-117.00623099569033,FLAT
2026-10-01T09:48:56.245458+00:00,2,PERP,OP|GATE|HTX,OP,GATE,HTX,53.618022875940866,1.0077799095235334,35.92067306321701,17.56072893047745,22.67939658287421,84.61911230271957,20.0,61.60931575869782,-100.85059223904062,-136.30775499820038,FLAT
2026-10-01T09:48:56.681443+00:00,2,PERP,ICP|BITGET|HTX,ICP,BITGET,HTX,20.693641282780728,-0.6312051674684183,31.65853234295743,17.371358197452206,8.152191269108489,33.24267150196292,21.999999999999996,25.038663830012258,-76.5450049038612,-54.62280298901774,FLAT
2026-10-01T10:04:17.709062+00:00,0,PERP,OP|GATE|OKX,OP,GATE,OKX,-4.601489460128727,-0.8788010984675397,1.5649876648014351,7.016920137768733,-19.384304011536013,10.217696131520349,20.0,29.61558303442967,-76.56487471076711,-64.26829150114858,FLAT
2026-10-01T10:04:17.938670+00:00,0,PERP,OP|BITGET|GATE,OP,BITGET,GATE,-7.643014064987463,-0.105438892171522,-6.732149644478202,8.6387897458892,-25.30542169544292,10.040570374962865,21.999999999999996,35.37301502790271,-81.94628707886743,-80.14573504734378,FLAT
2026-10-01T10:04:18.637309+00:00,0,PERP,ICP|HTX|MEXC,ICP,HTX,MEXC,-35.07166819152086,0.2533310678276852,-39.473477949506986,17.375720221493808,-45.703839122486215,-24.42002442002544,26.0,21.358705429486644,-59.58906660246588,-68.41215895896819,FLAT
2026-10-01T10:04:19.021604+00:00,0,PERP,DOT|GATE|HTX,DOT,GATE,HTX,-3.721438240401609,-0.2814908541529135,-0.20504457200994541,12.492035234940396,-30.45316465593695,23.036736363035715,20.0,53.5098012836864,-109.7579213676134,-102.75158221873207,FLAT
2026-10-01T10:04:19.467761+00:00,0,PERP,ICP|HTX|OKX,ICP,HTX,OKX,-33.71130442234915,0.341474444582584,-39.22384070527951,16.143334795284144,-45.703839122486215,-21.696805372944937,20.0,24.08821817967641,-56.56821659688312,-67.61525351201098,FLAT
2026-10-01T10:04:19.870255+00:00,0,PERP,DOT|BITGET|HTX,DOT,BITGET,HTX,3.7911767480247605,0.06299455554606438,3.112246554887023,10.777601131597383,-22.17281014153083,29.77674633657168,21.999999999999996,51.92985998369492,-105.21491668011276,-106.59435976537956,FLAT
2026-10-01T10:04:20.360228+00:00,0,PERP,DOT|HTX|OKX,DOT,HTX,OKX,-2.418657856739781,-0.15457694409091544,-0.776257365524943,10.62513236287586,-26.822004016812116,22.091370235002294,20.0,48.92497485194036,-100.97072150322754,-97.7926024524676,FLAT
2026-10-01T10:04:20.756959+00:00,0,PERP,OP|GATE|HTX,OP,GATE,HTX,63.538558646356606,1.5893105663859253,36.111276404154744,17.25734593495543,30.033843691803508,97.12018861213201,20.0,66.66269160268222,-98.74012431503346,-153.6716038106595,FLAT
2026-10-01T10:04:21.170417+00:00,0,PERP,ICP|BITGET|HTX,ICP,BITGET,HTX,29.151799656488286,-0.13490308681081767,31.512286435044686,17.497648381216404,15.476235891165313,42.83965728274275,21.999999999999996,27.283878452331766,-71.31992899621113,-66.61124930002983,FLAT
2026-10-01T10:04:31.408640+00:00,1,PERP,OP|GATE|OKX,OP,GATE,OKX,-2.047427151073977,-0.5148148681971606,1.5649876648014351,7.016920137768733,-17.110669580446825,13.052630271828125,20.0,30.16943189013663,-74.84508913538488,-67.65707449716332,FLAT
2026-10-01T10:04:31.659247+00:00,1,PERP,OP|BITGET|GATE,OP,BITGET,GATE,-5.631140660665723,0.12744944792022495,-6.732149644478202,8.6387897458892,-24.19616467606467,12.957496258110268,21.999999999999996,37.174579455653294,-82.63859448723976,-84.86422535824175,FLAT
2026-10-01T10:04:32.361231+00:00,1,PERP,ICP|HTX|MEXC,ICP,HTX,MEXC,-30.501753850848967,0.5163368185199008,-39.473477949506986,17.375720221493808,-42.65691651432091,-18.32061068702373,26.0,24.410735114898007,-59.59417367971193,-77.56360237738126,FLAT
2026-10-01T10:04:32.751414+00:00,1,PERP,DOT|GATE|HTX,DOT,GATE,HTX,3.7911767480247605,0.31990154085198375,-0.20504457200994541,12.492035234940396,-22.17281014153083,29.77674633657168,20.0,51.92985998369492,-99.89762555321579,-107.91165089227654,FLAT
2026-10-01T10:04:33.166857+00:00,1,PERP,ICP|HTX|OKX,ICP,HTX,OKX,-30.501753850848967,0.5402902786218912,-39.22384070527951,16.143334795284144,-42.65691651432091,-18.32061068702373,20.0,24.410735114898007,-53.84381092393941,-71.31396513315377,FLAT
2026-10-01T10:04:33.566030+00:00,1,PERP,DOT|BITGET|HTX,DOT,BITGET,HTX,3.7911767480247605,0.06299455554606438,3.112246554887023,10.777601131597383,-22.17281014153083,29.77674633657168,21.999999999999996,51.92985998369492,-105.21491668011276,-106.59435976537956,FLAT
2026-10-01T10:04:34.008643+00:00,1,PERP,DOT|HTX|OKX,DOT,HTX,OKX,-4.355987105996162,-0.3369115431426314,-0.776257365524943,10.62513236287586,-27.503224355343026,18.892440855737824,20.0,46.41566311328909,-99.14263010310718,-92.08436133455186,FLAT
2026-10-01T10:04:34.398679+00:00,1,PERP,OP|GATE|HTX,OP,GATE,HTX,61.93478270733355,1.4963776237962685,36.111276404154744,17.25734593495543,27.07929677921328,96.87497127350176,20.0,69.36595516481478,-104.39793478975625,-156.12965003416178,FLAT
2026-10-01T10:04:34.848093+00:00,1,PERP,ICP|BITGET|HTX,ICP,BITGET,HTX,25.903676629461803,-0.32053506182028924,31.512286435044686,17.497648381216404,12.228676245795711,39.586797185684475,21.999999999999996,27.287434042986376,-74.57104423223535,-63.361944793626165,FLAT
2026-10-01T10:04:45.111009+00:00,2,PERP,OP|GATE|OKX,OP,GATE,OKX,-2.785018592497135,-0.6199309913596653,1.5649876648014351,7.016920137768733,-15.279125118691228,9.73440204347531,20.0,25.02046979121853,-67.86458257471119,-59.18988416989241,FLAT
2026-10-01T10:04:45.344632+00:00,2,PERP,OP|BITGET|GATE,OP,BITGET,GATE,-4.571789815879246,0.2500766764959144,-6.732149644478202,8.6387897458892,-21.62345417496825,12.504932041710326,21.999999999999996,34.14397772810806,-77.0352822585981,-81.38105941429659,FLAT
2026-10-01T10:04:46.082413+00:00,2,PERP,ICP|HTX|MEXC,ICP,HTX,MEXC,-36.63562814837596,0.16332271496985784,-39.473477949506986,17.375720221493808,-51.82926829268353,-21.400183430143606,26.0,30.54091599407597,-74.89670633725251,-80.61421051343936,FLAT
2026-10-01T10:04:46.525205+00:00,2,PERP,DOT|GATE|HTX,DOT,GATE,HTX,13.231107604791958,1.0755775119190187,-0.20504457200994541,12.492035234940396,-19.856746992645835,46.346512455850416,20.0,66.1157694974971,-111.76747191813298,-138.66732652535745,FLAT
2026-10-01T10:04:46.967362+00:00,2,PERP,ICP|HTX|OKX,ICP,HTX,OKX,-41.21508166692101,-0.1233475602713258,-39.22384070527951,16.143334795284144,-57.92682926829329,-24.45735249159253,20.0,33.60792895922713,-78.31091752224091,-74.37441717291411,FLAT
2026-10-01T10:04:47.361093+00:00,2,PERP,DOT|BITGET|HTX,DOT,BITGET,HTX,15.687043645931098,1.1667528736221031,3.112246554887023,10.777601131597383,-22.349560626191423,53.75534508827773,21.999999999999996,75.98569342389526,-129.4475006049737,-154.62879195728596,FLAT
2026-10-01T10:04:47.758410+00:00,2,PERP,DOT|HTX|OKX,DOT,HTX,OKX,-13.371537496124075,-1.1854233623109445,-0.776257365524943,10.62513236287586,-49.67975573210603,23.183584784649547,20.0,72.96006268136857,-147.86356104794964,-122.91990483154305,FLAT
2026-10-01T10:04:48.268926+00:00,2,PERP,OP|GATE|HTX,OP,GATE,HTX,62.683240117185065,1.5397479898231492,36.111276404154744,17.25734593495543,34.68446530209501,90.74871557499753,20.0,55.714931673929556,-83.14174277598929,-136.35237084477234,FLAT
2026-10-01T10:04:48.670153+00:00,2,PERP,ICP|BITGET|HTX,ICP,BITGET,HTX,32.15926493108867,0.036975168431119684,31.512286435044686,17.497648381216404,15.309246785057962,49.0196078431393,21.999999999999996,33.602295383870505,-77.80533503385722,-79.10961679196511,FLAT
2026-10-01T10:27:28.089120+00:00,0,PERP,OP|GATE|OKX,OP,GATE,OKX,-0.3702105549141521,-0.2917477473690651,1.662461185178617,6.967223426480856,-12.540349200302892,11.820622322156193,20.0,24.361855844677443,-64.56466623015895,-60.52001698165502,FLAT
2026-10-01T10:27:28.427024+00:00,0,PERP,OP|BITGET|GATE,OP,BITGET,GATE,-5.65657758182514,0.15119157001865477,-6.969751165127926,8.685494721304638,-21.575052003622865,10.285615548824012,21.999999999999996,31.878682319002394,-74.48398315749733,-77.13404903295432,FLAT
2026-10-01T10:27:29.075801+00:00,0,PERP,ICP|HTX|MEXC,ICP,HTX,MEXC,-34.81683318195539,0.2820482277504228,-39.68129860464828,17.246927809088504,-45.372050816694376,-24.2424242424244,26.0,21.203432781680256,-58.89418499372635,-68.64230714390413,FLAT
2026-10-01T10:27:29.479168+00:00,0,PERP,DOT|GATE|HTX,DOT,GATE,HTX,-7.753942815268422,-0.6485205552698874,0.2331943933551709,12.315935314185497,-36.947935379616496,21.464317407069444,20.0,58.45757037034549,-121.63870014331715,-105.68869338405977,FLAT
2026-10-01T10:27:29.953728+00:00,0,PERP,ICP|HTX|OKX,ICP,HTX,OKX,-33.308099924297395,0.38253444439585604,-39.431661360420804,16.00786942413635,-45.372050816694376,-21.21855107608317,20.0,24.234192101025535,-56.174581557299106,-68.44730238536317,FLAT
2026-10-01T10:27:30.366185+00:00,0,PERP,DOT|BITGET|HTX,DOT,BITGET,HTX,-7.753942815268422,-1.0502476877468383,3.4353686285020255,10.653973890459662,-36.947935379616496,21.464317407069444,21.999999999999996,58.45757037034549,-126.84087437846401,-104.48651914891292,FLAT
2026-10-01T10:27:30.886595+00:00,0,PERP,DOT|HTX|OKX,DOT,HTX,OKX,6.899180883450651,0.7853789487695093,-1.238016143317943,10.360854514266684,-19.98807289047999,33.92160906593888,20.0,53.87217562849321,-98.62223237565526,-115.03180083775004,FLAT
2026-10-01T10:27:31.282626+00:00,0,PERP,OP|GATE|HTX,OP,GATE,HTX,54.23847372407975,1.0454465226450764,36.185906020719,17.267805968387638,22.82737397388157,85.70507810587546,20.0,62.53845609509916,-101.89698814193659,-138.05762818025562,FLAT
2026-10-01T10:27:31.696793+00:00,0,PERP,ICP|BITGET|HTX,ICP,BITGET,HTX,24.422789743401285,-0.4143050885295319,31.63719429085579,17.41326560351975,3.279577185111293,45.57885141294182,21.999999999999996,42.196215395042415,-98.55383250078691,-84.13787251712844,FLAT
2026-10-01T10:27:42.096671+00:00,1,PERP,OP|GATE|OKX,OP,GATE,OKX,-2.493738160821435,-0.5965359644134949,1.662461185178617,6.967223426480856,-14.89525026719618,9.931040182264983,20.0,24.832461210861407,-67.3901726632362,-59.101040207947776,FLAT
2026-10-01T10:27:42.432333+00:00,1,PERP,OP|BITGET|GATE,OP,BITGET,GATE,-3.7711704147069813,0.3682669615324445,-6.969751165127926,8.685494721304638,-16.83313633167982,9.30096045628881,21.999999999999996,26.143952164163313,-64.0073373307152,-70.41466378558005,FLAT
2026-10-01T10:27:43.091812+00:00,1,PERP,ICP|HTX|MEXC,ICP,HTX,MEXC,-34.84848484848424,0.2802130216847853,-39.68129860464828,17.246927809088504,-48.42615012106366,-21.237864077670032,26.0,27.28332434885409,-68.02817586526947,-77.72675887583235,FLAT
2026-10-01T10:27:43.549951+00:00,1,PERP,DOT|GATE|HTX,DOT,GATE,HTX,-7.753942815268422,-0.6485205552698874,0.2331943933551709,12.315935314185497,-36.947935379616496,21.464317407069444,20.0,58.45757037034549,-121.63870014331715,-105.68869338405977,FLAT
2026-10-01T10:27:43.991352+00:00,1,PERP,ICP|HTX|OKX,ICP,HTX,OKX,-34.84848484848424,0.28630771469350824,-39.431661360420804,16.00786942413635,-48.42615012106366,-21.237864077670032,20.0,27.28332434885409,-62.27781310949695,-71.47712163160486,FLAT
2026-10-01T10:27:44.398433+00:00,1,PERP,DOT|BITGET|HTX,DOT,BITGET,HTX,-7.753942815268422,-1.0502476877468383,3.4353686285020255,10.653973890459662,-36.947935379616496,21.464317407069444,21.999999999999996,58.45757037034549,-126.84087437846401,-104.48651914891292,FLAT
2026-10-01T10:27:44.847776+00:00,1,PERP,DOT|HTX|OKX,DOT,HTX,OKX,3.7041673732729485,0.4770053965901757,-1.238016143317943,10.360854514266684,-23.325128600849567,30.86935186646267,20.0,54.17407275395518,-102.2611852114868,-112.2814407637358,FLAT
2026-10-01T10:27:45.246998+00:00,1,PERP,OP|GATE|HTX,OP,GATE,HTX,43.45723720286632,0.4210917817503289,36.185906020719,17.267805968387638,5.427473580745801,81.57803048895352,20.0,75.82095118613533,-132.57938362610852,-147.21307565436985,FLAT
2026-10-01T10:27:45.677295+00:00,1,PERP,ICP|BITGET|HTX,ICP,BITGET,HTX,30.395136778114118,-0.07132823566939753,31.63719429085579,17.41326560351975,15.192950470981348,45.60656734569734,21.999999999999996,30.3214515980467,-74.76569541792114,-72.29082465288825,FLAT
2026-10-01T10:27:56.035826+00:00,2,PERP,OP|GATE|OKX,OP,GATE,OKX,-4.855062326417636,-0.9354549312750049,1.662461185178617,6.967223426480856,-18.41263538926885,8.730132398524493,20.0,27.155924049165883,-73.23102062361335,-60.22359526251176,FLAT
2026-10-01T10:27:56.367817+00:00,2,PERP,OP|BITGET|GATE,OP,BITGET,GATE,-4.3772618685467,0.2984849314595877,-6.969751165127926,8.685494721304638,-17.994357668098537,9.250430892715489,21.999999999999996,27.256715417192456,-66.28132192016307,-71.47689747503587,FLAT
2026-10-01T10:27:57.043441+00:00,2,PERP,ICP|HTX|MEXC,ICP,HTX,MEXC,-34.89077669902918,0.27776088348295114,-39.68129860464828,17.246927809088504,-48.4848484848488,-21.263669501822015,26.0,27.316448100597103,-68.11999798079762,-77.73407720342337,FLAT
2026-10-01T10:27:57.435662+00:00,2,PERP,DOT|GATE|HTX,DOT,GATE,HTX,0.3179422054810921,0.006881151123642932,0.2331943933551709,12.315935314185497,-37.45406548523067,38.15285082489961,20.0,75.60446019502514,-139.29172007361097,-139.5241166265696,FLAT
2026-10-01T10:27:57.899228+00:00,2,PERP,ICP|HTX|OKX,ICP,HTX,OKX,-34.89077669902918,0.28366577344421406,-39.431661360420804,16.00786942413635,-48.4848484848488,-21.263669501822015,20.0,27.316448100597103,-62.36963522502509,-71.4844399591959,FLAT
2026-10-01T10:27:58.347186+00:00,2,PERP,DOT|BITGET|HTX,DOT,BITGET,HTX,4.479539351633921,0.09800762925343016,3.4353686285020255,10.653973890459662,-29.165757719410436,38.15285082489961,21.999999999999996,67.28845475811542,-127.88958110602789,-130.005936954513,FLAT
2026-10-01T10:27:58.790435+00:00,2,PERP,DOT|HTX|OKX,DOT,HTX,OKX,-5.0510598743813695,-0.3680240588083679,-1.238016143317943,10.360854514266684,-36.69614138853028,26.78117029047966,20.0,63.508838607721955,-124.9669638529343,-117.52802504151956,FLAT
2026-10-01T10:27:59.182046+00:00,2,PERP,OP|GATE|HTX,OP,GATE,HTX,51.493172749461635,0.8864627478885166,36.185906020719,17.267805968387638,24.494185602237373,78.54457745986032,20.0,53.77344449688099,-91.4651649153626,-122.1321159360223,FLAT
2026-10-01T10:27:59.589084+00:00,2,PERP,ICP|BITGET|HTX,ICP,BITGET,HTX,33.367086789881654,0.09934337064704289,31.63719429085579,17.41326560351975,18.022809005169282,48.72107186357999,21.999999999999996,30.5961692852109,-72.2105545708974,-75.68004685793511,FLAT
2026-10-01T10:48:52.313816+00:00,0,PERP,OP|GATE|OKX,OP,GATE,OKX,-2.53253881176585,-0.590972679642251,1.5979736223680545,6.9893458300548446,-14.871067237545166,9.829664380744951,20.0,24.706966061921708,-67.17600692183493,-58.938656820298604,FLAT
2026-10-01T10:48:52.558427+00:00,0,PERP,OP|BITGET|GATE,OP,BITGET,GATE,-9.972281007067929,-0.3572839997834905,-6.892652982947661,8.619552025801555,-23.391915159343135,3.4576998176460982,21.999999999999996,26.876412904026427,-71.3756750804219,-65.22676570462018,FLAT
2026-10-01T10:48:53.196396+00:00,0,PERP,ICP|HTX|MEXC,ICP,HTX,MEXC,-27.782537807795606,0.6897957496418495,-39.67962373752767,17.24725896891823,-48.22182037371836,-7.265351089585925,26.0,41.07042516501557,-81.61262180120625,-105.48469781295731,FLAT
2026-10-01T10:48:53.575281+00:00,0,PERP,DOT|GATE|HTX,DOT,GATE,HTX,-4.955957909784647,-0.3547913494288345,-0.3867320007804659,12.878628287752814,-31.230490932994126,21.340289603526408,20.0,52.596838338997166,-109.44059727121083,-100.32385994330404,FLAT
2026-10-01T10:48:53.975822+00:00,0,PERP,ICP|HTX|OKX,ICP,HTX,OKX,-24.762941301454955,0.8953604757786682,-39.220437777414716,16.147123831199394,-45.20795660035937,-4.2399999999997995,20.0,41.06950855866082,-73.05702738160548,-102.04994633607575,FLAT
2026-10-01T10:48:54.417529+00:00,0,PERP,DOT|BITGET|HTX,DOT,BITGET,HTX,-4.955957909784647,-0.7346024202258264,3.044234052942176,10.890505860663323,-31.230490932994126,21.340289603526408,21.999999999999996,52.596838338997166,-114.87156332493346,-98.89289388958139,FLAT
2026-10-01T10:48:54.872830+00:00,0,PERP,DOT|HTX|OKX,DOT,HTX,OKX,2.856024768242982,0.35113118444400204,-0.8350917608110506,10.51207267420216,-20.65716577880572,26.473694509585588,20.0,47.11717189901883,-92.9392459170135,-100.42595816941547,FLAT
2026-10-01T10:48:55.260978+00:00,0,PERP,OP|GATE|HTX,OP,GATE,HTX,53.75341136057976,1.0192742706752804,36.15926585426369,17.261443766906584,25.367434725298565,82.19385408388958,20.0,56.522539224585834,-93.31437035355097,-128.55712745421172,FLAT
2026-10-01T10:48:55.660436+00:00,0,PERP,ICP|BITGET|HTX,ICP,BITGET,HTX,20.274569185867453,-0.6524446575114851,31.63607229330848,17.413742264018815,-1.810374374293655,42.372881355932094,21.999999999999996,44.09385329732552,-105.54029996492766,-82.83066235994914,FLAT
2026-10-01T10:49:05.919127+00:00,1,PERP,OP|GATE|OKX,OP,GATE,OKX,-2.7072876347467023,-0.6159748511229375,1.5979736223680545,6.9893458300548446,-13.143084561442198,7.748103427993591,20.0,20.896826983952682,-61.63788516776293,-53.04695678957822,FLAT
2026-10-01T10:49:06.163636+00:00,1,PERP,OP|BITGET|GATE,OP,BITGET,GATE,-11.097350550598462,-0.4878092916040836,-6.892652982947661,8.619552025801555,-24.313241741664715,2.128738087374682,21.999999999999996,26.471352083718074,-71.89194084243513,-63.49274315404042,FLAT
2026-10-01T10:49:06.812332+00:00,1,PERP,ICP|HTX|MEXC,ICP,HTX,MEXC,-30.802134314138474,0.5147188570304168,-39.67962373752767,17.24725896891823,-51.23568414707513,-10.290702179175382,26.0,41.07134232663289,-84.62740273618036,-102.46026388498518,FLAT
2026-10-01T10:49:07.193903+00:00,1,PERP,DOT|GATE|HTX,DOT,GATE,HTX,-0.0830771817206255,0.023578195773272446,-0.3867320007804659,12.878628287752814,-29.770838118053923,29.629239388144768,20.0,59.40056083816611,-114.78466695543958,-115.41653222709135,FLAT
2026-10-01T10:49:07.620529+00:00,1,PERP,ICP|HTX|OKX,ICP,HTX,OKX,-30.802134314138474,0.5213500281090578,-39.220437777414716,16.147123831199394,-51.23568414707513,-10.290702179175382,20.0,41.07134232663289,-79.0865886962933,-96.00107792487222,FLAT
2026-10-01T10:49:08.014958+00:00,1,PERP,DOT|BITGET|HTX,DOT,BITGET,HTX,-0.0830771817206255,-0.28715940973492315,3.044234052942176,10.890505860663323,-29.770838118053923,29.629239388144768,21.999999999999996,59.40056083816611,-120.21563300916219,-113.9855661733687,FLAT
2026-10-01T10:49:08.464649+00:00,1,PERP,DOT|HTX|OKX,DOT,HTX,OKX,-3.7757441327246344,-0.2797404910575137,-0.8350917608110506,10.51207267420216,-31.45881524704519,24.04924076917947,20.0,55.528659395589855,-112.152382881824,-106.41299192558037,FLAT
2026-10-01T10:49:08.845313+00:00,1,PERP,OP|GATE|HTX,OP,GATE,HTX,52.612309499091566,0.953167293941625,36.15926585426369,17.261443766906584,19.249000256880144,86.04547913988236,20.0,66.4468137849334,-109.35707938231694,-142.33302707055208,FLAT
2026-10-01T10:49:09.237783+00:00,1,PERP,ICP|BITGET|HTX,ICP,BITGET,HTX,24.76896177496135,-0.39435007215745416,31.63607229330848,17.413742264018815,1.1947855913496674,48.36434203512763,21.999999999999996,47.05300151234794,-105.49428821430675,-91.78127125416708,FLAT
2026-10-01T10:49:19.518925+00:00,2,PERP,OP|GATE|OKX,OP,GATE,OKX,-2.9156961795473446,-0.6457928841503584,1.5979736223680545,6.9893458300548446,-14.566979134291724,8.759435903569202,20.0,23.333193904739417,-65.4981466613992,-56.49465618594056,FLAT
2026-10-01T10:49:19.758297+00:00,2,PERP,OP|BITGET|GATE,OP,BITGET,GATE,-5.803781224004156,0.12632579462182056,-6.892652982947661,8.619552025801555,-19.87675161753577,8.280064726251535,21.999999999999996,28.173163230685617,-69.15726186527372,-71.34588093988481,FLAT
2026-10-01T10:49:20.402957+00:00,2,PERP,ICP|HTX|MEXC,ICP,HTX,MEXC,-34.75370202478012,0.2856060619037897,-39.67962373752767,17.24725896891823,-51.29752564876355,-18.15980629539915,26.0,33.253210911222986,-76.87111282245888,-86.77302835335152,FLAT
2026-10-01T10:49:20.793548+00:00,2,PERP,DOT|GATE|HTX,DOT,GATE,HTX,-3.9982820674933084,-0.2804297154959676,-0.3867320007804659,12.878628287752814,-29.51643310678209,21.541010770504965,20.0,51.077857491084195,-106.20755859708581,-99.00560026236963,FLAT
2026-10-01T10:49:21.225215+00:00,2,PERP,ICP|HTX|OKX,ICP,HTX,OKX,-31.731640979149045,0.46378518407072933,-39.220437777414716,16.147123831199394,-48.280024140013865,-15.133171912834475,20.0,33.252291523483315,-68.31187788608247,-83.33955738806355,FLAT
2026-10-01T10:49:21.629809+00:00,2,PERP,DOT|BITGET|HTX,DOT,BITGET,HTX,-3.9982820674933084,-0.6466656563560709,3.044234052942176,10.890505860663323,-29.51643310678209,21.541010770504965,21.999999999999996,51.077857491084195,-111.63852465080845,-97.57463420864698,FLAT
2026-10-01T10:49:22.063548+00:00,2,PERP,DOT|HTX|OKX,DOT,HTX,OKX,5.959299888667058,0.6463417691310611,-0.8350917608110506,10.51207267420216,-17.653956498820953,29.673828943477254,20.0,47.29938161764624,-90.11824635565615,-103.80830232193455,FLAT
2026-10-01T10:49:22.434383+00:00,2,PERP,OP|GATE|HTX,OP,GATE,HTX,55.257293481705275,1.1063980444124888,36.15926585426369,17.261443766906584,25.138847981525103,85.43443631322533,20.0,59.964185331535646,-96.98460320427424,-135.23935579049729,FLAT
2026-10-01T10:49:22.840571+00:00,2,PERP,ICP|BITGET|HTX,ICP,BITGET,HTX,27.272727272729114,-0.2505690594488204,31.63607229330848,17.413742264018815,9.088155104512996,45.468323734467745,21.999999999999996,36.28121651694134,-86.82913370573682,-78.11346795810061,FLAT
2026-10-01T11:04:06.390615+00:00,0,PERP,OP|GATE|OKX,OP,GATE,OKX,-2.590310977397259,-0.4117000521067851,0.975644644468319,8.661537941561043,-16.30472121389559,11.154218567606122,20.0,27.466021297721937,-70.74638715608585,-63.64459522085974,FLAT
2026-10-01T11:04:06.728691+00:00,0,PERP,OP|BITGET|GATE,OP,BITGET,GATE,-7.051967935072234,-0.07737717512879558,-6.291251717654634,9.83127409538246,-21.486686427243384,7.393948942280293,21.999999999999996,28.901011928322674,-72.09644663791143,-70.58621258825761,FLAT
2026-10-01T11:04:17.086125+00:00,1,PERP,OP|GATE|OKX,OP,GATE,OKX,0.9417080570872649,-0.003918078707271448,0.975644644468319,8.661537941561043,-12.292473929909065,14.203764565889898,20.0,26.493714236882063,-65.76183281125945,-65.72183415830364,FLAT
2026-10-01T11:04:17.418938+00:00,1,PERP,OP|BITGET|GATE,OP,BITGET,GATE,-10.605117661226515,-0.43879012035662923,-6.291251717654634,9.83127409538246,-24.97593956524824,3.7768357857093093,21.999999999999996,28.783296065563167,-75.46798391315677,-66.8513835689271,FLAT
2026-10-01T11:04:27.808656+00:00,2,PERP,OP|GATE|OKX,OP,GATE,OKX,1.82168645839198,0.0976780128000203,0.975644644468319,8.661537941561043,-10.696695440277626,14.36456338630654,20.0,25.05667034528392,-62.72901043002987,-64.44558908712214,FLAT
2026-10-01T11:04:28.165496+00:00,2,PERP,OP|BITGET|GATE,OP,BITGET,GATE,-8.32081151394548,-0.20643914273980904,-6.291251717654634,9.83127409538246,-23.325281226731498,6.695280561124228,21.999999999999996,30.045557630484193,-75.07958713956106,-71.03208990926305,FLAT
2026-10-01T11:25:30.609921+00:00,0,PERP,OP|GATE|OKX,OP,GATE,OKX,-0.6514334529594823,-0.275006510341572,1.3504827911849864,7.279523098045889,-12.474942024935931,11.194034068340297,20.0,23.670497696212465,-63.49592251233338,-59.51404897336778,FLAT
2026-10-01T11:25:30.831549+00:00,0,PERP,OP|BITGET|GATE,OP,BITGET,GATE,-5.799996137705321,0.09937800385256038,-6.6680068623928745,8.734435096677483,-18.945268658251415,7.355482339768127,21.999999999999996,26.31601031343368,-66.59327210929222,-68.33949951559468,FLAT
2026-10-01T11:25:31.535138+00:00,0,PERP,ICP|HTX|MEXC,ICP,HTX,MEXC,-43.97270659590724,-0.244743403833056,-39.785470011790004,17.108680023807416,-69.5915279878978,-18.237082066869803,26.0,51.58099585777046,-113.38705383387827,-105.12938380269065,FLAT
2026-10-01T11:25:31.993291+00:00,0,PERP,DOT|GATE|HTX,DOT,GATE,HTX,-3.64874228981793,-0.34291624163016093,0.5812199441681636,12.33526360220685,-28.94307263768159,21.6666666666665,20.0,50.62820345195134,-106.1524960338011,-97.71365017444968,FLAT
2026-10-01T11:25:32.461088+00:00,0,PERP,ICP|HTX|OKX,ICP,HTX,OKX,-43.80349993310051,-0.2703101151653966,-39.544624633154314,15.755515835359281,-69.25388261990739,-18.237082066869803,20.0,51.24099010745821,-106.95024809421128,-98.54853267374271,FLAT
2026-10-01T11:25:32.938328+00:00,0,PERP,DOT|BITGET|HTX,DOT,BITGET,HTX,-3.64874228981793,-0.703041049174166,3.7833941793150183,10.571411836994695,-28.94307263768159,21.6666666666665,21.999999999999996,50.62820345195134,-111.35467026894794,-96.51147593930281,FLAT
2026-10-01T11:25:33.514483+00:00,0,PERP,DOT|HTX|OKX,DOT,HTX,OKX,2.670088836906892,0.4249257759842728,-1.6552830499968259,10.179123346623735,-19.745355423568256,25.18054765555222,20.0,44.91370977170407,-89.00378214527551,-97.74954047725312,FLAT
2026-10-01T11:25:33.957844+00:00,0,PERP,OP|GATE|HTX,OP,GATE,HTX,46.84162955701288,0.6220879724276,36.31525109655463,16.921044815222388,21.894118532870266,71.83543574593942,20.0,49.70843190255248,-90.12956446623686,-111.22861655193728,FLAT
2026-10-01T11:25:34.417846+00:00,0,PERP,ICP|BITGET|HTX,ICP,BITGET,HTX,41.022879463019635,0.5279846833729074,31.864207319540267,17.346473168447464,15.220700152207556,66.84033749619456,21.999999999999996,51.40873936983886,-96.05224653717157,-114.38486954649315,FLAT
2026-10-01T11:25:44.667007+00:00,1,PERP,OP|GATE|OKX,OP,GATE,OKX,-1.2433661914934557,-0.3563212792572543,1.3504827911849864,7.279523098045889,-12.968432930380303,10.504925088077322,20.0,23.476253998149147,-63.79516971971444,-58.63069629504148,FLAT
2026-10-01T11:25:44.894497+00:00,1,PERP,OP|BITGET|GATE,OP,BITGET,GATE,-7.265760205136251,-0.06843640557484454,-6.6680068623928745,8.734435096677483,-21.024894082474212,6.504056229561517,21.999999999999996,27.54896258229141,-69.90584980237274,-68.7210256742458,FLAT
2026-10-01T11:25:45.661694+00:00,1,PERP,ICP|HTX|MEXC,ICP,HTX,MEXC,-42.45640636846182,-0.15611586358240973,-39.785470011790004,17.108680023807416,-66.56580937972834,-18.237082066869803,26.0,48.5345375070727,-107.31487687501104,-102.0829254519929,FLAT
2026-10-01T11:25:46.117798+00:00,1,PERP,DOT|GATE|HTX,DOT,GATE,HTX,-3.64874228981793,-0.34291624163016093,0.5812199441681636,12.33526360220685,-28.94307263768159,21.6666666666665,20.0,50.62820345195134,-106.1524960338011,-97.71365017444968,FLAT
2026-10-01T11:25:46.610727+00:00,1,PERP,ICP|HTX|OKX,ICP,HTX,OKX,-40.989916105387266,-0.09173241214923349,-39.544624633154314,15.755515835359281,-66.56580937972834,-15.297415414902149,20.0,51.47914131541831,-104.50032606199233,-101.72635053367047,FLAT
2026-10-01T11:25:47.070348+00:00,1,PERP,DOT|BITGET|HTX,DOT,BITGET,HTX,-3.64874228981793,-0.703041049174166,3.7833941793150183,10.571411836994695,-28.94307263768159,21.6666666666665,21.999999999999996,50.62820345195134,-111.35467026894794,-96.51147593930281,FLAT
2026-10-01T11:25:47.561317+00:00,1,PERP,DOT|HTX|OKX,DOT,HTX,OKX,3.0571883621921536,0.46295454448462275,-1.6552830499968259,10.179123346623735,-20.015841260039302,26.22801991463586,20.0,46.229521096316844,-90.59007930635931,-100.11282406094952,FLAT
2026-10-01T11:25:47.997540+00:00,1,PERP,OP|GATE|HTX,OP,GATE,HTX,42.66520153823894,0.3752694062940966,36.31525109655463,16.921044815222388,12.175625345023366,73.21593257875404,20.0,60.780922931471586,-110.92054868300286,-123.681604413671,FLAT
2026-10-01T11:25:48.451097+00:00,1,PERP,ICP|BITGET|HTX,ICP,BITGET,HTX,37.03684406188623,0.29819529838231207,31.864207319540267,17.346473168447464,10.14909552783827,63.94640682095165,21.999999999999996,53.59878944701674,-103.31390123871874,-113.68098894842812,FLAT
2026-10-01T11:25:58.861185+00:00,2,PERP,OP|GATE|OKX,OP,GATE,OKX,-2.1202186577107263,-0.47677593739999063,1.3504827911849864,7.279523098045889,-13.986421624341272,9.768104021086188,20.0,23.75954259056948,-65.09644700609574,-58.17716382047068,FLAT
2026-10-01T11:25:59.079802+00:00,2,PERP,OP|BITGET|GATE,OP,BITGET,GATE,-2.776083647437755,0.44558384965681175,-6.6680068623928745,8.734435096677483,-15.421037110555647,9.878687326132507,21.999999999999996,25.306745991393267,-62.05977623955604,-69.85344017991865,FLAT
2026-10-01T11:25:59.784979+00:00,2,PERP,ICP|HTX|MEXC,ICP,HTX,MEXC,-39.42380591357208,0.02113921691881851,-39.785470011790004,17.108680023807416,-63.540090771558866,-15.197568389057059,26.0,48.5336102637543,-104.28823102352317,-105.12151188648724,FLAT
2026-10-01T11:26:00.230284+00:00,2,PERP,DOT|GATE|HTX,DOT,GATE,HTX,-7.810420581955135,-0.6802968138128792,0.5812199441681636,12.33526360220685,-37.23846109638495,21.6666666666665,20.0,58.95113023689744,-122.77081127745055,-106.03657695939577,FLAT
2026-10-01T11:26:00.712037+00:00,2,PERP,ICP|HTX|OKX,ICP,HTX,OKX,-37.827831932196744,0.10896455050393596,-39.544624633154314,15.755515835359281,-63.38110486923787,-12.158054711246535,20.0,51.41728561866288,-101.25376585474643,-104.80385554057065,FLAT
2026-10-01T11:26:01.166467+00:00,2,PERP,DOT|BITGET|HTX,DOT,BITGET,HTX,-3.64874228981793,-0.703041049174166,3.7833941793150183,10.571411836994695,-28.94307263768159,21.6666666666665,21.999999999999996,50.62820345195134,-111.35467026894794,-96.51147593930281,FLAT
2026-10-01T11:26:01.660214+00:00,2,PERP,DOT|HTX|OKX,DOT,HTX,OKX,3.9780509385201057,0.5534203483628505,-1.6552830499968259,10.179123346623735,-19.479691481820716,27.53522600922098,20.0,46.99601194629206,-90.82042037811595,-102.18652100550986,FLAT
2026-10-01T11:26:03.016873+00:00,2,PERP,OP|GATE|HTX,OP,GATE,HTX,43.66253092908945,0.4342095841460753,36.31525109655463,16.921044815222388,19.090140890314355,68.28040550202141,20.0,48.97637928619528,-92.20148949243556,-106.94153369166206,FLAT
2026-10-01T11:26:03.466207+00:00,2,PERP,ICP|BITGET|HTX,ICP,BITGET,HTX,33.982823956004715,0.12213529608532338,31.864207319540267,17.346473168447464,7.104646289539662,60.882800608828006,21.999999999999996,53.596011102062725,-106.35557213206332,-110.61460439135045,FLAT
2026-10-01T11:45:59.010823+00:00,0,PERP,OP|GATE|OKX,OP,GATE,OKX,2.5039639967827654,0.14211471493338487,1.501541950492757,7.053611913163852,-6.799475803075383,11.82016553830767,20.0,18.614971472758747,-52.915989226326886,-54.93359506057366,FLAT
2026-10-01T11:45:59.348917+00:00,0,PERP,OP|BITGET|GATE,OP,BITGET,GATE,-10.676509980214188,-0.4491244138370204,-6.818482373974755,8.590108859322545,-21.344800938117857,0.0,21.999999999999996,21.36761092443205,-63.89392948857515,-56.186093298406796,FLAT
2026-10-01T11:46:00.062487+00:00,0,PERP,ICP|HTX|MEXC,ICP,HTX,MEXC,-20.735717148918642,1.0712628341482673,-39.44792639100411,17.467430630096533,-36.27703167420893,-5.150578963322161,26.0,31.191067926741198,-60.020173209946016,-97.48841535442315,FLAT
2026-10-01T11:46:00.513097+00:00,0,PERP,DOT|GATE|HTX,DOT,GATE,HTX,-9.797244788946058,-0.8128307308605003,0.1421255074077662,12.228093647285636,-40.48098987774473,20.93742767759199,20.0,61.47860742361686,-128.10172280876935,-108.2739095938011,FLAT
2026-10-01T11:46:01.057256+00:00,0,PERP,ICP|HTX|OKX,ICP,HTX,OKX,-17.709405008555777,1.3410965366946876,-39.291409420922704,16.092804523646503,-33.254974358974955,-2.12000000000101,20.0,31.190148539001523,-51.15371347705378,-94.36155795992322,FLAT
2026-10-01T11:46:01.583413+00:00,0,PERP,DOT|BITGET|HTX,DOT,BITGET,HTX,-5.653651775586743,-0.8504755744087329,3.344299742554621,10.579905865488158,-32.222682240825584,20.93742767759199,21.999999999999996,53.19017264465577,-116.75715462803596,-98.78330057969313,FLAT
2026-10-01T11:46:02.693081+00:00,0,PERP,DOT|HTX|OKX,DOT,HTX,OKX,6.053980297020534,0.7049939185763389,-1.2049995531819875,10.296514138535079,-18.27949450656563,30.49694567203387,20.0,48.74668325441086,-91.8211782077945,-106.44862847962673,FLAT
2026-10-01T11:46:03.208447+00:00,0,PERP,OP|GATE|HTX,OP,GATE,HTX,42.39519093164334,0.35797944382224917,36.34547205686067,16.89962644275908,15.592109628292938,69.24210978901834,20.0,53.42347450077715,-100.17683692934489,-112.32011223293482,FLAT
2026-10-01T11:46:04.860965+00:00,0,PERP,ICP|BITGET|HTX,ICP,BITGET,HTX,10.331873337299236,-1.2135969997198497,31.567401522884538,17.498006496792076,-6.615798522644489,27.28922075780238,21.999999999999996,33.87002244112903,-100.05322248665806,-57.59184167604687,FLAT
2026-10-01T11:46:15.240252+00:00,1,PERP,OP|GATE|OKX,OP,GATE,OKX,0.4974501489440897,-0.14235143837085423,1.501541950492757,7.053611913163852,-10.106920851508105,11.118617508816264,20.0,21.224469257357303,-58.83293205935816,-56.841544815680805,FLAT
2026-10-01T11:46:15.781123+00:00,1,PERP,OP|BITGET|GATE,OP,BITGET,GATE,-7.304913684339498,-0.056626908730829,-6.818482373974755,8.590108859322545,-18.539280923838277,3.9381153649054035,21.999999999999996,22.493824495495883,-62.2146230453594,-61.25042223437604,FLAT
2026-10-01T11:46:16.503314+00:00,1,PERP,ICP|HTX|MEXC,ICP,HTX,MEXC,-17.710431120880887,1.2444586573980336,-39.44792639100411,17.467430630096533,-33.25702050663626,-2.12000000000101,26.0,31.19220150996586,-57.001295625598004,-100.52012790096896,FLAT
2026-10-01T11:46:16.959594+00:00,1,PERP,DOT|GATE|HTX,DOT,GATE,HTX,-9.510799326643005,-0.7894055371577485,0.1421255074077662,12.228093647285636,-32.222682240825584,13.219931623149606,20.0,45.485866741536256,-103.8506744897696,-84.56367285727809,FLAT
2026-10-01T11:46:17.450271+00:00,1,PERP,ICP|HTX|OKX,ICP,HTX,OKX,-17.710431120880887,1.341032774513049,-39.291409420922704,16.092804523646503,-33.25702050663626,-2.12000000000101,20.0,31.19220150996586,-51.15781259567941,-94.36361093088755,FLAT
2026-10-01T11:46:17.920242+00:00,1,PERP,DOT|BITGET|HTX,DOT,BITGET,HTX,-9.510799326643005,-1.215048529980894,3.344299742554621,10.579905865488158,-32.222682240825584,13.219931623149606,21.999999999999996,45.485866741536256,-109.05284872491646,-83.36149862213124,FLAT
2026-10-01T11:46:18.445731+00:00,1,PERP,DOT|HTX|OKX,DOT,HTX,OKX,9.292664214266555,1.0195357017148798,-1.2049995531819875,10.296514138535079,-11.00920201711375,29.670174872971078,20.0,40.64146947427771,-76.44567193820947,-97.51664390043078,FLAT
2026-10-01T11:46:18.916148+00:00,1,PERP,OP|GATE|HTX,OP,GATE,HTX,41.12976050265394,0.28310024851721927,36.34547205686067,16.89962644275908,18.951499871802113,63.340839715875234,20.0,44.20749122749245,-87.60146341255101,-97.20285888650702,FLAT
2026-10-01T11:46:19.428275+00:00,1,PERP,ICP|BITGET|HTX,ICP,BITGET,HTX,10.15495339404593,-1.223707862536465,31.567401522884538,17.498006496792076,-6.966879764700451,27.287163421378935,21.999999999999996,34.219290512492336,-100.75357180007732,-57.93905241098673,FLAT
2026-10-01T11:46:29.792915+00:00,2,PERP,OP|GATE|OKX,OP,GATE,OKX,5.24889156960251,0.531266770165826,1.501541950492757,7.053611913163852,-4.496141155023725,15.006678303217669,20.0,19.492579673953486,-51.490262779469965,-58.9977160266784,FLAT
2026-10-01T11:46:30.127718+00:00,2,PERP,OP|BITGET|GATE,OP,BITGET,GATE,-10.473660548190322,-0.42551011099803826,-6.818482373974755,8.590108859322545,-23.842322794630498,2.913335416665497,21.999999999999996,26.783697984615433,-71.80753840527117,-64.51551577525568,FLAT
2026-10-01T11:46:30.831432+00:00,2,PERP,ICP|HTX|MEXC,ICP,HTX,MEXC,-28.273942895435944,0.6397038999150394,-39.44792639100411,17.467430630096533,-51.29752564876355,-5.150578963322161,26.0,46.277575887509016,-90.12717514526847,-112.57492331519097,FLAT
2026-10-01T11:46:31.318145+00:00,2,PERP,DOT|GATE|HTX,DOT,GATE,HTX,-6.079740823575763,-0.5088173602894058,0.1421255074077662,12.228093647285636,-33.67312302895442,21.536559473336325,20.0,55.243259458738315,-115.05850799510051,-102.63769342466688,FLAT
2026-10-01T11:46:31.897707+00:00,2,PERP,ICP|HTX|OKX,ICP,HTX,OKX,-28.273942895435944,0.6846206644278737,-39.291409420922704,16.092804523646503,-51.29752564876355,-5.150578963322161,20.0,46.277575887509016,-84.28369211534987,-106.41840634510956,FLAT
2026-10-01T11:46:32.375105+00:00,2,PERP,DOT|BITGET|HTX,DOT,BITGET,HTX,-6.079740823575763,-0.890748999655259,3.344299742554621,10.579905865488158,-33.67312302895442,21.536559473336325,21.999999999999996,55.243259458738315,-120.26068223024734,-101.43551918952001,FLAT
2026-10-01T11:46:32.893192+00:00,2,PERP,DOT|HTX|OKX,DOT,HTX,OKX,3.1799024355416705,0.4258627657600161,-1.2049995531819875,10.296514138535079,-21.482293996707426,27.958138180910197,20.0,49.4244433364296,-95.70173777995502,-104.58758107052178,FLAT
2026-10-01T11:46:33.354786+00:00,2,PERP,OP|GATE|HTX,OP,GATE,HTX,46.898098543197705,0.6244295708002752,36.34547205686067,16.89962644275908,25.062189804661017,68.76274294322027,20.0,43.49654372380223,-80.77982597600189,-101.91381461016184,FLAT
2026-10-01T11:46:33.834308+00:00,2,PERP,ICP|BITGET|HTX,ICP,BITGET,HTX,20.75687318438879,-0.617814854536581,31.567401522884538,17.498006496792076,-3.939605265993462,45.468323734467745,21.999999999999996,49.30558149322737,-112.81258828210537,-91.20650370481057,FLAT
2026-10-01T12:02:27.859219+00:00,0,PERP,OP|GATE|OKX,OP,GATE,OKX,1.5853887919203835,-0.014970102171452934,1.690703378153077,7.0349944861112474,-10.744142290356473,13.939127437923027,20.0,24.679333353405347,-63.11417902191489,-62.9277574131753,FLAT
2026-10-01T12:02:28.080155+00:00,0,PERP,OP|BITGET|GATE,OP,BITGET,GATE,-5.131510555496099,0.23909454010069198,-7.234530389956543,8.795766869351263,-21.32331139551247,11.081039475036025,21.999999999999996,32.42097444166028,-74.50975544721621,-78.73654430665285,FLAT
2026-10-01T12:02:28.816617+00:00,0,PERP,ICP|HTX|MEXC,ICP,HTX,MEXC,-29.121372164833126,0.58709417839218,-39.30800216356953,17.350930010298484,-52.095605057195236,-6.04777744178997,26.0,46.182101830293746,-90.96970472391945,-111.44232655207331,FLAT
2026-10-01T12:02:29.281976+00:00,0,PERP,DOT|GATE|HTX,DOT,GATE,HTX,-11.285565080745297,-0.9505786966205797,0.2839971537175869,12.171072500987087,-35.727915804664164,13.177002641291402,20.0,48.960164400541075,-110.97207735892283,-87.85316988811489,FLAT
2026-10-01T12:02:29.758483+00:00,0,PERP,ICP|HTX|OKX,ICP,HTX,OKX,-27.682517127426422,0.7258620605735552,-39.23923500666819,15.921369233859643,-52.095605057195236,-3.163844427072071,20.0,49.06736361306123,-87.92373366358828,-111.14275419265735,FLAT
2026-10-01T12:02:30.228773+00:00,0,PERP,DOT|BITGET|HTX,DOT,BITGET,HTX,-11.285565080745297,-1.3876320236088706,3.3712066687165296,10.562434060395471,-35.727915804664164,13.177002641291402,21.999999999999996,48.960164400541075,-116.05928687392176,-86.76596037311595,FLAT
2026-10-01T12:02:30.713954+00:00,0,PERP,DOT|HTX|OKX,DOT,HTX,OKX,7.345308506334636,0.8583479165894016,-1.3582735227143157,10.139923288486745,-14.39234939854872,29.17160224826576,20.0,43.531795860033654,-82.56587173586806,-100.06167163101372,FLAT
2026-10-01T12:02:31.165725+00:00,0,PERP,OP|GATE|HTX,OP,GATE,HTX,39.8731145745268,0.15732471434205242,37.26546436359088,16.574955955530413,13.968445781238348,65.82624582822439,20.0,51.65180293192942,-100.94882151428195,-106.21258439656292,FLAT
2026-10-01T12:02:31.636002+00:00,0,PERP,ICP|BITGET|HTX,ICP,BITGET,HTX,18.59511255961621,-0.714182713765315,31.231985634589243,17.69417381771801,-6.0441220912665905,43.24924847124878,21.999999999999996,49.201874618234385,-114.47798234409022,-89.21913745489391,FLAT
2026-10-01T12:02:41.859558+00:00,1,PERP,OP|GATE|OKX,OP,GATE,OKX,0.6151738780002525,-0.1528827779859921,1.690703378153077,7.0349944861112474,-12.118554863481679,13.375698481350451,20.0,25.492656939244178,-65.30191518087894,-63.17765204244155,FLAT
2026-10-01T12:02:42.075414+00:00,1,PERP,OP|BITGET|GATE,OP,BITGET,GATE,-5.546647628198453,0.1918971690392904,-7.234530389956543,8.795766869351263,-21.04483015016312,9.967053219739341,21.999999999999996,31.029086345360632,-72.8393861055672,-76.23066995505651,FLAT
2026-10-01T12:02:42.800592+00:00,1,PERP,ICP|HTX|MEXC,ICP,HTX,MEXC,-33.19752527538577,0.35216999230340645,-39.30800216356953,17.350930010298484,-54.21686746987731,-12.09555488357883,26.0,42.26144804584948,-89.17031335215725,-101.47389532584018,FLAT
2026-10-01T12:02:43.248131+00:00,1,PERP,DOT|GATE|HTX,DOT,GATE,HTX,-3.020182842499164,-0.2714781294704126,0.2839971537175869,12.171072500987087,-27.486168836762246,21.46605645142463,20.0,48.96700583975595,-102.73717183023578,-96.149065137463,FLAT
2026-10-01T12:02:43.710722+00:00,1,PERP,ICP|HTX|OKX,ICP,HTX,OKX,-32.14906796993655,0.4453239500063302,-39.23923500666819,15.921369233859643,-52.128253012048155,-12.09555488357883,20.0,40.161676170526064,-79.05069417590603,-93.30535629361543,FLAT
2026-10-01T12:02:44.168930+00:00,1,PERP,DOT|BITGET|HTX,DOT,BITGET,HTX,-3.020182842499164,-0.605105743114707,3.3712066687165296,10.562434060395471,-27.486168836762246,21.46605645142463,21.999999999999996,48.96700583975595,-107.82438134523471,-95.06185562246404,FLAT
2026-10-01T12:02:44.708827+00:00,1,PERP,DOT|HTX|OKX,DOT,HTX,OKX,2.7414114842794213,0.40431124480484737,-1.3582735227143157,10.139923288486745,-19.45625262373629,25.029587116003338,20.0,44.47346357732299,-88.57144267834497,-96.86132421604064,FLAT
2026-10-01T12:02:45.143823+00:00,1,PERP,OP|GATE|HTX,OP,GATE,HTX,49.61874047362702,0.7452976733802021,37.26546436359088,16.574955955530413,21.0144008629487,78.28136735483105,20.0,56.9841589467394,-99.23522244738157,-124.00006193797957,FLAT
2026-10-01T12:02:45.635134+00:00,1,PERP,ICP|BITGET|HTX,ICP,BITGET,HTX,27.51875533563819,-0.20985609936943317,31.231985634589243,17.69417381771801,5.693510375075483,49.35799691571097,21.999999999999996,43.544652589950765,-97.08312784946452,-89.67066387107249,FLAT
2026-10-01T12:02:55.858896+00:00,2,PERP,OP|GATE|OKX,OP,GATE,OKX,0.03301143848943866,-0.23563514412645475,1.690703378153077,7.0349944861112474,-13.660094028152825,13.757361026989212,20.0,27.41732894171713,-68.76812634802303,-65.48398659055326,FLAT
2026-10-01T12:02:56.077499+00:00,2,PERP,OP|BITGET|GATE,OP,BITGET,GATE,-4.730870909660512,0.2846436834314016,-7.234530389956543,8.795766869351263,-22.890513793604185,13.454748422905283,21.999999999999996,36.362446254711536,-80.01842965835917,-85.05172506757336,FLAT
2026-10-01T12:02:56.789043+00:00,2,PERP,ICP|HTX|MEXC,ICP,HTX,MEXC,-40.7485662541518,-0.08302518019075808,-39.30800216356953,17.350930010298484,-60.259114191023585,-21.16722104626545,26.0,39.25171001817186,-92.20282204562591,-89.39249113547595,FLAT
2026-10-01T12:02:57.247512+00:00,2,PERP,DOT|GATE|HTX,DOT,GATE,HTX,1.40719574343251,0.09228427401314308,0.2839971537175869,12.171072500987087,-26.930975557060144,29.76884523058887,20.0,56.69183341516601,-109.90680612594373,-112.17668149203729,FLAT
2026-10-01T12:02:57.709540+00:00,2,PERP,ICP|HTX|OKX,ICP,HTX,OKX,-42.282674188803824,-0.19115436225567944,-39.23923500666819,15.921369233859643,-63.27206990057399,-21.21711496069212,20.0,42.23339107561792,-92.26622596952372,-86.25551112159398,FLAT
2026-10-01T12:02:58.169865+00:00,2,PERP,DOT|BITGET|HTX,DOT,BITGET,HTX,1.40719574343251,-0.1859430235544102,3.3712066687165296,10.562434060395471,-26.930975557060144,29.76884523058887,21.999999999999996,56.69183341516601,-114.99401564094268,-111.08947197703834,FLAT
2026-10-01T12:02:58.661066+00:00,2,PERP,DOT|HTX|OKX,DOT,HTX,OKX,-4.713948482951702,-0.3309369178411386,-1.3582735227143157,10.139923288486745,-30.496131234034607,21.193349327577327,20.0,51.71355522250341,-106.8514129338237,-100.26517807279504,FLAT
2026-10-01T12:02:59.565133+00:00,2,PERP,OP|GATE|HTX,OP,GATE,HTX,35.89897381324869,-0.0824430878735607,37.26546436359088,16.574955955530413,9.651157050329928,62.20425643153726,20.0,52.36505138251216,-105.97935869577312,-103.30384345045854,FLAT
2026-10-01T12:03:00.053490+00:00,2,PERP,ICP|BITGET|HTX,ICP,BITGET,HTX,34.01822777147734,0.1574666421609413,31.231985634589243,17.69417381771801,12.110202845896367,55.942608424244256,21.999999999999996,43.683794946691116,-90.80557773538399,-96.39441773634613,FLAT
2026-10-01T12:31:35.286139+00:00,0,PERP,OP|GATE|OKX,OP,GATE,OKX,2.3526527832662403,0.11529317185573178,1.5413442602712275,7.0369173641108285,-11.873433291071933,16.611765410590174,20.0,28.478460416816755,-67.89323796815992,-69.54888156713571,FLAT
2026-10-01T12:31:35.644777+00:00,0,PERP,OP|BITGET|GATE,OP,BITGET,GATE,-7.255411585167515,-0.043053508442255216,-6.883707178526167,8.633545095166628,-26.451660732143,11.97015555829184,21.999999999999996,38.44969075233462,-86.01764430595145,-85.30355348915262,FLAT
2026-10-01T12:31:36.371810+00:00,0,PERP,ICP|HTX|MEXC,ICP,HTX,MEXC,-34.12839156787473,0.3142811183834214,-39.51748732310855,17.147373609187518,-53.03571213489899,-15.15481257557294,26.0,38.01050741313232,-83.52873222492278,-94.37318216066794,FLAT
2026-10-01T12:31:36.824723+00:00,0,PERP,DOT|GATE|HTX,DOT,GATE,HTX,-6.227103784051113,-0.5578648233342994,0.4436782101136579,11.957703219740957,-43.191538987393805,30.797871351289086,20.0,74.03546345490254,-143.67068065241,-130.38965659607797,FLAT
2026-10-01T12:31:37.389019+00:00,0,PERP,ICP|HTX|OKX,ICP,HTX,OKX,-31.110716591816747,0.5189260232223855,-39.323029116414446,15.825593932640988,-50.023306233061284,-12.13185006046058,20.0,38.009590806777574,-74.70986792342441,-91.20076986273143,FLAT
2026-10-01T12:31:37.908136+00:00,0,PERP,DOT|BITGET|HTX,DOT,BITGET,HTX,-6.007326500960808,-0.950101791853978,3.6467056584704878,10.161050365553917,-43.08201409432222,31.128898604941835,21.999999999999996,74.25546935573604,-148.98418910852874,-129.73766230220738,FLAT
2026-10-01T12:31:38.406071+00:00,0,PERP,DOT|HTX|OKX,DOT,HTX,OKX,5.246825563758328,0.6896512701124116,-1.5534103530473309,9.860397872822357,-25.170504468909893,35.84008260723914,20.0,60.97808564415366,-110.59517976001621,-124.37157860444012,FLAT
2026-10-01T12:31:38.869851+00:00,0,PERP,OP|GATE|HTX,OP,GATE,HTX,53.20610852698415,0.992220801844185,36.90517373752388,16.428737191522934,11.075547614560755,95.44360924001127,20.0,83.92141289486958,-135.7510390178327,-168.45984839735695,FLAT
2026-10-01T12:31:39.338275+00:00,0,PERP,ICP|BITGET|HTX,ICP,BITGET,HTX,28.172185854722365,-0.1811308475521649,31.35815890366708,17.589345448334896,6.089631134085227,50.27479739163398,21.999999999999996,44.061027607358646,-97.32955537694049,-90.97766609532555,FLAT
2026-10-01T12:31:49.685026+00:00,1,PERP,OP|GATE|OKX,OP,GATE,OKX,1.9098037617237829,0.05236092487482453,1.5413442602712275,7.0369173641108285,-10.82482893440817,14.67216465931065,20.0,25.492094949176686,-63.85826814385609,-64.62291534821611,FLAT
2026-10-01T12:31:50.050542+00:00,1,PERP,OP|BITGET|GATE,OP,BITGET,GATE,-7.405430320653883,-0.060429769738481486,-6.883707178526167,8.633545095166628,-22.040986178680775,7.241401004136616,21.999999999999996,29.30408377614076,-72.46136277629536,-71.42919195880354,FLAT
2026-10-01T12:31:50.787183+00:00,1,PERP,ICP|HTX|MEXC,ICP,HTX,MEXC,-31.110716591816747,0.49026579363661116,-39.51748732310855,17.147373609187518,-50.023306233061284,-12.13185006046058,26.0,38.009590806777574,-80.5154097167303,-97.39522806942554,FLAT
2026-10-01T12:31:51.245792+00:00,1,PERP,DOT|GATE|HTX,DOT,GATE,HTX,-7.642010493581486,-0.6761907830549341,0.4436782101136579,11.957703219740957,-43.191538987393805,27.95979392341774,20.0,71.20570998121529,-140.84092717872275,-124.72182569451938,FLAT
2026-10-01T12:31:51.740929+00:00,1,PERP,ICP|HTX|OKX,ICP,HTX,OKX,-28.548450947948332,0.6808324676044587,-39.323029116414446,15.825593932640988,-47.91836243226988,-9.10888754534489,20.0,38.920461771007865,-73.5157950868633,-95.13460334207741,FLAT
2026-10-01T12:31:52.259679+00:00,1,PERP,DOT|BITGET|HTX,DOT,BITGET,HTX,-10.812519028003953,-1.4230049223544237,3.6467056584704878,10.161050365553917,-43.191538987393805,21.593528493957237,21.999999999999996,64.85518099362709,-139.69342563949138,-110.80200382911383,FLAT
2026-10-01T12:31:52.738116+00:00,1,PERP,DOT|HTX|OKX,DOT,HTX,OKX,7.801206458473153,0.9487058161521121,-1.5534103530473309,9.860397872822357,-21.96659646374499,37.73770812621535,20.0,59.65728803761963,-106.07047414831729,-124.9484065168823,FLAT
2026-10-01T12:31:53.200423+00:00,1,PERP,OP|GATE|HTX,OP,GATE,HTX,53.14880383028297,0.9887327250654812,36.90517373752388,16.428737191522934,16.411991970000095,89.96502498209935,20.0,73.16408889944395,-119.65727066696775,-152.22394014401942,FLAT
2026-10-01T12:31:53.695095+00:00,1,PERP,ICP|BITGET|HTX,ICP,BITGET,HTX,24.487812964626432,-0.39059702131730156,31.35815890366708,17.589345448334896,3.063900976498779,45.92643438507737,21.999999999999996,42.75782380143683,-99.05208172860513,-85.32609928284712,FLAT
2026-10-01T12:32:04.100922+00:00,2,PERP,OP|GATE|OKX,OP,GATE,OKX,2.9869423779782522,0.20543059452136792,1.5413442602712275,7.0369173641108285,-9.495035672955066,15.492781669477207,20.0,24.980333075429744,-62.01671300865603,-64.93177048463572,FLAT
2026-10-01T12:32:04.446683+00:00,2,PERP,OP|BITGET|GATE,OP,BITGET,GATE,-9.58148570683326,-0.31247633487400284,-6.883707178526167,8.633545095166628,-26.785525292174484,7.646898529019008,21.999999999999996,34.46542961099051,-82.36724772463883,-76.99603531853569,FLAT
2026-10-01T12:32:05.184755+00:00,2,PERP,ICP|HTX|MEXC,ICP,HTX,MEXC,-34.12839156787473,0.3142811183834214,-39.51748732310855,17.147373609187518,-53.03571213489899,-15.15481257557294,26.0,38.01050741313232,-83.52873222492278,-94.37318216066794,FLAT
2026-10-01T12:32:05.653318+00:00,2,PERP,DOT|GATE|HTX,DOT,GATE,HTX,-10.812519028003953,-0.941334387655212,0.4436782101136579,11.957703219740957,-43.191538987393805,21.593528493957237,20.0,64.85518099362709,-134.49039819113455,-112.00503127747066,FLAT
2026-10-01T12:32:06.143520+00:00,2,PERP,ICP|HTX|OKX,ICP,HTX,OKX,-25.530913786788734,0.8715069644987455,-39.323029116414446,15.825593932640988,-44.90623118603154,-6.0859250302314205,20.0,38.91954627367464,-70.50274834329173,-98.15665035985766,FLAT
2026-10-01T12:32:06.669474+00:00,2,PERP,DOT|BITGET|HTX,DOT,BITGET,HTX,-10.812519028003953,-1.4230049223544237,3.6467056584704878,10.161050365553917,-43.191538987393805,21.593528493957237,21.999999999999996,64.85518099362709,-139.69342563949138,-110.80200382911383,FLAT
2026-10-01T12:32:07.184193+00:00,2,PERP,DOT|HTX|OKX,DOT,HTX,OKX,12.84373440267661,1.4600977507617574,-1.5534103530473309,9.860397872822357,-16.72347486618819,42.57850562179088,20.0,59.225439448392656,-100.3955039615335,-129.35735542323087,FLAT
2026-10-01T12:32:07.640889+00:00,2,PERP,OP|GATE|HTX,OP,GATE,HTX,44.552000719237924,0.4654543372730881,36.90517373752388,16.428737191522934,8.46916142274834,80.71574156458095,20.0,71.92604462926415,-126.3620569440397,-141.7366124563212,FLAT
2026-10-01T12:32:08.127120+00:00,2,PERP,ICP|BITGET|HTX,ICP,BITGET,HTX,25.273695927776618,-0.3459175325063872,31.35815890366708,17.589345448334896,8.487197143178804,42.07034988405134,21.999999999999996,33.49848661358961,-84.36944837407788,-72.21067759397387,FLAT
2026-10-01T12:56:28.032661+00:00,0,PERP,OP|GATE|OKX,OP,GATE,OKX,1.3586468206727709,-0.027472021515577573,1.5517607908518818,7.029477975241418,-10.725168399352558,13.466030079434255,20.0,24.187889237974325,-62.464818428178766,-62.1021585265567,FLAT
2026-10-01T12:56:28.344555+00:00,0,PERP,OP|BITGET|GATE,OP,BITGET,GATE,-7.697876304813001,-0.08849961550138521,-6.937407365257506,8.592906706397963,-23.800987280412357,8.42580632671952,21.999999999999996,32.25160736382934,-77.1151872789842,-75.61482105580636,FLAT
2026-10-01T12:56:29.063489+00:00,0,PERP,ICP|HTX|MEXC,ICP,HTX,MEXC,-35.46642981757664,0.2306289768704435,-39.43473515038256,17.20644728452802,-57.40181268882094,-13.440752655541344,26.0,44.11734303740994,-94.08442057584833,-102.11132553225116,FLAT
2026-10-01T12:56:29.633996+00:00,0,PERP,DOT|GATE|HTX,DOT,GATE,HTX,2.6228048980780905,0.16550591819787921,0.6525348502167838,11.904529271911883,-25.444130418484924,30.713266564448283,20.0,56.1426620020119,-108.23932727071362,-112.2033937162434,FLAT
2026-10-01T12:56:30.139914+00:00,0,PERP,ICP|HTX|OKX,ICP,HTX,OKX,-29.41172310624074,0.6462839919592,-39.57534932650063,15.7262540101744,-51.35951661631388,-7.373584218516305,20.0,44.11549811346105,-81.89966540327431,-102.31726322144539,FLAT
2026-10-01T12:56:30.647101+00:00,0,PERP,DOT|BITGET|HTX,DOT,BITGET,HTX,2.6228048980780905,-0.0983334860798397,3.623363510271997,10.175156521772502,-25.444130418484924,30.713266564448283,21.999999999999996,56.1426620020119,-113.21015593076882,-111.2325650561882,FLAT
2026-10-01T12:56:31.181578+00:00,0,PERP,DOT|HTX|OKX,DOT,HTX,OKX,-1.332808329861379,0.02952835944226377,-1.622941544876352,9.825578545339262,-27.32241967772442,24.781236824429342,20.0,52.11030463449503,-103.80978276734311,-104.51448300380073,FLAT
2026-10-01T12:56:31.626078+00:00,0,PERP,OP|GATE|HTX,OP,GATE,HTX,40.26563297832908,0.20903660330830784,36.82184149287849,16.474585938288257,13.903308181100194,66.67386560565535,20.0,52.55888580640136,-101.47741911817965,-108.41090991917822,FLAT
2026-10-01T12:56:32.151869+00:00,0,PERP,ICP|BITGET|HTX,ICP,BITGET,HTX,24.87812610412421,-0.38112710005404005,31.569655247182464,17.55721160240104,1.1977246957473042,48.57316332726347,21.999999999999996,47.257865396562416,-105.62979594799756,-92.26137347664341,FLAT
2026-10-01T12:56:42.480196+00:00,1,PERP,OP|GATE|OKX,OP,GATE,OKX,0.9718265394687009,-0.08250032981478454,1.5517607908518818,7.029477975241418,-12.407219962651261,14.379079025448327,20.0,26.783666379404405,-66.74264713290755,-65.61098461400086,FLAT
2026-10-01T12:56:42.790383+00:00,1,PERP,OP|BITGET|GATE,OP,BITGET,GATE,-11.51819668067433,-0.533089613553716,-6.937407365257506,8.592906706397963,-27.74394598182073,4.726053389241258,21.999999999999996,32.50743152868064,-81.31397014524387,-72.1708922831794,FLAT
2026-10-01T12:56:43.526730+00:00,1,PERP,ICP|HTX|MEXC,ICP,HTX,MEXC,-29.41172310624074,0.5825149072554029,-39.43473515038256,17.20644728452802,-51.35951661631388,-7.373584218516305,26.0,44.11549811346105,-88.04027957939238,-108.17664904532731,FLAT
2026-10-01T12:56:43.965667+00:00,1,PERP,DOT|GATE|HTX,DOT,GATE,HTX,2.6228048980780905,0.16550591819787921,0.6525348502167838,11.904529271911883,-25.444130418484924,30.713266564448283,20.0,56.1426620020119,-108.23932727071362,-112.2033937162434,FLAT
2026-10-01T12:56:44.487131+00:00,1,PERP,ICP|HTX|OKX,ICP,HTX,OKX,-26.384369750572787,0.8387871369363412,-39.57534932650063,15.7262540101744,-48.33836858006202,-4.340000000002675,20.0,44.1145764914911,-78.8775957450525,-105.34992581798906,FLAT
2026-10-01T12:56:44.963266+00:00,1,PERP,DOT|BITGET|HTX,DOT,BITGET,HTX,2.6228048980780905,-0.0983334860798397,3.623363510271997,10.175156521772502,-25.444130418484924,30.713266564448283,21.999999999999996,56.1426620020119,-113.21015593076882,-111.2325650561882,FLAT
2026-10-01T12:56:45.480549+00:00,1,PERP,DOT|HTX|OKX,DOT,HTX,OKX,-5.356068185815577,-0.37993962632460193,-1.622941544876352,9.825578545339262,-31.09001921099752,20.50109258797006,20.0,51.61846475147614,-107.08554241759731,-99.74249888432254,FLAT
2026-10-01T12:56:45.949666+00:00,1,PERP,OP|GATE|HTX,OP,GATE,HTX,44.2741532242108,0.452351989861702,36.82184149287849,16.474585938288257,17.109362516687376,71.49200418115731,20.0,54.142876891705704,-99.8553558678968,-114.81303957998452,FLAT
2026-10-01T12:56:46.438480+00:00,1,PERP,ICP|BITGET|HTX,ICP,BITGET,HTX,26.326286466833437,-0.298644733519756,31.569655247182464,17.55721160240104,1.306586476006455,51.36814090495045,21.999999999999996,49.930097220347456,-108.19316599152346,-97.72858287811543,FLAT
2026-10-01T12:56:56.795016+00:00,2,PERP,OP|GATE|OKX,OP,GATE,OKX,2.187127091954899,0.090385986461704,1.5517607908518818,7.029477975241418,-11.124271232823002,15.525959828470715,20.0,26.644375356108203,-65.32040737978308,-66.61857439372703,FLAT
2026-10-01T12:56:57.097810+00:00,2,PERP,OP|BITGET|GATE,OP,BITGET,GATE,-7.310029345664049,-0.04336390387307494,-6.937407365257506,8.592906706397963,-24.937899509976937,10.343894794331288,21.999999999999996,35.30758501290641,-81.30807715762583,-80.58888717249519,FLAT
2026-10-01T12:56:57.831195+00:00,2,PERP,ICP|HTX|MEXC,ICP,HTX,MEXC,-35.46642981757664,0.2306289768704435,-39.43473515038256,17.20644728452802,-57.40181268882094,-13.440752655541344,26.0,44.11734303740994,-94.08442057584833,-102.11132553225116,FLAT
2026-10-01T12:56:58.290734+00:00,2,PERP,DOT|GATE|HTX,DOT,GATE,HTX,10.220274041083943,0.8037057973759401,0.6525348502167838,11.904529271911883,-18.019665710697907,38.483905017492326,20.0,56.44587156717166,-101.11807212808634,-120.27724173444719,FLAT
2026-10-01T12:56:58.793845+00:00,2,PERP,ICP|HTX|OKX,ICP,HTX,OKX,-35.46642981757664,0.26127770200491773,-39.57534932650063,15.7262540101744,-57.40181268882094,-13.440752655541344,20.0,44.11734303740994,-87.94380639973025,-96.25193970836922,FLAT
2026-10-01T12:56:59.266159+00:00,2,PERP,DOT|BITGET|HTX,DOT,BITGET,HTX,10.220274041083943,0.6483350419913513,3.623363510271997,10.175156521772502,-18.019665710697907,38.483905017492326,21.999999999999996,56.44587156717166,-106.08890078814156,-119.30641307439197,FLAT
2026-10-01T12:56:59.781904+00:00,2,PERP,DOT|HTX|OKX,DOT,HTX,OKX,-9.169355971232473,-0.7680376673530073,-1.622941544876352,9.825578545339262,-34.4175208777886,16.200444227738586,20.0,50.66412855811792,-109.45870789103017,-94.48751433073286,FLAT
2026-10-01T12:57:00.219347+00:00,2,PERP,OP|GATE|HTX,OP,GATE,HTX,48.89000243833097,0.7325319732258098,36.82184149287849,16.474585938288257,21.578985374817172,76.25384379203348,20.0,54.408802731040495,-95.6516588491018,-119.84080503019548,FLAT
2026-10-01T12:57:00.722304+00:00,2,PERP,ICP|BITGET|HTX,ICP,BITGET,HTX,32.5446482953562,0.05553234022880932,31.569655247182464,17.55721160240104,7.379025204896639,57.73321178972779,21.999999999999996,50.19083183664607,-102.3814618789319,-104.35438837919139,FLAT
2026-10-01T13:23:01.960077+00:00,0,PERP,OP|GATE|OKX,OP,GATE,OKX,0.713351352878977,-0.12856617095169448,1.6158821635087657,7.019971147533763,-11.297509701746478,12.746371298753001,20.0,24.042145529114958,-62.955537394370204,-61.172634664359194,FLAT
2026-10-01T13:23:02.182920+00:00,0,PERP,OP|BITGET|GATE,OP,BITGET,GATE,-9.679096602142057,-0.3002611612771554,-7.090501445612052,8.621145490543839,-22.772923895596485,3.4249363244343023,21.999999999999996,26.223237969680035,-69.90566041966446,-64.73867573972638,FLAT
2026-10-01T13:23:02.994701+00:00,0,PERP,ICP|HTX|MEXC,ICP,HTX,MEXC,-28.959841123952224,0.5711794579616096,-39.001412523712,17.58041410591957,-57.488653555219926,-0.2755920852359761,26.0,57.37880729367897,-107.86604832518688,-128.104627732155,FLAT
2026-10-01T13:23:03.387710+00:00,0,PERP,DOT|GATE|HTX,DOT,GATE,HTX,3.456628847120502,0.2547052967697866,0.4072686011361016,11.972111631194467,-26.883921090234963,33.82276103568893,20.0,60.685694553131476,-113.97688424450254,-120.10118698768429,FLAT
2026-10-01T13:23:03.864556+00:00,0,PERP,ICP|HTX|OKX,ICP,HTX,OKX,-24.20448698696287,0.9033943805926982,-38.8950459231497,16.261512415594908,-54.05515120824988,5.808815829531078,20.0,60.008773338120164,-101.16887862322034,-130.71263509080094,FLAT
2026-10-01T13:23:04.344589+00:00,0,PERP,DOT|BITGET|HTX,DOT,BITGET,HTX,3.456628847120502,0.018783238496391384,3.2614624371872205,10.390455829583203,-26.883921090234963,33.82276103568893,21.999999999999996,60.685694553131476,-118.83107808055365,-119.24699315163318,FLAT
2026-10-01T13:23:04.809385+00:00,0,PERP,DOT|HTX|OKX,DOT,HTX,OKX,2.870299711630331,0.42769109846490494,-1.3426589072338926,9.850470664424938,-25.127361355122837,31.014652969065803,20.0,56.12552132873571,-105.91022377662466,-114.4828332050354,FLAT
2026-10-01T13:23:05.304625+00:00,0,PERP,OP|GATE|HTX,OP,GATE,HTX,44.81194096918051,0.45694247241521707,37.487596116846845,16.029030555247093,12.430859082785961,77.2630011514952,20.0,64.54283755313317,-115.59957458719406,-130.31824258778153,FLAT
2026-10-01T13:23:05.773141+00:00,0,PERP,ICP|BITGET|HTX,ICP,BITGET,HTX,16.936617184759584,-0.7855271062456846,31.03004721903659,17.941366914293457,-14.889289910378078,48.78316598411647,21.999999999999996,63.56479194798137,-137.48412907739603,-109.31791071306125,FLAT
2026-10-01T13:23:16.009359+00:00,1,PERP,OP|GATE|OKX,OP,GATE,OKX,1.6245134201087197,0.0012295287855971198,1.6158821635087657,7.019971147533763,-10.768003097653134,14.041149606753844,20.0,24.805099633335477,-63.18898489449737,-63.23036707658055,FLAT
2026-10-01T13:23:16.245427+00:00,1,PERP,OP|BITGET|GATE,OP,BITGET,GATE,-6.3903286194078035,0.08121575340217116,-7.090501445612052,8.621145490543839,-20.298023212008687,7.528205953390987,21.999999999999996,27.84401818520796,-69.0515399516046,-70.462725584211,FLAT
2026-10-01T13:23:16.955770+00:00,1,PERP,ICP|HTX|MEXC,ICP,HTX,MEXC,-21.23296227429572,1.0106957744205465,-39.001412523712,17.58041410591957,-50.23296643483444,7.927693244067502,26.0,58.28397006151765,-101.5155239726401,-137.21307582929717,FLAT
2026-10-01T13:23:17.401970+00:00,1,PERP,DOT|GATE|HTX,DOT,GATE,HTX,-0.757127104371591,-0.09725900838359622,0.4072686011361016,11.972111631194467,-35.278799944534754,33.82276103568893,20.0,69.10674419507619,-130.79281274074705,-128.52223662962902,FLAT
2026-10-01T13:23:17.914224+00:00,1,PERP,ICP|HTX|OKX,ICP,HTX,OKX,-19.455400269421386,1.1954389700607155,-38.8950459231497,16.261512415594908,-49.71003309361621,10.969616555085437,20.0,60.797455105383904,-97.61244227585041,-136.66211758361905,FLAT
2026-10-01T13:23:18.379797+00:00,1,PERP,DOT|BITGET|HTX,DOT,BITGET,HTX,3.456628847120502,0.018783238496391384,3.2614624371872205,10.390455829583203,-26.883921090234963,33.82276103568893,21.999999999999996,60.685694553131476,-118.83107808055365,-119.24699315163318,FLAT
2026-10-01T13:23:18.859105+00:00,1,PERP,DOT|HTX|OKX,DOT,HTX,OKX,-0.700265136484024,0.06521452554240675,-1.3426589072338926,9.850470664424938,-28.859981259339307,27.606992255524432,20.0,56.47054244285347,-109.98786479495888,-111.4201936056118,FLAT
2026-10-01T13:23:19.431618+00:00,1,PERP,OP|GATE|HTX,OP,GATE,HTX,41.17217971141285,0.2298693973953316,37.487596116846845,16.029030555247093,14.023143440422547,68.37847899501037,20.0,54.13240033686768,-103.59685301329198,-111.0232832150312,FLAT
2026-10-01T13:23:19.832537+00:00,1,PERP,ICP|BITGET|HTX,ICP,BITGET,HTX,16.25104246413489,-0.8237390621072255,31.03004721903659,17.941366914293457,-13.991935010578826,46.512404727585555,21.999999999999996,60.40616783192865,-133.42815006154405,-103.8885253404776,FLAT
2026-10-01T13:23:30.109164+00:00,2,PERP,OP|GATE|OKX,OP,GATE,OKX,-3.5422628228176656,-0.7347815080605533,1.6158821635087657,7.019971147533763,-18.323359940444206,11.274322582035534,20.0,29.60812794831384,-75.54737005226681,-65.2665683668406,FLAT
2026-10-01T13:23:30.356055+00:00,2,PERP,OP|BITGET|GATE,OP,BITGET,GATE,-12.845645525972893,-0.6675614147416268,-7.090501445612052,8.621145490543839,-31.283658710713482,5.620983452350181,21.999999999999996,36.95208731593929,-89.14524458104071,-77.66357221390152,FLAT
2026-10-01T13:23:31.078031+00:00,2,PERP,ICP|HTX|MEXC,ICP,HTX,MEXC,-26.392342789153254,0.7172225670334521,-39.001412523712,17.58041410591957,-52.3809140435838,-0.2755920852359761,26.0,52.24288785648274,-97.62238937635453,-122.96870829495876,FLAT
2026-10-01T13:23:31.518603+00:00,2,PERP,DOT|GATE|HTX,DOT,GATE,HTX,3.4235533229409754,0.25194258245518353,0.4072686011361016,11.972111631194467,-26.883921090234963,33.756582099029316,20.0,60.619738929598114,-113.91092862096917,-119.96905242749133,FLAT
2026-10-01T13:23:32.013504+00:00,2,PERP,ICP|HTX|OKX,ICP,HTX,OKX,-23.35762267437813,0.9554722126504709,-38.8950459231497,16.261512415594908,-49.35364104116435,2.766611872149216,20.0,52.24196230495931,-88.70055742297396,-119.90362010025824,FLAT
2026-10-01T13:23:32.463217+00:00,2,PERP,DOT|BITGET|HTX,DOT,BITGET,HTX,3.4235533229409754,0.015599978327443299,3.2614624371872205,10.390455829583203,-26.883921090234963,33.756582099029316,21.999999999999996,60.619738929598114,-118.7651224570203,-119.11485859144021,FLAT
2026-10-01T13:23:32.908853+00:00,2,PERP,DOT|HTX|OKX,DOT,HTX,OKX,-6.105913229198512,-0.48355601313215973,-1.3426589072338926,9.850470664424938,-33.11377312133268,21.04327377935311,20.0,54.18976589719689,-111.96088011129568,-102.57569858378389,FLAT
2026-10-01T13:23:33.370005+00:00,2,PERP,OP|GATE|HTX,OP,GATE,HTX,45.136750839525064,0.47720632238574606,37.487596116846845,16.029030555247093,20.98032945430983,69.34614429766172,20.0,48.148430455452974,-90.65569711798997,-106.00697863626785,FLAT
2026-10-01T13:23:33.862135+00:00,2,PERP,ICP|BITGET|HTX,ICP,BITGET,HTX,18.84097397590212,-0.679383756062852,31.03004721903659,17.941366914293457,-8.843192659591104,46.54198012880917,21.999999999999996,55.28101285599227,-123.15425273461997,-98.79294576576486,FLAT
2026-10-01T13:44:35.880199+00:00,0,PERP,OP|GATE|OKX,OP,GATE,OKX,6.12838483991851,0.646131647365483,1.5940237726122672,7.017704651667358,-7.329065274069846,19.61440570801498,20.0,26.926938821399286,-61.850027868081405,-70.947320756802,FLAT
2026-10-01T13:44:36.177029+00:00,0,PERP,OP|BITGET|GATE,OP,BITGET,GATE,-16.284981412477695,-1.0785599656452844,-7.024497524467963,8.585970352116064,-33.127631019026495,0.5788248923566108,21.999999999999996,33.76142304653033,-87.86455654108886,-69.3647454633549,FLAT
2026-10-01T13:44:37.002497+00:00,0,PERP,ICP|HTX|MEXC,ICP,HTX,MEXC,-36.814508466684885,0.14425559472613986,-39.295706012186514,17.20000912416622,-55.356008466886934,-18.209408194233,26.0,37.28374967172246,-85.34405212642288,-90.37004748967598,FLAT
2026-10-01T13:44:37.856439+00:00,0,PERP,DOT|GATE|HTX,DOT,GATE,HTX,3.0192141166374142,0.21489726241034396,0.45468931417429975,11.933724858561403,-32.626691542266826,38.72487820916426,20.0,71.32998365313242,-130.41136450957356,-135.60017254812237,FLAT
2026-10-01T13:44:38.736440+00:00,0,PERP,ICP|HTX|OKX,ICP,HTX,OKX,-30.755098102364098,0.5320798180750567,-39.18933941162422,15.851458790098974,-49.30695494405724,-12.13960546282089,20.0,37.28190138112576,-73.39951691355878,-90.3316353299291,FLAT
2026-10-01T13:44:39.674460+00:00,0,PERP,DOT|BITGET|HTX,DOT,BITGET,HTX,-1.167901502501234,-0.43324649413675437,3.3088831502254186,10.333112242827646,-32.626691542266826,30.31723593260649,21.999999999999996,62.95126853435541,-126.88684322684765,-117.95962131673647,FLAT
2026-10-01T13:44:40.237974+00:00,0,PERP,DOT|HTX|OKX,DOT,HTX,OKX,-5.283545451042482,-0.39500098690649327,-1.413231486491581,9.798238720520215,-34.66253024693388,24.256227352537074,20.0,58.949465030276954,-118.19876379071925,-110.6189238693056,FLAT
2026-10-01T13:44:40.731491+00:00,0,PERP,OP|GATE|HTX,OP,GATE,HTX,49.3956067025092,0.7402332164145172,37.5371919250254,16.019836065885624,21.137019553751912,77.72310192188492,20.0,56.307862352576265,-98.70803472384975,-122.49377234943579,FLAT
2026-10-01T13:44:41.697678+00:00,0,PERP,ICP|BITGET|HTX,ICP,BITGET,HTX,31.840240656315633,0.024506711701378414,31.40975560299772,17.566006348118076,9.128315157960198,54.568979225246835,21.999999999999996,45.29643291395641,-95.57787335899393,-96.45565653620552,FLAT
2026-10-01T13:44:52.032033+00:00,1,PERP,OP|GATE|OKX,OP,GATE,OKX,3.901295656598691,0.3287787102066531,1.5940237726122672,7.017704651667358,-10.045003294913979,17.87831864596523,20.0,27.912398683238443,-65.5514257507647,-70.19669355659141,FLAT
2026-10-01T13:44:52.338881+00:00,1,PERP,OP|BITGET|GATE,OP,BITGET,GATE,-12.96683987709657,-0.6920990999187507,-7.024497524467963,8.585970352116064,-27.807329471842834,1.8851184113111152,21.999999999999996,29.73099515873699,-78.51382710611186,-66.64061109451606,FLAT
2026-10-01T13:44:53.464866+00:00,1,PERP,ICP|HTX|MEXC,ICP,HTX,MEXC,-34.24108861255215,0.2938729487377172,-39.295706012186514,17.20000912416622,-53.24075574365095,-15.174506828528056,26.0,38.1969217074722,-84.14197143893664,-94.31812089113066,FLAT
2026-10-01T13:44:54.327080+00:00,1,PERP,DOT|GATE|HTX,DOT,GATE,HTX,3.0192141166374142,0.21489726241034396,0.45468931417429975,11.933724858561403,-32.626691542266826,38.72487820916426,20.0,71.32998365313242,-130.41136450957356,-135.60017254812237,FLAT
2026-10-01T13:44:55.188881+00:00,1,PERP,ICP|HTX|OKX,ICP,HTX,OKX,-28.181955667493376,0.6944082491010982,-39.18933941162422,15.851458790098974,-47.19225513905467,-9.104704097117056,20.0,38.19507454011239,-72.19799026754285,-94.27970985461954,FLAT
2026-10-01T13:44:55.755054+00:00,1,PERP,DOT|BITGET|HTX,DOT,BITGET,HTX,2.018235023115711,-0.12490410408592668,3.3088831502254186,10.333112242827646,-32.626691542266826,36.69217743989428,21.999999999999996,69.30486948506869,-133.24044417756093,-130.68816377473755,FLAT
2026-10-01T13:44:56.787948+00:00,1,PERP,DOT|HTX|OKX,DOT,HTX,OKX,0.0015369652306418402,0.14439007785749364,-1.413231486491581,9.798238720520215,-32.063920949699785,32.26297695707814,20.0,64.32629092962999,-120.97698039283819,-124.00249937319971,FLAT
2026-10-01T13:44:57.280702+00:00,1,PERP,OP|GATE|HTX,OP,GATE,HTX,48.00300478267072,0.6533033680620716,37.5371919250254,16.019836065885624,9.182926633017896,86.91079214404817,20.0,77.3564324191894,-131.7106977111969,-152.73003263821218,FLAT
2026-10-01T13:44:58.180739+00:00,1,PERP,ICP|BITGET|HTX,ICP,BITGET,HTX,21.14050576563109,-0.584609252316866,31.40975560299772,17.566006348118076,0.06249999999985434,42.23118141861492,21.999999999999996,42.079718957730655,-101.42697456072851,-80.90114477334785,FLAT
2026-10-01T13:45:08.534193+00:00,2,PERP,OP|GATE|OKX,OP,GATE,OKX,6.044649738810026,0.6341996688533083,1.5940237726122672,7.017704651667358,-8.031314219542063,20.152145138292443,20.0,28.166398479375545,-63.79173647152987,-72.72451984505572,FLAT
2026-10-01T13:45:08.907512+00:00,2,PERP,OP|BITGET|GATE,OP,BITGET,GATE,-17.329668271092167,-1.200233674704506,-7.024497524467963,8.585970352116064,-33.08799627358749,-1.5591810648907245,21.999999999999996,31.58354375306119,-85.64704250218071,-65.04886021263843,FLAT
2026-10-01T13:45:10.007208+00:00,2,PERP,ICP|HTX|MEXC,ICP,HTX,MEXC,-24.679458330305604,0.8497813911822237,-39.295706012186514,17.20000912416622,-49.24483841739824,0.0,26.0,49.36640776952948,-91.3155401747412,-120.66211378171599,FLAT
2026-10-01T13:45:10.501079+00:00,2,PERP,DOT|GATE|HTX,DOT,GATE,HTX,2.955963161104247,0.20959707690390586,0.45468931417429975,11.933724858561403,-26.67207688825335,32.608796549415956,20.0,59.26334504175003,-112.39011124417767,-117.41745227699168,FLAT
2026-10-01T13:45:11.388468+00:00,2,PERP,ICP|HTX|OKX,ICP,HTX,OKX,-23.160535993016484,1.0111879058487367,-39.18933941162422,15.851458790098974,-49.23488765228412,3.0349013657060553,20.0,52.390848529944975,-88.43639677060489,-120.61508930727524,FLAT
2026-10-01T13:45:12.268844+00:00,2,PERP,DOT|BITGET|HTX,DOT,BITGET,HTX,2.955963161104247,-0.03415427809430196,3.3088831502254186,10.333112242827646,-26.67207688825335,32.608796549415956,21.999999999999996,59.26334504175003,-117.2443050802288,-116.56325844094056,FLAT
2026-10-01T13:45:13.183947+00:00,2,PERP,DOT|HTX|OKX,DOT,HTX,OKX,-5.913747495484012,-0.45931887733732274,-1.413231486491581,9.798238720520215,-33.44644072443393,21.75944095961002,20.0,55.2381906043534,-113.27139984229575,-104.410863050455,FLAT
2026-10-01T13:45:13.741675+00:00,2,PERP,OP|GATE|HTX,OP,GATE,HTX,43.878195012714286,0.3958219710619954,37.5371919250254,16.019836065885624,12.906337045515137,74.92798717659622,20.0,61.7506017073593,-112.38145658686955,-125.14139695893012,FLAT
2026-10-01T13:45:14.678742+00:00,2,PERP,ICP|BITGET|HTX,ICP,BITGET,HTX,20.178286374292753,-0.6393866087785084,31.40975560299772,17.566006348118076,-6.066120715803036,46.4386233017744,21.999999999999996,52.399006967663134,-117.87488328646388,-95.4278746664398,FLAT
2026-10-01T14:02:16.657186+00:00,0,PERP,OP|GATE|OKX,OP,GATE,OKX,0.6389635438042163,-0.09951798625961693,1.3321207152450683,6.965144668749451,-14.709591746784323,16.02500337906765,20.0,30.732585708741823,-72.77429817077122,-71.42546837256441,FLAT
2026-10-01T14:02:17.013087+00:00,0,PERP,OP|BITGET|GATE,OP,BITGET,GATE,-12.918326525271917,-0.6680324283090419,-7.175921211450153,8.595997844531643,-31.42818025690053,5.616226642306543,21.999999999999996,37.09230748477318,-89.34456653022355,-77.88445533852988,FLAT
2026-10-01T14:02:27.399033+00:00,1,PERP,OP|GATE|OKX,OP,GATE,OKX,-1.5334255328391944,-0.4114123086259964,1.3321207152450683,6.965144668749451,-14.834390852287438,11.796805111421449,20.0,26.635248120664258,-68.80175968819677,-63.09993251684064,FLAT
2026-10-01T14:02:27.750533+00:00,1,PERP,OP|BITGET|GATE,OP,BITGET,GATE,-10.359838346972738,-0.37039529244973446,-7.175921211450153,8.595997844531643,-27.174146306798708,6.472087748077282,21.999999999999996,33.681117923216924,-81.67934301856548,-75.32912688274435,FLAT
2026-10-01T14:02:38.149862+00:00,2,PERP,OP|GATE|OKX,OP,GATE,OKX,2.1536512381969963,0.11794880968343603,1.3321207152450683,6.965144668749451,-12.695500881152455,17.03701861744289,20.0,29.72607816423217,-69.7536997606297,-71.43097606642999,FLAT
2026-10-01T14:02:38.510892+00:00,2,PERP,OP|BITGET|GATE,OP,BITGET,GATE,-10.386695360843357,-0.373519655014309,-7.175921211450153,8.595997844531643,-26.981771772557337,6.221245451190072,21.999999999999996,33.23753505459298,-81.04338561570017,-74.63470171723321,FLAT
2026-10-01T14:27:20.217693+00:00,0,PERP,OP|GATE|OKX,OP,GATE,OKX,3.3259199995794297,0.2541458544462845,1.558159072329914,6.9556945207742675,-12.189015791644886,18.878500269823295,20.0,31.05714109102111,-70.80431595499591,-74.37748228851449,FLAT
2026-10-01T14:27:20.451581+00:00,0,PERP,OP|BITGET|GATE,OP,BITGET,GATE,-14.252462046313585,-0.8183709779569533,-7.207846246073078,8.60809582694055,-33.93745920184266,5.462830880513803,21.999999999999996,39.456502017001256,-94.18611497277084,-80.12717914358814,FLAT
2026-10-01T14:27:20.895876+00:00,0,PERP,DOT|GATE|HTX,DOT,GATE,HTX,-10.994503158033853,-0.8745832290087079,0.06861969535290004,12.64959409972473,-45.76139868844087,23.80330754930604,20.0,69.64125960363033,-141.47127798742412,-119.37594745758346,FLAT
2026-10-01T14:27:21.621716+00:00,0,PERP,ICP|HTX|MEXC,ICP,HTX,MEXC,-22.218367389528204,0.9596934253819129,-38.99321238801466,17.47937888790981,-47.37509124087546,3.0581039755328554,26.0,50.54521410411548,-90.92709295697628,-124.59653046766299,FLAT
2026-10-01T14:27:22.109529+00:00,0,PERP,ICP|HTX|OKX,ICP,HTX,OKX,-16.116681633461248,1.4051382412149522,-38.89687738791825,16.212067315711312,-41.28785888077968,9.174311926605228,20.0,50.54334541874322,-78.93432691160466,-124.61453473326671,FLAT
2026-10-01T14:27:22.588642+00:00,0,PERP,DOT|BITGET|HTX,DOT,BITGET,HTX,-16.041457664682788,-1.6633453880560312,3.153041221600452,11.539695257589315,-53.668732046464605,21.617489506979837,21.999999999999996,75.40717232499924,-160.22894559306428,-121.87162061037861,FLAT
2026-10-01T14:27:23.119979+00:00,0,PERP,DOT|HTX|OKX,DOT,HTX,OKX,17.463906402088725,1.7547629750720926,-1.0962128191029559,10.57699500437041,-19.20430975647203,54.37860031009434,20.0,73.45380541158653,-117.5619023489556,-154.92861854078382,FLAT
2026-10-01T14:27:23.570339+00:00,0,PERP,ARB|GATE|HTX,ARB,GATE,HTX,40.0071251809786,0.8824687787767711,29.214222619341665,12.230350604128398,17.47830361078062,62.56518793515298,20.0,44.90720454457216,-82.6431235531332,-104.25816986038346,FLAT
2026-10-01T14:27:24.020897+00:00,0,PERP,OP|GATE|HTX,OP,GATE,HTX,34.22867284332165,-0.2541795084498449,38.274318090332834,15.916488593766719,3.5145000000014193,65.01763773645752,20.0,61.293248130399896,-122.0530662207313,-114.03656777652458,FLAT
2026-10-01T14:27:24.495364+00:00,0,PERP,ICP|BITGET|HTX,ICP,BITGET,HTX,10.749514527153003,-1.136013062610593,31.041701404291913,17.862635162404594,-17.29149633699634,38.81292102834166,21.999999999999996,56.04416367034314,-132.3773614116314,-91.81538329439289,FLAT
2026-10-01T14:27:34.768698+00:00,1,PERP,OP|GATE|OKX,OP,GATE,OKX,5.579282639891492,0.5781052568585155,1.558159072329914,6.9556945207742675,-8.478315142507187,19.669375873681005,20.0,28.131957886983887,-64.16843210182098,-72.24317468833497,FLAT
2026-10-01T14:27:35.004157+00:00,1,PERP,OP|BITGET|GATE,OP,BITGET,GATE,-8.641479494908566,-0.16654475945175706,-7.207846246073078,8.60809582694055,-25.874043451137307,8.605830953083426,21.999999999999996,34.50968957486549,-81.17588677992973,-78.32336677402199,FLAT
2026-10-01T14:27:35.470897+00:00,1,PERP,DOT|GATE|HTX,DOT,GATE,HTX,-15.296878481658727,-1.214702863655206,0.06861969535290004,12.64959409972473,-52.18019990344436,21.617489506979837,20.0,73.91073670497026,-152.15955630376752,-121.4596065165972,FLAT
2026-10-01T14:27:36.198177+00:00,1,PERP,ICP|HTX|MEXC,ICP,HTX,MEXC,-36.82508942357332,0.12403890197385668,-38.99321238801466,17.47937888790981,-49.240158102767936,-24.382810118863674,26.0,24.94919382658468,-67.19613954133794,-71.55959609573566,FLAT
2026-10-01T14:27:36.708367+00:00,1,PERP,ICP|HTX|OKX,ICP,HTX,OKX,-29.213802249716814,0.5972757791856349,-38.89687738791825,16.212067315711312,-43.15778656126534,-15.239256324289796,20.0,28.0002962939405,-58.26120546728759,-77.65791735756895,FLAT
2026-10-01T14:27:37.175069+00:00,1,PERP,DOT|BITGET|HTX,DOT,BITGET,HTX,-15.296878481658727,-1.5988220911748268,3.153041221600452,11.539695257589315,-52.18019990344436,21.617489506979837,21.999999999999996,73.91073670497026,-157.24397783001507,-120.37518499034965,FLAT
2026-10-01T14:27:37.669209+00:00,1,PERP,DOT|HTX|OKX,DOT,HTX,OKX,15.196267497421534,1.5403694820497167,-1.0962128191029559,10.57699500437041,-19.75285939308069,50.37505197029502,20.0,70.0207538612836,-114.67740043526133,-147.4920186506816,FLAT
2026-10-01T14:27:38.197425+00:00,1,PERP,ARB|GATE|HTX,ARB,GATE,HTX,43.22261530638638,1.145379485876401,29.214222619341665,12.230350604128398,21.822958412771598,64.64538851222113,20.0,42.6381244956074,-76.02938870217747,-104.06929038848686,FLAT
2026-10-01T14:27:38.657824+00:00,1,PERP,OP|GATE|HTX,OP,GATE,HTX,37.511182807257185,-0.04794620864896737,38.274318090332834,15.916488593766719,13.164093108473107,61.91974393763067,20.0,48.57336887365296,-99.68359385551268,-98.2187947209508,FLAT
2026-10-01T14:27:39.129240+00:00,1,PERP,ICP|BITGET|HTX,ICP,BITGET,HTX,25.526101148349856,-0.3087786435649045,31.041701404291913,17.862635162404594,10.785115222695651,40.27818316999499,21.999999999999996,29.41797116189923,-77.6745573434955,-66.6544529276023,FLAT
2026-10-01T14:27:49.367872+00:00,2,PERP,OP|GATE|OKX,OP,GATE,OKX,3.5657754114093443,0.28862917039892577,1.558159072329914,6.9556945207742675,-8.105964640762187,15.259834372485237,20.0,23.357448952608973,-59.02157266570108,-63.0591242527643,FLAT
2026-10-01T14:27:49.610098+00:00,2,PERP,OP|BITGET|GATE,OP,BITGET,GATE,-13.142157958114797,-0.6893872734861114,-7.207846246073078,8.60809582694055,-26.539765956629104,0.2658197060334544,21.999999999999996,26.84085632854782,-74.17277603910384,-62.314522280654344,FLAT
2026-10-01T14:27:50.057108+00:00,2,PERP,DOT|GATE|HTX,DOT,GATE,HTX,-12.417481941375819,-0.9870752799096084,0.06861969535290004,12.64959409972473,-45.445492043859616,20.638352937945026,20.0,66.16599477062813,-137.68010650984064,-112.73572801322025,FLAT
2026-10-01T14:27:50.889164+00:00,2,PERP,ICP|HTX|MEXC,ICP,HTX,MEXC,-39.8696042931157,-0.05013861823815851,-38.99321238801466,17.47937888790981,-52.28134387351923,-27.43066138372385,26.0,24.950127883669428,-70.23825936917399,-68.51267888796023,FLAT
2026-10-01T14:27:51.359647+00:00,2,PERP,ICP|HTX|OKX,ICP,HTX,OKX,-33.780574554029826,0.3155860837642929,-38.89687738791825,16.212067315711312,-46.19897233201442,-21.334958854006825,20.0,24.948260340171057,-58.25035528426723,-68.51017887408248,FLAT
2026-10-01T14:27:51.880669+00:00,2,PERP,DOT|BITGET|HTX,DOT,BITGET,HTX,-12.417481941375819,-1.3493010703845059,3.153041221600452,11.539695257589315,-45.445492043859616,20.638352937945026,21.999999999999996,66.16599477062813,-142.7645280360882,-111.6513064869727,FLAT
2026-10-01T14:27:52.417555+00:00,2,PERP,DOT|HTX|OKX,DOT,HTX,OKX,16.06597238275942,1.6225955665830387,-1.0962128191029559,10.57699500437041,-14.746685892905731,47.057073383593995,20.0,61.704110414874634,-101.3545834886774,-135.8573966175716,FLAT
2026-10-01T14:27:52.867460+00:00,2,PERP,ARB|GATE|HTX,ARB,GATE,HTX,45.83186909172588,1.3587220031758425,29.214222619341665,12.230350604128398,22.579495876138278,69.10721504182816,20.0,46.31543552527052,-78.9501622684739,-112.208427947757,FLAT
2026-10-01T14:27:53.325692+00:00,2,PERP,OP|GATE|HTX,OP,GATE,HTX,40.90938125970833,0.16555555918328954,38.274318090332834,15.916488593766719,10.594295024317635,71.28401644991067,20.0,60.44239689009873,-114.12241995611393,-119.45209524967657,FLAT
2026-10-01T14:27:53.811604+00:00,2,PERP,ICP|BITGET|HTX,ICP,BITGET,HTX,30.83082148140459,-0.01180564463025928,31.041701404291913,17.862635162404594,15.262515262512988,46.41339745851791,21.999999999999996,31.05513014188949,-74.83431628366841,-74.42682619611548,FLAT
2026-10-01T15:05:52.138664+00:00,0,PERP,OP|GATE|OKX,OP,GATE,OKX,-1.2023801962013358,-0.3430351069481112,1.2260315484655733,7.079193048990872,-14.13877374824346,11.764640111444624,20.0,25.90649259368003,-67.27129789038906,-62.44510115665908,FLAT
2026-10-01T15:05:52.427782+00:00,0,PERP,OP|BITGET|GATE,OP,BITGET,GATE,-8.594655008530294,-0.17062158877790423,-7.126381853273415,8.605435957861758,-24.300133481521826,7.123083791134022,21.999999999999996,31.450242887827727,-76.62399451607614,-73.69970853223516,FLAT
2026-10-01T15:05:52.850944+00:00,0,PERP,DOT|GATE|HTX,DOT,GATE,HTX,-5.725853747524656,-0.5315732237735321,0.6063357216005058,11.912167855585754,-32.57642186705101,21.170456396051307,20.0,53.777631619074796,-112.96038920772631,-100.3417522935256,FLAT
2026-10-01T15:05:53.589069+00:00,0,PERP,ICP|HTX|MEXC,ICP,HTX,MEXC,-38.59792307697951,0.03522063861451471,-39.20471070774064,17.228183662492242,-52.61321909424632,-24.547407180116608,26.0,28.174515494767252,-73.58302388127294,-74.83181902239127,FLAT
2026-10-01T15:05:54.133786+00:00,0,PERP,ICP|HTX|OKX,ICP,HTX,OKX,-29.404197117659514,0.6016236089197924,-38.97198292945042,15.903275187238322,-43.43101591187004,-15.342129487574407,20.0,28.17167874992639,-58.63071173234601,-77.8015321918024,FLAT
2026-10-01T15:05:54.607971+00:00,0,PERP,DOT|BITGET|HTX,DOT,BITGET,HTX,-1.4711606243877906,-0.4988016552029949,3.8089706088425794,10.585632942780714,-24.09350818353473,21.170456396051307,21.999999999999996,45.27061641115565,-101.17309520353295,-90.63210219836438,FLAT
2026-10-01T15:05:55.099133+00:00,0,PERP,DOT|HTX|OKX,DOT,HTX,OKX,4.771365030744601,0.6560543160407546,-1.6595155472257095,9.802359988697672,-15.077228851828606,24.6930494367259,20.0,39.75117722380043,-79.16889052840332,-92.10374220775203,FLAT
2026-10-01T15:05:55.504202+00:00,0,PERP,ARB|GATE|HTX,ARB,GATE,HTX,47.12467928287501,1.4364589494851572,29.651742813919,12.163895442482712,12.567014437530055,81.72161706837989,20.0,68.83022012289844,-111.91494849928739,-146.90009437735932,FLAT
2026-10-01T15:05:55.972269+00:00,0,PERP,OP|GATE|HTX,OP,GATE,HTX,43.53061160018213,0.3135657647108932,38.62310979730918,15.650630123469144,9.987910697752955,77.15179657410864,20.0,66.87269324051945,-121.50789234007568,-131.4013800173189,FLAT
2026-10-01T15:05:56.357819+00:00,0,PERP,ICP|BITGET|HTX,ICP,BITGET,HTX,28.415730697226582,-0.1663689218724409,31.347331057292315,17.62108167241393,12.288786482335112,44.55409006905553,21.999999999999996,32.17387513102595,-79.23241970598315,-73.38063414278918,FLAT
2026-10-01T15:06:06.693642+00:00,1,PERP,OP|GATE|OKX,OP,GATE,OKX,0.020967205820454637,-0.1702262297843253,1.2260315484655733,7.079193048990872,-12.968579924955703,13.040308159839586,20.0,26.008799422050295,-66.20341089547156,-63.82307603342431,FLAT
2026-10-01T15:06:06.997367+00:00,1,PERP,OP|BITGET|GATE,OP,BITGET,GATE,-8.852368155526369,-0.20056930418221597,-7.126381853273415,8.605435957861758,-24.7691816505613,7.078722152347172,21.999999999999996,31.87611531369573,-77.51891511098361,-74.08121931931632,FLAT
2026-10-01T15:06:07.352275+00:00,1,PERP,DOT|GATE|HTX,DOT,GATE,HTX,-10.357475173073949,-0.9203875421830457,0.6063357216005058,11.912167855585754,-41.89483639109204,21.20679505622114,20.0,63.16704508237381,-131.66821719506638,-109.76750441699446,FLAT
2026-10-01T15:06:07.990331+00:00,1,PERP,ICP|HTX|MEXC,ICP,HTX,MEXC,-40.200239215553154,-0.05778487897014339,-39.20471070774064,17.228183662492242,-52.71455548743087,-27.658266748615823,26.0,25.157391528690354,-70.66723630838058,-68.70383548781517,FLAT
2026-10-01T15:06:08.432053+00:00,1,PERP,ICP|HTX|OKX,ICP,HTX,OKX,-37.130490483613386,0.1157932830914446,-38.97198292945042,15.903275187238322,-49.64819129368525,-24.5851259987695,20.0,25.156441863306142,-61.832650227540974,-65.54329879398706,FLAT
2026-10-01T15:06:08.841142+00:00,1,PERP,DOT|BITGET|HTX,DOT,BITGET,HTX,-1.9113895853994922,-0.5403890561067768,3.8089706088425794,10.585632942780714,-25.009865629714856,21.20679505622114,21.999999999999996,46.22548777300767,-103.04432401156511,-91.62331222038623,FLAT
2026-10-01T15:06:09.292853+00:00,1,PERP,DOT|HTX|OKX,DOT,HTX,OKX,3.470970967549558,0.523392991146094,-1.6595155472257095,9.802359988697672,-16.346478748597846,23.363267008549293,20.0,39.695826378072844,-80.38278957944497,-90.71860893384783,FLAT
2026-10-01T15:06:09.648493+00:00,1,PERP,ARB|GATE|HTX,ARB,GATE,HTX,48.299397767321835,1.5330331505707808,29.651742813919,12.163895442482712,16.83138139390028,79.80779194925125,20.0,62.67367459293715,-101.49403601295586,-138.8297237282694,FLAT
2026-10-01T15:06:10.016274+00:00,1,PERP,OP|GATE|HTX,OP,GATE,HTX,44.379848455216035,0.3678279157127511,38.62310979730918,15.650630123469144,10.116864843947582,78.7168439912156,20.0,68.29679913687508,-122.80304409023668,-134.3905333307815,FLAT
2026-10-01T15:06:10.430966+00:00,1,PERP,ICP|BITGET|HTX,ICP,BITGET,HTX,31.650462860479678,0.01720279202053299,31.347331057292315,17.62108167241393,15.394088669951067,47.91962027735019,21.999999999999996,32.4229065832543,-76.37614897059555,-76.99519580331219,FLAT
2026-10-01T15:06:20.742340+00:00,2,PERP,OP|GATE|OKX,OP,GATE,OKX,-2.635428504231818,-0.5454661323648797,1.2260315484655733,7.079193048990872,-15.895289521403733,10.652820874681446,20.0,26.55507844097561,-69.67639951084492,-61.981867767191474,FLAT
2026-10-01T15:06:21.040378+00:00,2,PERP,OP|BITGET|GATE,OP,BITGET,GATE,-11.727061129155336,-0.534624776526148,-7.126381853273415,8.605435957861758,-27.00789509229251,3.565748409184444,21.999999999999996,30.609534799262896,-78.49104803828199,-69.30166506172074,FLAT
2026-10-01T15:06:21.395976+00:00,2,PERP,DOT|GATE|HTX,DOT,GATE,HTX,6.355870220100535,0.48266063475625093,0.6063357216005058,11.912167855585754,-17.032900921665206,29.764614693330582,20.0,46.7677820949645,-90.40701873823022,-101.92606106669459,FLAT
2026-10-01T15:06:22.028167+00:00,2,PERP,ICP|HTX|MEXC,ICP,HTX,MEXC,-41.46191646191788,-0.1310182082102736,-39.20471070774064,17.228183662492242,-58.26433609322335,-24.607812980621535,26.0,33.79657080505228,-84.856196190535,-80.39346853217138,FLAT
2026-10-01T15:06:22.481939+00:00,2,PERP,ICP|HTX|OKX,ICP,HTX,OKX,-35.31941031940988,0.22967423798159295,-38.97198292945042,15.903275187238322,-52.131248083410185,-18.455859735465594,20.0,33.79466971700018,-72.95393487095996,-80.31079291098501,FLAT
2026-10-01T15:06:22.890951+00:00,2,PERP,DOT|BITGET|HTX,DOT,BITGET,HTX,6.355870220100535,0.2405996528525876,3.8089706088425794,10.585632942780714,-17.032900921665206,29.764614693330582,21.999999999999996,46.7677820949645,-95.60965362547229,-100.7234261794525,FLAT
2026-10-01T15:06:23.297145+00:00,2,PERP,DOT|HTX|OKX,DOT,HTX,OKX,-4.325838994697628,-0.272008317440519,-1.6595155472257095,9.802359988697672,-23.929153762853872,15.352566153845615,20.0,39.29857630637264,-87.5682145220008,-82.31065800744396,FLAT
2026-10-01T15:06:23.705157+00:00,2,PERP,ARB|GATE|HTX,ARB,GATE,HTX,45.88054217269155,1.3341778080476634,29.651742813919,12.163895442482712,12.096520487054896,79.70581361510965,20.0,67.30048966533487,-110.85571199219896,-143.35456046652553,FLAT
2026-10-01T15:06:24.052215+00:00,2,PERP,OP|GATE|HTX,OP,GATE,HTX,43.940426429205374,0.3397509614595342,38.62310979730918,15.650630123469144,6.452602447861722,81.51564099017739,20.0,74.73455000005363,-132.90505734950108,-143.62708119292182,FLAT
2026-10-01T15:06:24.447906+00:00,2,PERP,ICP|BITGET|HTX,ICP,BITGET,HTX,33.70666286994339,0.13389256440168754,31.347331057292315,17.62108167241393,15.403573629082512,52.02033659063021,21.999999999999996,36.49375164363567,-80.43750907184547,-85.16675717697356,FLAT
2026-10-01T15:29:26.438317+00:00,0,PERP,OP|GATE|OKX,OP,GATE,OKX,1.7280457659896165,0.05229131689178015,1.367044900642822,6.903648383801583,-11.914734464808507,15.400612698912575,20.0,27.310595286212795,-66.59237465166413,-67.34416308448255,FLAT
2026-10-01T15:29:26.681333+00:00,0,PERP,OP|BITGET|GATE,OP,BITGET,GATE,-12.17157059098084,-0.5681203384969926,-7.277054417543429,8.61528067519329,-27.003416027656655,2.6717813200449747,21.999999999999996,29.71135627312148,-77.43771788323471,-67.66019201070989,FLAT
2026-10-01T15:29:27.134817+00:00,0,PERP,DOT|GATE|HTX,DOT,GATE,HTX,2.715887128428296,0.17808099825523038,0.5945254419330921,11.912341615778752,-24.009498302206556,29.48509097339569,20.0,53.48002881093477,-104.08405255507442,-108.37059434239737,FLAT
2026-10-01T15:29:27.829681+00:00,0,PERP,ICP|HTX|MEXC,ICP,HTX,MEXC,-47.35716468072027,-0.4583164499595993,-39.45822614258456,17.234682584122833,-67.09362610552105,-27.548209366390353,26.0,39.73345019918181,-99.36885016211832,-83.64346697537601,FLAT
2026-10-01T15:29:28.322595+00:00,0,PERP,ICP|HTX|OKX,ICP,HTX,OKX,-44.301863733579026,-0.3257089086411675,-39.14072003461054,15.845878212236752,-64.04391582799707,-24.487297214570436,20.0,39.73250809734556,-90.63570389073209,-80.38593091738566,FLAT
2026-10-01T15:29:28.795161+00:00,0,PERP,DOT|BITGET|HTX,DOT,BITGET,HTX,6.6614819314558815,0.2707439957499562,3.7970497648548736,10.579854813276947,-16.142735768903684,29.48509097339569,21.999999999999996,45.5974438463543,-93.53722938011285,-99.2854850548951,FLAT
2026-10-01T15:29:29.312493+00:00,0,PERP,DOT|HTX|OKX,DOT,HTX,OKX,-3.478473345034372,-0.19225527452638436,-1.6004149896457303,9.768566090138163,-23.55016474531069,16.667817699818066,20.0,40.231838609350895,-88.18158836501584,-84.50007129881469,FLAT
2026-10-01T15:29:29.746240+00:00,0,PERP,ARB|GATE|HTX,ARB,GATE,HTX,40.90882327297596,0.9138680017316175,29.716340563749515,12.247373458769403,20.820992910923763,61.011652086087054,20.0,40.0269082066041,-74.92225585942985,-97.32221972894165,FLAT
2026-10-01T15:29:30.631977+00:00,0,PERP,OP|GATE|HTX,OP,GATE,HTX,42.96775707773648,0.2760555710742524,38.64124690390741,15.672605906820634,15.44973745633893,70.54417774375653,20.0,54.85866301073133,-104.05017245829981,-112.76159385058045,FLAT
2026-10-01T15:29:31.105891+00:00,0,PERP,ICP|BITGET|HTX,ICP,BITGET,HTX,40.81203958919089,0.5297324553064556,31.47443590732432,17.627018296367492,18.399264029438367,63.242747145488835,21.999999999999996,44.66120446095422,-85.73637633884016,-104.42951569911872,FLAT
2026-10-01T15:29:41.369774+00:00,1,PERP,OP|GATE|OKX,OP,GATE,OKX,2.6606292444575352,0.18737691607381435,1.367044900642822,6.903648383801583,-9.519993396754911,14.866263189583506,20.0,24.379744387876737,-61.26678268527448,-63.87896267681742,FLAT
2026-10-01T15:29:41.614199+00:00,1,PERP,OP|BITGET|GATE,OP,BITGET,GATE,-12.234223396637711,-0.5753926268900188,-7.277054417543429,8.61528067519329,-26.34524349664047,1.887743964887889,21.999999999999996,28.26756638896818,-75.33575546806522,-65.43236477139949,FLAT
2026-10-01T15:29:42.056909+00:00,1,PERP,DOT|GATE|HTX,DOT,GATE,HTX,6.6614819314558815,0.5093000759386106,0.5945254419330921,11.912341615778752,-16.142735768903684,29.48509097339569,20.0,45.5974438463543,-88.33470505719109,-100.48800937781691,FLAT
2026-10-01T15:29:42.753306+00:00,1,PERP,ICP|HTX|MEXC,ICP,HTX,MEXC,-40.18757930070893,-0.04231892026815046,-39.45822614258456,17.234682584122833,-55.82094656488512,-24.50980392156854,26.0,31.437419037021833,-79.8001394593224,-78.38584125803786,FLAT
2026-10-01T15:29:43.273962+00:00,1,PERP,ICP|HTX|OKX,ICP,HTX,OKX,-37.12819904553966,0.12700596092659217,-39.14072003461054,15.845878212236752,-52.76589923664088,-21.446078431371916,20.0,31.436475777458185,-71.06165497948852,-75.13111738069681,FLAT
2026-10-01T15:29:43.725846+00:00,1,PERP,DOT|BITGET|HTX,DOT,BITGET,HTX,6.6614819314558815,0.2707439957499562,3.7970497648548736,10.579854813276947,-16.142735768903684,29.48509097339569,21.999999999999996,45.5974438463543,-93.53722938011285,-99.2854850548951,FLAT
2026-10-01T15:29:44.215838+00:00,1,PERP,DOT|HTX|OKX,DOT,HTX,OKX,-4.502682613839459,-0.2971027269932388,-1.6004149896457303,9.768566090138163,-24.311367867739797,15.379624780316181,20.0,39.70873567098639,-88.41968854908045,-82.68877544094829,FLAT
2026-10-01T15:29:45.157807+00:00,1,PERP,ARB|GATE|HTX,ARB,GATE,HTX,42.52665062705052,1.0459638637154915,29.716340563749515,12.247373458769403,20.775400780996822,64.3013574132234,20.0,43.34162656977341,-78.2825663525261,-103.9266434192473,FLAT
2026-10-01T15:29:45.623086+00:00,1,PERP,OP|GATE|HTX,OP,GATE,HTX,43.30362137416222,0.29748559352377835,38.64124690390741,15.672605906820634,16.13473523858211,70.52826256091605,20.0,54.1589423383749,-102.6654540037002,-112.04595799538353,FLAT
2026-10-01T15:29:46.110099+00:00,1,PERP,ICP|BITGET|HTX,ICP,BITGET,HTX,33.34356690913198,0.10603784317809681,31.47443590732432,17.627018296367492,15.342129487572187,51.35632249214872,21.999999999999996,35.89450436682168,-80.0268107865738,-83.77639095164608,FLAT
2026-10-01T15:29:56.363412+00:00,2,PERP,OP|GATE|OKX,OP,GATE,OKX,-0.32546496119167934,-0.24516165478614643,1.367044900642822,6.903648383801583,-12.038606652665651,11.40993996867401,20.0,23.449288675674627,-62.8549402289831,-59.49218374370581,FLAT
2026-10-01T15:29:56.606295+00:00,2,PERP,OP|BITGET|GATE,OP,BITGET,GATE,-6.462640740284575,0.09453129943913076,-7.277054417543429,8.61528067519329,-19.82380011115947,6.9088922015292376,21.999999999999996,26.749975835608534,-67.29672152922457,-68.93592245468119,FLAT
2026-10-01T15:29:57.144448+00:00,2,PERP,DOT|GATE|HTX,DOT,GATE,HTX,10.916014874451374,0.8664534451267523,0.5945254419330921,11.912341615778752,-16.142735768903684,38.020822965711965,20.0,54.10445906212943,-96.8417202729662,-117.53075658590829,FLAT
2026-10-01T15:29:58.317055+00:00,2,PERP,ICP|HTX|MEXC,ICP,HTX,MEXC,-44.39681567666831,-0.2865494916995656,-39.45822614258456,17.234682584122833,-67.21662083715496,-21.47898128260217,26.0,45.94139461188138,-105.69978930645178,-95.92063947186377,FLAT
2026-10-01T15:29:58.872114+00:00,2,PERP,ICP|HTX|OKX,ICP,HTX,OKX,-45.90665646518666,-0.4269839979807002,-39.14072003461054,15.845878212236752,-64.1613198900115,-27.590435315755222,20.0,36.73943944009111,-87.76003929549208,-74.28972415894643,FLAT
2026-10-01T15:29:59.352452+00:00,2,PERP,DOT|BITGET|HTX,DOT,BITGET,HTX,18.68006266851463,1.406731298900497,3.7970497648548736,10.579854813276947,-7.6530612244885,45.054064003575704,21.999999999999996,52.60881991992779,-92.05893090927115,-121.86583415864861,FLAT
2026-10-01T15:29:59.821095+00:00,2,PERP,DOT|HTX|OKX,DOT,HTX,OKX,-19.257639614828072,-1.8075554244351335,-1.6004149896457303,9.768566090138163,-39.139366344977944,0.6979807258811199,20.0,39.91407509424395,-103.45302644957616,-68.21247080977079,FLAT
2026-10-01T15:30:00.266655+00:00,2,PERP,ARB|GATE|HTX,ARB,GATE,HTX,48.85021478753026,1.5622838879041816,29.716340563749515,12.247373458769403,12.844030877789958,84.90175339403106,20.0,71.70740177117023,-114.57971145712978,-152.8928146014518,FLAT
2026-10-01T15:30:00.707352+00:00,2,PERP,OP|GATE|HTX,OP,GATE,HTX,51.1478033229773,0.7979883175411888,38.64124690390741,15.672605906820634,27.691374701703797,74.64227441842385,20.0,46.71194754182514,-83.66181974402875,-108.71297505634158,FLAT
2026-10-01T15:30:01.196018+00:00,2,PERP,ICP|BITGET|HTX,ICP,BITGET,HTX,41.49377593361203,0.5684081027108513,31.47443590732432,17.627018296367492,18.43317972350267,64.57564575645947,21.999999999999996,45.95178491821442,-86.99304110203607,-107.05299476734956,FLAT
2026-10-01T15:51:07.833277+00:00,0,PERP,OP|GATE|OKX,OP,GATE,OKX,0.812151033326991,-0.04009106731478294,1.1077197932516287,7.3724343032307225,-13.265584978675582,14.919950254577152,20.0,28.183214264622496,-68.5565190365497,-67.99544472594802,FLAT
2026-10-01T15:51:08.141087+00:00,0,PERP,OP|BITGET|GATE,OP,BITGET,GATE,-11.103080822173483,-0.4704772464247334,-6.920810286693187,8.889421469927289,-29.246340845106022,7.067636115092313,21.999999999999996,36.3543206961813,-86.67985125459413,-78.34276709796679,FLAT
2026-10-01T15:51:08.584698+00:00,0,PERP,DOT|GATE|HTX,DOT,GATE,HTX,-1.58275795337115,-0.21398832377326674,1.1515030680233722,12.777617830642168,-24.598731957640176,21.453400627324815,20.0,46.05941382845327,-97.80964885411683,-92.36131138775471,FLAT
2026-10-01T15:51:09.334172+00:00,0,PERP,ICP|HTX|MEXC,ICP,HTX,MEXC,-47.4151116549415,-0.4551354904232319,-39.54312155144084,17.29592674959377,-67.17557251908146,-27.58197977321575,26.0,39.78208657142488,-99.41453753906549,-83.74322834964997,FLAT
2026-10-01T15:51:09.833447+00:00,0,PERP,ICP|HTX|OKX,ICP,HTX,OKX,-41.29703273172414,-0.13056377799063765,-39.22561544346681,15.865175779501913,-61.068702290076885,-21.452650934723483,20.0,39.78019831276865,-87.62328515937872,-83.55316282151198,FLAT
2026-10-01T15:51:10.324356+00:00,0,PERP,DOT|BITGET|HTX,DOT,BITGET,HTX,-1.6976410547719922,-0.520929894554142,4.235924594270925,11.390334306157241,-24.598731957640176,21.22300671479449,21.999999999999996,45.82951053136157,-102.66416708327267,-90.81659265188513,FLAT
2026-10-01T15:51:10.832052+00:00,0,PERP,DOT|HTX|OKX,DOT,HTX,OKX,-1.6034352404259433,0.05183159859471994,-2.178792482632336,11.100511228781665,-23.046137946620693,19.919384083817437,20.0,42.97226296328091,-89.83960842726927,-91.07043952973069,FLAT
2026-10-01T15:51:11.274301+00:00,0,PERP,ARB|GATE|HTX,ARB,GATE,HTX,41.97848405326887,0.9714566682642439,29.847212827790674,12.487712135584822,14.420315687033725,69.569450002398,20.0,54.918574958096244,-96.3454720988532,-120.64081213270357,FLAT
2026-10-01T15:51:11.750471+00:00,0,PERP,OP|GATE|HTX,OP,GATE,HTX,48.15919066438301,0.6415552402456406,38.14535917003225,15.608681632023822,20.918818140127637,75.45876596377843,20.0,54.27848277929087,-97.50502380919548,-117.59188957303705,FLAT
2026-10-01T15:51:12.227904+00:00,0,PERP,ICP|BITGET|HTX,ICP,BITGET,HTX,39.537523828894194,0.4648192687743171,31.346859427342995,17.621180858420907,17.646262031920656,61.443932411673345,21.999999999999996,43.625181974274504,-85.32577936969683,-101.72225495860485,FLAT
2026-10-01T15:51:22.585221+00:00,1,PERP,OP|GATE|OKX,OP,GATE,OKX,2.8832585421301182,0.24083480107790436,1.1077197932516287,7.3724343032307225,-10.936179025331505,16.734711961352566,20.0,27.662878020676995,-65.70677683926013,-69.28987018877794,FLAT
2026-10-01T15:51:22.879377+00:00,1,PERP,OP|BITGET|GATE,OP,BITGET,GATE,-10.836917746026575,-0.4405356943172839,-6.920810286693187,8.889421469927289,-25.51126982285212,3.848862953912402,21.999999999999996,29.391980175254414,-75.98243971141335,-68.16165341586,FLAT
2026-10-01T15:51:23.347919+00:00,1,PERP,DOT|GATE|HTX,DOT,GATE,HTX,-10.13871726975979,-0.8835935216897738,1.1515030680233722,12.777617830642168,-32.93046279677636,12.672475139101635,20.0,45.64921208845907,-105.73117795325882,-83.17018415953734,FLAT
2026-10-01T15:51:24.083455+00:00,1,PERP,ICP|HTX|MEXC,ICP,HTX,MEXC,-38.23799327011379,0.07545870771901274,-39.54312155144084,17.29592674959377,-58.01526717557293,-18.387986515475685,26.0,39.779255053205,-90.25140067733707,-92.93439008917015,FLAT
2026-10-01T15:51:24.580735+00:00,1,PERP,ICP|HTX|OKX,ICP,HTX,OKX,-30.590394616091253,0.5442877499367144,-39.22561544346681,15.865175779501913,-51.90839694656502,-9.193993257738953,20.0,42.84532533433716,-81.52810683743537,-98.87694752006502,FLAT
2026-10-01T15:51:25.046716+00:00,1,PERP,DOT|BITGET|HTX,DOT,BITGET,HTX,-10.13871726975979,-1.2620035090857917,4.235924594270925,11.390334306157241,-32.93046279677636,12.672475139101635,21.999999999999996,45.64921208845907,-110.81559947950635,-82.08576263328978,FLAT
2026-10-01T15:51:25.586131+00:00,1,PERP,DOT|HTX|OKX,DOT,HTX,OKX,10.341571689747031,1.1279087885534744,-2.178792482632336,11.100511228781665,-10.023043604496795,30.781921872000684,20.0,40.76266990361932,-74.60692102548379,-99.72338425825234,FLAT
2026-10-01T15:51:26.025143+00:00,1,PERP,ARB|GATE|HTX,ARB,GATE,HTX,39.152563451911874,0.7451605644884137,29.847212827790674,12.487712135584822,9.061760972559618,69.28144499232403,20.0,59.98480405631619,-106.77025591154725,-125.41903622084955,FLAT
2026-10-01T15:51:26.501195+00:00,1,PERP,OP|GATE|HTX,OP,GATE,HTX,42.30125289084397,0.26625526862468685,38.14535917003225,15.608681632023822,10.587423487855574,74.08923904390852,20.0,63.234240197984796,-116.79217588016148,-125.17812007186107,FLAT
2026-10-01T15:51:26.973231+00:00,1,PERP,ICP|BITGET|HTX,ICP,BITGET,HTX,33.65396362059903,0.13092789931575458,31.346859427342995,17.621180858420907,12.056077607360827,55.26558182376462,21.999999999999996,43.064570503339816,-90.35535232332198,-94.98329289976144,FLAT
2026-10-01T15:51:37.332264+00:00,2,PERP,OP|GATE|OKX,OP,GATE,OKX,1.035876285713222,-0.009744882705421155,1.1077197932516287,7.3724343032307225,-13.222659541045623,15.326407649693952,20.0,28.5460743125283,-68.87645364682555,-68.76476216897063,FLAT
2026-10-01T15:51:37.639116+00:00,2,PERP,OP|BITGET|GATE,OP,BITGET,GATE,-9.799652462836317,-0.3238503412041141,-6.920810286693187,8.889421469927289,-27.2605015508276,7.684519835056136,21.999999999999996,34.97928430232729,-83.3189755664617,-77.5846144240766,FLAT
2026-10-01T15:51:38.134260+00:00,2,PERP,DOT|GATE|HTX,DOT,GATE,HTX,-1.2448268621123582,-0.1875412116638096,1.1515030680233722,12.777617830642168,-32.22485100178973,29.788154583783033,20.0,62.02068086252527,-121.39703493233837,-116.65733237828493,FLAT
2026-10-01T15:51:38.917070+00:00,2,PERP,ICP|HTX|MEXC,ICP,HTX,MEXC,-45.899632802938186,-0.3675149266949017,-39.54312155144084,17.29592674959377,-70.22900763358764,-21.465808034346612,26.0,48.98782820189198,-111.67371428403877,-99.0651417189862,FLAT
2026-10-01T15:51:39.433261+00:00,2,PERP,ICP|HTX|OKX,ICP,HTX,OKX,-35.189718482251386,0.25438715695982844,-39.22561544346681,15.865175779501913,-58.01526717557293,-12.266176019626318,20.0,45.910438796637415,-90.70009052874353,-98.8698782204779,FLAT
2026-10-01T15:51:39.937271+00:00,2,PERP,DOT|BITGET|HTX,DOT,BITGET,HTX,-5.42605196854451,-0.8482610170267335,4.235924594270925,11.390334306157241,-32.05237254720328,21.22300671479449,21.999999999999996,53.30429274355869,-117.5925898850329,-98.29137486408226,FLAT
2026-10-01T15:51:40.883395+00:00,2,PERP,DOT|HTX|OKX,DOT,HTX,OKX,11.455148135879334,1.2282263706162713,-2.178792482632336,11.100511228781665,-13.282491067518887,36.30378181745941,20.0,49.52928790067592,-86.63298648556247,-114.01186220076767,FLAT
2026-10-01T15:51:41.320361+00:00,2,PERP,ARB|GATE|HTX,ARB,GATE,HTX,36.773233226103926,0.5546268462240537,29.847212827790674,12.487712135584822,0.9811235305590138,72.61460022759402,20.0,71.37098862522112,-126.23707792245278,-140.13837602502446,FLAT
2026-10-01T15:51:41.767563+00:00,2,PERP,OP|GATE|HTX,OP,GATE,HTX,40.16625355519832,0.12947245852076728,38.14535917003225,15.608681632023822,8.902149986240726,71.50627897411832,20.0,62.35358592102119,-117.59679510481271,-121.71450572510726,FLAT
2026-10-01T15:51:42.336970+00:00,2,PERP,ICP|BITGET|HTX,ICP,BITGET,HTX,30.693677102515693,-0.03706802228950257,31.346859427342995,17.621180858420907,6.136851795028875,55.26558182376462,21.999999999999996,48.978392703243806,-102.18840033555792,-100.89711509966543,FLAT
2026-10-01T16:07:16.448336+00:00,0,PERP,OP|GATE|OKX,OP,GATE,OKX,2.4646192580490833,0.10253314753210539,1.7194170749120559,7.26791482631203,-9.478386263600536,14.428740584386812,20.0,23.901217457515795,-61.09902079602839,-62.610540966990555,FLAT
2026-10-01T16:07:16.787925+00:00,0,PERP,OP|BITGET|GATE,OP,BITGET,GATE,-10.104567460959002,-0.2959288392721467,-7.499061892052664,8.804500349863577,-25.411609578936954,5.21976026293558,21.999999999999996,30.6623430588167,-76.57489074570098,-71.38116521380493,FLAT
2026-10-01T16:07:17.476017+00:00,0,PERP,DOT|GATE|HTX,DOT,GATE,HTX,-1.7071434071691538,-0.22320635200822328,0.8997536805583566,11.679314070916174,-24.536168194063677,21.141310336991737,20.0,45.68526939757527,-97.12119127219731,-91.92682605400864,FLAT
2026-10-01T16:07:18.408921+00:00,0,PERP,ICP|HTX|MEXC,ICP,HTX,MEXC,-29.627153602102,0.5275806892114541,-38.81689497405518,17.41864620876967,-46.562624544351785,-12.639151663107473,26.0,34.02419554297682,-73.76992511327343,-92.20193885392453,FLAT
2026-10-01T16:07:19.261883+00:00,0,PERP,ICP|HTX|OKX,ICP,HTX,OKX,-29.627153602102,0.5658416403474982,-38.71519985903855,16.06111252497314,-46.562624544351785,-12.639151663107473,20.0,34.02419554297682,-67.87162022829006,-86.10024373890789,FLAT
2026-10-01T16:07:19.832200+00:00,0,PERP,DOT|BITGET|HTX,DOT,BITGET,HTX,-1.7071434071691538,-0.5152307343397915,3.749862655063946,10.591383041668935,-24.536168194063677,21.141310336991737,21.999999999999996,45.68526939757527,-101.9713002467029,-91.07671707950306,FLAT
2026-10-01T16:07:20.450321+00:00,0,PERP,DOT|HTX|OKX,DOT,HTX,OKX,5.40358776990324,0.711330193577992,-1.5288233917008016,9.745700694545247,-14.728455059741519,25.61061740782966,20.0,40.317147349219354,-79.51677901726006,-93.45658814874982,FLAT
2026-10-01T16:07:20.978922+00:00,0,PERP,ARB|GATE|HTX,ARB,GATE,HTX,31.104213150168203,0.08702858784650151,30.038116952470986,12.249953998766085,-0.43124553715578884,62.67149323477162,20.0,62.907055279454156,-119.37641776908093,-121.54043156175479,FLAT
2026-10-01T16:07:21.518435+00:00,0,PERP,OP|GATE|HTX,OP,GATE,HTX,37.11061148526484,-0.10411169657931076,38.70856454312825,15.348448929041416,7.174836163938991,67.10703670767649,20.0,59.71054966651654,-117.2442780457058,-114.10902183106478,FLAT
2026-10-01T16:07:22.087277+00:00,0,PERP,ICP|BITGET|HTX,ICP,BITGET,HTX,20.604921752203076,-0.57163343121848,30.737260839842538,17.72523882314163,0.4408677724754284,40.787440982825714,21.999999999999996,40.263601922726174,-98.55999499009327,-78.31378206570935,FLAT
2026-10-01T16:07:32.459499+00:00,1,PERP,OP|GATE|OKX,OP,GATE,OKX,3.1266134197016626,0.19361761638910988,1.7194170749120559,7.26791482631203,-9.060682870335457,15.33719309145587,20.0,24.390227860619238,-61.17032780586675,-64.00800387716305,FLAT
2026-10-01T16:07:32.800425+00:00,1,PERP,OP|BITGET|GATE,OP,BITGET,GATE,-11.168414728365272,-0.4167587813622455,-7.499061892052664,8.804500349863577,-27.25775158195498,4.942173309288034,21.999999999999996,32.235913270822564,-79.99460296072488,-72.67714847216327,FLAT
2026-10-01T16:07:33.376025+00:00,1,PERP,DOT|GATE|HTX,DOT,GATE,HTX,-5.958118261164547,-0.5871810536202956,0.8997536805583566,11.679314070916174,-33.01149855243879,21.141310336991737,20.0,54.18505382857533,-114.09630606157246,-100.4266104850087,FLAT
2026-10-01T16:07:34.224330+00:00,1,PERP,ICP|HTX|MEXC,ICP,HTX,MEXC,-32.602091289499754,0.35679028152179215,-38.81689497405518,17.41864620876967,-49.46339106654318,-15.688727494660437,26.0,33.885055682494325,-76.53155177498232,-89.01322316188907,FLAT
2026-10-01T16:07:34.845909+00:00,1,PERP,ICP|HTX|OKX,ICP,HTX,OKX,-35.646966166149596,0.19103494157818832,-38.71519985903855,16.06111252497314,-52.50357945913109,-18.73830332621229,20.0,33.88598916890794,-73.67436876900048,-79.8628857017342,FLAT
2026-10-01T16:07:35.432926+00:00,1,PERP,DOT|BITGET|HTX,DOT,BITGET,HTX,-1.7071434071691538,-0.5152307343397915,3.749862655063946,10.591383041668935,-24.536168194063677,21.141310336991737,21.999999999999996,45.68526939757527,-101.9713002467029,-91.07671707950306,FLAT
2026-10-01T16:07:36.100592+00:00,1,PERP,DOT|HTX|OKX,DOT,HTX,OKX,5.02250176255048,0.6722272065997383,-1.5288233917008016,9.745700694545247,-15.58833766949208,25.710111400083502,20.0,41.277574691312594,-81.33708896910387,-94.5165094830969,FLAT
2026-10-01T16:07:36.706712+00:00,1,PERP,ARB|GATE|HTX,ARB,GATE,HTX,37.07486486903555,0.5744305584554329,30.038116952470986,12.249953998766085,9.859894003385605,64.31963309537991,20.0,54.25855991085804,-100.43678285994342,-114.54007605376697,FLAT
2026-10-01T16:07:37.263455+00:00,1,PERP,OP|GATE|HTX,OP,GATE,HTX,40.462410576065366,0.11426861704693798,38.70856454312825,15.348448929041416,10.045318589555485,70.94534432465326,20.0,60.654531694132686,-115.31777764770544,-118.8913114756577,FLAT
2026-10-01T16:07:37.839527+00:00,1,PERP,ICP|BITGET|HTX,ICP,BITGET,HTX,26.184903909776125,-0.2568290884816158,30.737260839842538,17.72523882314163,4.1281474228216375,48.25755116047104,21.999999999999996,44.01414739345284,-98.62326081047374,-89.53443771408134,FLAT
2026-10-01T16:07:48.241311+00:00,2,PERP,OP|GATE|OKX,OP,GATE,OKX,2.9603989246318463,0.17074799022507312,1.7194170749120559,7.26791482631203,-9.5956059658453,15.54135298791337,20.0,25.129494858012947,-62.4445178987703,-64.95143077101426,FLAT
2026-10-01T16:07:48.622516+00:00,2,PERP,OP|BITGET|GATE,OP,BITGET,GATE,-12.187857639676114,-0.5325453530927625,-7.499061892052664,8.804500349863577,-27.796474065883146,3.4413750234651985,21.999999999999996,31.27595417082024,-79.57336634465071,-70.21639108633809,FLAT
2026-10-01T16:07:49.152585+00:00,2,PERP,DOT|GATE|HTX,DOT,GATE,HTX,2.852011249490083,0.1671551562940873,0.8997536805583566,11.679314070916174,-23.948664557030817,29.6772058313155,20.0,53.61056938319606,-104.45898762078524,-108.38802153395321,FLAT
2026-10-01T16:07:50.239134+00:00,2,PERP,ICP|HTX|MEXC,ICP,HTX,MEXC,-41.195481629469064,-0.13655404828283094,-38.81689497405518,17.41864620876967,-60.80875646093165,-21.510680500457234,26.0,39.46050522751725,-93.45236671439372,-88.76671970111519,FLAT
2026-10-01T16:07:50.849060+00:00,2,PERP,ICP|HTX|OKX,ICP,HTX,OKX,-38.571972947666346,0.008917620815463555,-38.71519985903855,16.06111252497314,-58.61170964876372,-18.459154714678405,20.0,40.307897431561756,-86.20440722128693,-86.5639425759219,FLAT
2026-10-01T16:07:51.430574+00:00,2,PERP,DOT|BITGET|HTX,DOT,BITGET,HTX,3.167306149189919,-0.05500287390061485,3.749862655063946,10.591383041668935,-23.320031916183037,29.6772058313155,21.999999999999996,52.98044761297338,-108.05034218422037,-106.90779078922493,FLAT
2026-10-01T16:07:52.050194+00:00,2,PERP,DOT|HTX|OKX,DOT,HTX,OKX,-4.607058883876469,-0.3158557387154915,-1.5288233917008016,9.745700694545247,-28.252505963677343,19.143764765954252,20.0,47.41788214244025,-100.14156471441679,-94.0904703000953,FLAT
2026-10-01T16:07:52.581877+00:00,2,PERP,ARB|GATE|HTX,ARB,GATE,HTX,44.173500804221,1.1539132190352588,30.038116952470986,12.249953998766085,15.346938742777372,73.02864425886125,20.0,57.42801172175105,-98.11918993144467,-126.41853902814131,FLAT
2026-10-01T16:07:53.136959+00:00,2,PERP,OP|GATE|HTX,OP,GATE,HTX,48.954907147908955,0.667581633307141,38.70856454312825,15.348448929041416,17.972082478978635,79.99737883352952,20.0,61.72307425770402,-108.45955632185363,-129.01188854810528,FLAT
2026-10-01T16:07:53.694967+00:00,2,PERP,ICP|BITGET|HTX,ICP,BITGET,HTX,33.6936976426272,0.1667924947180295,30.737260839842538,17.72523882314163,12.371389359411289,55.02904310608514,21.999999999999996,42.514403018128895,-88.88027449856014,-94.8061852843715,FLAT
2026-10-01T16:29:02.209147+00:00,0,PERP,OP|GATE|OKX,OP,GATE,OKX,-1.6879729736907212,-0.4623801909683065,1.5251731284676255,6.949143075159527,-13.853552869935726,10.500025749220487,20.0,24.35766949015668,-65.73639548856004,-59.332522110909544,FLAT
2026-10-01T16:29:02.560689+00:00,0,PERP,OP|BITGET|GATE,OP,BITGET,GATE,-9.679638306855365,-0.27586349474893795,-7.305834930416637,8.604992764987317,-22.796600770099708,3.4476362337954036,21.999999999999996,26.269661033723338,-69.7604268734064,-65.02313219793538,FLAT
2026-10-01T16:29:03.051562+00:00,0,PERP,DOT|GATE|HTX,DOT,GATE,HTX,5.071251205273075,0.34219530161912,1.0774736374698994,11.671047349003185,-27.742480620934764,37.91307697996294,20.0,65.62226687952534,-120.44222113793,-128.45787022201839,FLAT
2026-10-01T16:29:03.818485+00:00,0,PERP,ICP|HTX|MEXC,ICP,HTX,MEXC,-44.54326834492983,-0.31209961726501784,-39.158554334276246,17.253190048231232,-64.22018348623992,-24.794352363413097,26.0,39.602100330562536,-96.66372948252621,-85.96630230142569,FLAT
2026-10-01T16:29:04.286375+00:00,0,PERP,ICP|HTX|OKX,ICP,HTX,OKX,-38.415890759668784,0.03500553613487342,-38.971755733420835,15.879344673092552,-58.10397553516977,-18.655764272561548,20.0,39.60020742173735,-84.7324272234863,-85.91619888259663,FLAT
2026-10-01T16:29:04.694089+00:00,0,PERP,DOT|BITGET|HTX,DOT,BITGET,HTX,5.071251205273075,0.10856624483605706,3.927582611975489,10.53429263418486,-27.742480620934764,37.91307697996294,21.999999999999996,65.62226687952534,-125.2923301124356,-127.6077612475128,FLAT
2026-10-01T16:29:05.134994+00:00,0,PERP,DOT|HTX|OKX,DOT,HTX,OKX,-3.5728941324542074,-0.1935602990131724,-1.6945991504954527,9.703926846232712,-34.14075447822573,27.169898647283475,20.0,61.33206730412178,-119.77822263185206,-116.1965651019007,FLAT
2026-10-01T16:29:05.534080+00:00,0,PERP,ARB|GATE|HTX,ARB,GATE,HTX,41.544041110155305,0.9417875366121201,30.021738883086087,12.234502771737928,18.22064864909212,64.89976182564527,20.0,46.48596928527617,-84.28705951927014,-107.36399222783535,FLAT
2026-10-01T16:29:05.987365+00:00,0,PERP,OP|GATE|HTX,OP,GATE,HTX,48.046890471487025,0.5668166988004968,39.26921455844143,15.485916225864548,28.311417718307474,67.81742820694436,20.0,39.31707305517475,-76.27486989530871,-93.86528670367767,FLAT
2026-10-01T16:29:06.413863+00:00,0,PERP,ICP|BITGET|HTX,ICP,BITGET,HTX,33.93512738495863,0.16335095381780215,31.07934592636194,17.48249025703252,12.532863788117243,55.35055350553763,21.999999999999996,42.67287472717182,-89.21935686541651,-94.94408230634751,FLAT
2026-10-01T16:29:16.806403+00:00,1,PERP,OP|GATE|OKX,OP,GATE,OKX,2.347574092176341,0.11834566576251364,1.5251731284676255,6.949143075159527,-8.983489085607754,13.699419633388388,20.0,22.677565951305972,-59.18622816538135,-60.85181245622674,FLAT
2026-10-01T16:29:17.140178+00:00,1,PERP,OP|BITGET|GATE,OP,BITGET,GATE,-11.84179320946055,-0.5271309811555196,-7.305834930416637,8.604992764987317,-27.730165165187337,4.068061090722885,21.999999999999996,31.83591117047366,-80.26024140524436,-71.20980719161318,FLAT
2026-10-01T16:29:17.588958+00:00,1,PERP,DOT|GATE|HTX,DOT,GATE,HTX,-3.4508345827810594,-0.38799501748553167,1.0774736374698994,11.671047349003185,-36.19997948864806,29.326324989389363,20.0,65.54891234619929,-128.82636547231726,-119.79776369811876,FLAT
2026-10-01T16:29:18.315403+00:00,1,PERP,ICP|HTX|MEXC,ICP,HTX,MEXC,-44.54326834492983,-0.31209961726501784,-39.158554334276246,17.253190048231232,-64.22018348623992,-24.794352363413097,26.0,39.602100330562536,-96.66372948252621,-85.96630230142569,FLAT
2026-10-01T16:29:18.800182+00:00,1,PERP,ICP|HTX|OKX,ICP,HTX,OKX,-38.415890759668784,0.03500553613487342,-38.971755733420835,15.879344673092552,-58.10397553516977,-18.655764272561548,20.0,39.60020742173735,-84.7324272234863,-85.91619888259663,FLAT
2026-10-01T16:29:19.241219+00:00,1,PERP,DOT|BITGET|HTX,DOT,BITGET,HTX,5.104192516423023,0.11169329971234271,3.927582611975489,10.53429263418486,-27.676626177690622,37.91307697996294,21.999999999999996,65.55622998648904,-125.16043877615516,-127.54172435447649,FLAT
2026-10-01T16:29:19.741951+00:00,1,PERP,DOT|HTX|OKX,DOT,HTX,OKX,-0.8054337667495748,0.09162944010558699,-1.6945991504954527,9.703926846232712,-30.871239229642853,29.432231309631796,20.0,60.307838151340825,-115.48447823048824,-117.43466861146808,FLAT
2026-10-01T16:29:20.140200+00:00,1,PERP,ARB|GATE|HTX,ARB,GATE,HTX,40.450585339399936,0.8524127748292968,30.021738883086087,12.234502771737928,20.533388915424666,60.38830336617673,20.0,39.694337963492075,-75.1826879311535,-96.06090244658272,FLAT
2026-10-01T16:29:20.539103+00:00,1,PERP,OP|GATE|HTX,OP,GATE,HTX,49.325074218475876,0.6493551633218295,39.26921455844143,15.485916225864548,29.9059291027004,68.77748440822229,20.0,38.68073383159444,-74.04401928733547,-94.1890036813753,FLAT
2026-10-01T16:29:20.992318+00:00,1,PERP,ICP|BITGET|HTX,ICP,BITGET,HTX,33.93512738495863,0.16335095381780215,31.07934592636194,17.48249025703252,12.532863788117243,55.35055350553763,21.999999999999996,42.67287472717182,-89.21935686541651,-94.94408230634751,FLAT
2026-10-01T16:29:31.392376+00:00,2,PERP,OP|GATE|OKX,OP,GATE,OKX,0.6569595655592231,-0.12493821950679458,1.5251731284676255,6.949143075159527,-11.160300310492088,12.49505020200603,20.0,23.653778211469522,-62.33925165042923,-60.62365528500793,FLAT
2026-10-01T16:29:31.748866+00:00,2,PERP,OP|BITGET|GATE,OP,BITGET,GATE,-9.017347134399056,-0.19889757617767642,-7.305834930416637,8.604992764987317,-22.324860106167634,4.300627718636374,21.999999999999996,26.649514506370814,-69.6685396821218,-66.25597715542382,FLAT
2026-10-01T16:29:32.202974+00:00,2,PERP,DOT|GATE|HTX,DOT,GATE,HTX,5.071251205273075,0.34219530161912,1.0774736374698994,11.671047349003185,-27.742480620934764,37.91307697996294,20.0,65.62226687952534,-120.44222113793,-128.45787022201839,FLAT
2026-10-01T16:29:32.916773+00:00,2,PERP,ICP|HTX|MEXC,ICP,HTX,MEXC,-48.008812880699914,-0.5129636039296386,-39.158554334276246,17.253190048231232,-70.33639143731007,-25.58751842751672,26.0,44.964546192527884,-108.1423832955617,-90.53558209928741,FLAT
2026-10-01T16:29:33.438222+00:00,2,PERP,ICP|HTX|OKX,ICP,HTX,OKX,-41.87979598332059,-0.1831335177721415,-38.971755733420835,15.879344673092552,-64.22018348623992,-19.445638820637654,20.0,44.96265095217392,-96.211078704993,-90.4887678649571,FLAT
2026-10-01T16:29:33.844290+00:00,2,PERP,DOT|BITGET|HTX,DOT,BITGET,HTX,5.071251205273075,0.10856624483605706,3.927582611975489,10.53429263418486,-27.742480620934764,37.91307697996294,21.999999999999996,65.62226687952534,-125.2923301124356,-127.6077612475128,FLAT
2026-10-01T16:29:34.301634+00:00,2,PERP,DOT|HTX|OKX,DOT,HTX,OKX,-3.2656396746244543,-0.16189739978706824,-1.6945991504954527,9.703926846232712,-33.258825548669876,26.899189911080423,20.0,60.17717742126344,-117.74140381943786,-114.77096648283931,FLAT
2026-10-01T16:29:34.771150+00:00,2,PERP,ARB|GATE|HTX,ARB,GATE,HTX,42.51304133418898,1.0209897928960532,30.021738883086087,12.234502771737928,20.051929849618233,64.99750021507379,20.0,44.75528988853725,-80.7250989220051,-105.73105122052495,FLAT
2026-10-01T16:29:35.176763+00:00,2,PERP,OP|GATE|HTX,OP,GATE,HTX,42.713494630644,0.22241370946137087,39.26921455844143,15.485916225864548,16.649063466955827,68.82572388376973,20.0,51.9546999501195,-100.57485104160511,-107.5112092754478,FLAT
2026-10-01T16:29:35.648908+00:00,2,PERP,ICP|BITGET|HTX,ICP,BITGET,HTX,40.270513069242675,0.5257355792996076,31.07934592636194,17.48249025703252,15.920742832999935,64.63527239150667,21.999999999999996,48.51913589685482,-91.67773899021682,-110.07506236199956,FLAT
2026-10-01T16:48:21.449276+00:00,0,PERP,OP|GATE|OKX,OP,GATE,OKX,2.4112770702044983,0.13087290307606694,1.5034594355549997,6.9366355701749045,-12.282226067170665,17.13863559435591,20.0,29.41373023788326,-69.19941574060893,-71.04890639668417,FLAT
2026-10-01T16:48:21.794249+00:00,0,PERP,OP|BITGET|GATE,OP,BITGET,GATE,-10.83836149384898,-0.41319243987744486,-7.284255185722578,8.60157632405029,-28.518810805578944,6.864223721541052,21.999999999999996,35.42141168517302,-84.65596730502938,-77.56989059243665,FLAT
2026-10-01T16:48:22.195249+00:00,0,PERP,DOT|GATE|HTX,DOT,GATE,HTX,-11.642085073176878,-0.9607526084772785,0.4358996426025164,12.571378530964493,-36.10569103166483,12.842465753424293,20.0,49.00520009365316,-111.5467907679205,-87.41176620447493,FLAT
2026-10-01T16:48:22.859470+00:00,0,PERP,ICP|HTX|MEXC,ICP,HTX,MEXC,-38.26140189776561,0.009547638399939771,-38.434703652141984,18.15126915337182,-51.97187404463621,-24.51731535396906,26.0,27.55996582726111,-73.09713621975533,-73.47735412543403,FLAT
2026-10-01T16:48:23.407282+00:00,0,PERP,ICP|HTX|OKX,ICP,HTX,OKX,-33.66488140780444,0.2724926023924824,-38.29029977670441,16.974473172074557,-48.89975550122272,-18.387986515475685,20.0,30.61477539300847,-67.22423111752678,-76.5170886542372,FLAT
2026-10-01T16:48:23.820043+00:00,0,PERP,DOT|BITGET|HTX,DOT,BITGET,HTX,-11.642085073176878,-1.3333241770521072,3.4044524209550815,11.28498061694109,-36.10569103166483,12.842465753424293,21.999999999999996,49.00520009365316,-116.51534354627307,-86.44321342612237,FLAT
2026-10-01T16:48:24.307588+00:00,0,PERP,DOT|HTX|OKX,DOT,HTX,OKX,7.9802356070968195,0.8633401762291315,-1.1462444547321224,10.571128638645405,-13.658091695784025,29.70626128575571,20.0,43.32959758401628,-81.84144482506818,-100.18210332450411,FLAT
2026-10-01T16:48:24.710186+00:00,0,PERP,ARB|GATE|HTX,ARB,GATE,HTX,42.45471044233451,1.0404960591814052,29.765782798463974,12.19507515852906,17.087564650462017,67.85003784943066,20.0,50.547858085634296,-89.22607623363625,-114.63211313660098,FLAT
2026-10-01T16:48:25.113585+00:00,0,PERP,OP|GATE|HTX,OP,GATE,HTX,40.11953227849085,0.07143576092972839,39.03017086450608,15.249524885111494,9.46427164964847,70.8447231504139,20.0,61.135100665366245,-116.70099988022386,-118.94965295127406,FLAT
2026-10-01T16:48:25.613815+00:00,0,PERP,ICP|BITGET|HTX,ICP,BITGET,HTX,28.179205314800004,-0.12952158853110926,30.524512629692293,18.107462558868928,10.529273865031996,45.84267976665668,21.999999999999996,35.21416997519266,-83.20940873985296,-78.53233711215705,FLAT
2026-10-01T16:48:36.004005+00:00,1,PERP,OP|GATE|OKX,OP,GATE,OKX,2.522705182497198,0.14693661453465953,1.5034594355549997,6.9366355701749045,-14.026560930213705,19.114003263984713,20.0,33.13215262000534,-74.66217298577405,-76.74269644843505,FLAT
2026-10-01T16:48:36.347100+00:00,1,PERP,OP|BITGET|GATE,OP,BITGET,GATE,-11.950024901232759,-0.542431938023329,-7.284255185722578,8.60157632405029,-28.352506580970882,4.46540269932294,21.999999999999996,32.85716857168382,-81.92541996693211,-72.60682645672934,FLAT
2026-10-01T16:48:36.745015+00:00,1,PERP,DOT|GATE|HTX,DOT,GATE,HTX,2.850014780950705,0.1920326503892946,0.4358996426025164,12.571378530964493,-23.503215779031585,29.2258467393558,20.0,52.714029254435815,-102.65314467606991,-107.5039763511891,FLAT
2026-10-01T16:48:37.463623+00:00,1,PERP,ICP|HTX|MEXC,ICP,HTX,MEXC,-38.32592365475951,0.005992969222335068,-38.434703652141984,18.15126915337182,-55.11328842620844,-21.49217070924192,26.0,33.75040525918865,-82.4289900332551,-82.69293820208873,FLAT
2026-10-01T16:48:38.014196+00:00,1,PERP,ICP|HTX|OKX,ICP,HTX,OKX,-34.32825902877412,0.233411706376161,-38.29029977670441,16.974473172074557,-50.190824753426625,-18.42186060792228,20.0,31.878336447172654,-69.77886142389488,-77.74677561595479,FLAT
2026-10-01T16:48:38.437292+00:00,1,PERP,DOT|BITGET|HTX,DOT,BITGET,HTX,2.850014780950705,-0.049130579734629864,3.4044524209550815,11.28498061694109,-23.503215779031585,29.2258467393558,21.999999999999996,52.714029254435815,-107.62169745442247,-106.53542357283654,FLAT
2026-10-01T16:48:38.897733+00:00,1,PERP,DOT|HTX|OKX,DOT,HTX,OKX,-3.6796008921602397,-0.23964862447769286,-1.1462444547321224,10.571128638645405,-26.57527943565774,19.317365876996284,20.0,45.909314558052834,-97.33834953897846,-92.37292488978125,FLAT
2026-10-01T16:48:39.304179+00:00,1,PERP,ARB|GATE|HTX,ARB,GATE,HTX,54.67748897602709,2.0427677446612726,29.765782798463974,12.19507515852906,27.14799226920528,82.23012347575053,20.0,54.78258407360959,-83.4003746028683,-133.24692475089614,FLAT
2026-10-01T16:48:39.782084+00:00,1,PERP,OP|GATE|HTX,OP,GATE,HTX,46.702329758057104,0.5031080608315573,39.03017086450608,15.249524885111494,24.063961363667286,69.3937910265352,20.0,45.1190509976695,-86.08526049850829,-101.48267115969861,FLAT
2026-10-01T16:48:40.211088+00:00,1,PERP,ICP|BITGET|HTX,ICP,BITGET,HTX,16.624099544093607,-0.7676621194387253,30.524512629692293,18.107462558868928,-16.30368979515073,49.57327510002996,21.999999999999996,65.76762519757992,-140.59582762242295,-112.81638766791758,FLAT
2026-10-01T16:48:50.591206+00:00,2,PERP,OP|GATE|OKX,OP,GATE,OKX,1.1755068505858723,-0.04727833567892888,1.5034594355549997,6.9366355701749045,-15.500774404788586,17.894504590090232,20.0,33.39129918538368,-76.39553302572727,-75.78234433991891,FLAT
2026-10-01T16:48:50.930169+00:00,2,PERP,OP|BITGET|GATE,OP,BITGET,GATE,-13.697178519797015,-0.7455521049256626,-7.284255185722578,8.60157632405029,-30.37989422558729,2.9987146865484426,21.999999999999996,33.424385687575246,-84.52002472743995,-71.70735555984626,FLAT
2026-10-01T16:48:51.327883+00:00,2,PERP,DOT|GATE|HTX,DOT,GATE,HTX,10.715517429493726,0.8177001242601629,0.4358996426025164,12.571378530964493,-24.80461070670681,46.266174250142456,20.0,70.99469735146809,-122.23520770077742,-142.82497195900802,FLAT
2026-10-01T16:48:52.041082+00:00,2,PERP,ICP|HTX|MEXC,ICP,HTX,MEXC,-39.89565751112423,-0.08048769739667781,-38.434703652141984,18.15126915337182,-55.163959546429275,-24.5851259987695,26.0,30.701259923710424,-79.43051581799772,-76.55083757708292,FLAT
2026-10-01T16:48:52.499615+00:00,2,PERP,ICP|HTX|OKX,ICP,HTX,OKX,-29.352397741277958,0.5265495986132036,-38.29029977670441,16.974473172074557,-56.41889220405649,-2.149999999999652,20.0,54.42831201351815,-98.55690444087023,-116.56861179022292,FLAT
2026-10-01T16:48:52.908228+00:00,2,PERP,DOT|BITGET|HTX,DOT,BITGET,HTX,6.2191444332238,0.24941930410082264,3.4044524209550815,11.28498061694109,-24.80093203123701,37.265870447908966,21.999999999999996,62.028214793984326,-118.23359924617641,-123.8896328209382,FLAT
2026-10-01T16:48:53.391721+00:00,2,PERP,DOT|HTX|OKX,DOT,HTX,OKX,-9.697696729401573,-0.8089441124959428,-1.1462444547321224,10.571128638645405,-38.00253751843563,18.758812766568322,20.0,56.816043495780114,-119.67233655948363,-102.72110071708056,FLAT
2026-10-01T16:48:53.860066+00:00,2,PERP,ARB|GATE|HTX,ARB,GATE,HTX,43.246678542456785,1.1054376925725191,29.765782798463974,12.19507515852906,12.328091867574997,74.20201398136372,20.0,61.607468449220185,-105.04515938010917,-132.04369963211994,FLAT
2026-10-01T16:48:54.327892+00:00,2,PERP,OP|GATE|HTX,OP,GATE,HTX,45.147017471931505,0.4011171924049554,39.03017086450608,15.249524885111494,12.054107028223182,78.32634471363065,20.0,65.9742708449181,-118.950334681201,-131.27044469404265,FLAT
2026-10-01T16:48:54.736507+00:00,2,PERP,ICP|BITGET|HTX,ICP,BITGET,HTX,33.02115682608742,0.13787929635520832,30.524512629692293,18.107462558868928,12.315270935958633,53.742625146377954,21.999999999999996,41.29100068834127,-87.50024238207493,-92.50911320502694,FLAT
2026-10-01T17:04:17.355073+00:00,0,PERP,OP|GATE|OKX,OP,GATE,OKX,3.9930688395695135,0.41862234258199515,1.2206561695148825,6.6227059285819205,-11.566688709617745,19.591617336165434,20.0,31.145821011742317,-69.93316589087495,-75.51678217839287,FLAT
2026-10-01T17:04:17.589222+00:00,0,PERP,OP|BITGET|GATE,OP,BITGET,GATE,-14.402058152116481,-0.865936878870931,-6.979374497814208,8.571853024645963,-34.33046861679112,5.556357307952009,21.999999999999996,39.94433141177237,-95.29542553074928,-80.48006321753859,FLAT
2026-10-01T17:04:17.979598+00:00,0,PERP,DOT|GATE|HTX,DOT,GATE,HTX,-10.264026240028867,-0.9299749882815264,0.7323595824563274,11.824388785772717,-41.730967844858526,21.256797114126424,20.0,63.052436052626554,-131.5157634799414,-109.57687358429664,FLAT
2026-10-01T17:04:18.650882+00:00,0,PERP,ICP|HTX|MEXC,ICP,HTX,MEXC,-33.59291494884786,0.2869600404762349,-38.61356797573135,17.496000553077984,-57.891529555149646,-9.182736455464191,26.0,48.87271526758616,-100.15067684700446,-110.30354678785332,FLAT
2026-10-01T17:04:19.062563+00:00,0,PERP,ICP|HTX|OKX,ICP,HTX,OKX,-26.716305589713496,0.7005431545921887,-38.256375562837604,16.47303224287731,-51.79768433881904,-1.5197689951118587,20.0,50.41233471716116,-89.9536434931426,-113.1489412848869,FLAT
2026-10-01T17:04:19.457078+00:00,0,PERP,DOT|BITGET|HTX,DOT,BITGET,HTX,-5.989428048430723,-0.9426789284036027,3.943059694640159,10.536448247433768,-33.21234591829425,21.256797114126424,21.999999999999996,54.50177650614189,-119.65718211907628,-99.81551392562815,FLAT
2026-10-01T17:04:19.956290+00:00,0,PERP,DOT|HTX|OKX,DOT,HTX,OKX,6.687099965436705,0.8451969584243938,-1.5765995933739327,9.777247156941653,-18.196487179982235,31.68527498658591,20.0,49.84816497024264,-92.46805255685094,-109.11003955020249,FLAT
2026-10-01T17:04:20.344098+00:00,0,PERP,ARB|GATE|HTX,ARB,GATE,HTX,44.84924586754646,1.1935082277282993,30.27449356946821,12.211689839641535,18.67036481534745,71.06188306164273,20.0,52.15757371229994,-89.7617024664207,-118.94496320447448,FLAT
2026-10-01T17:04:20.787650+00:00,0,PERP,OP|GATE|HTX,OP,GATE,HTX,40.63323954023757,0.13438989505605736,38.54710246991312,15.52302030933403,12.868587768324335,68.46662863933206,20.0,55.37295762411311,-107.0514723257019,-111.29248379353206,FLAT
2026-10-01T17:04:21.196165+00:00,0,PERP,ICP|BITGET|HTX,ICP,BITGET,HTX,22.956841138659367,-0.4346170942552241,30.671193535151254,17.749767550472182,-3.059975520195435,48.989589712187254,21.999999999999996,51.93034468843376,-113.66151374378046,-98.24874086546976,FLAT
2026-10-01T17:04:31.457666+00:00,1,PERP,OP|GATE|OKX,OP,GATE,OKX,4.413755067225189,0.48214414653830556,1.2206561695148825,6.6227059285819205,-10.181083681504166,19.044089968140998,20.0,29.21223697102684,-66.61397682204588,-73.03567076965295,FLAT
2026-10-01T17:04:31.669960+00:00,1,PERP,OP|BITGET|GATE,OP,BITGET,GATE,-12.468925283960486,-0.6404158786160487,-6.979374497814208,8.571853024645963,-29.611942265339586,4.68759013598774,21.999999999999996,34.342348306584555,-84.97491607410993,-74.00931294038651,FLAT
2026-10-01T17:04:32.096527+00:00,1,PERP,DOT|GATE|HTX,DOT,GATE,HTX,-5.989428048430723,-0.5684680834391039,0.7323595824563274,11.824388785772717,-33.21234591829425,21.256797114126424,20.0,54.50177650614189,-114.44648200689245,-101.02621403781197,FLAT
2026-10-01T17:04:32.742462+00:00,1,PERP,ICP|HTX|MEXC,ICP,HTX,MEXC,-29.025617030384865,0.5480081528495222,-38.61356797573135,17.496000553077984,-54.86368757612659,-3.060912151821027,26.0,51.95326341342607,-100.20338301382131,-119.5059192373364,FLAT
2026-10-01T17:04:33.259397+00:00,1,PERP,ICP|HTX|OKX,ICP,HTX,OKX,-22.918757815580946,0.9310743475226556,-38.256375562837604,16.47303224287731,-48.77172046285017,3.0609121518199167,20.0,51.95138900291218,-88.46673390292474,-119.2686767175697,FLAT
2026-10-01T17:04:33.715203+00:00,1,PERP,DOT|BITGET|HTX,DOT,BITGET,HTX,-5.989428048430723,-0.9426789284036027,3.943059694640159,10.536448247433768,-33.21234591829425,21.256797114126424,21.999999999999996,54.50177650614189,-119.65718211907628,-99.81551392562815,FLAT
2026-10-01T17:04:34.155197+00:00,1,PERP,DOT|HTX|OKX,DOT,HTX,OKX,7.274292081078659,0.9052539566997274,-1.5765995933739327,9.777247156941653,-17.74526882594385,32.40906701730273,20.0,50.11761415837212,-92.28628339094203,-110.10328076904878,FLAT
2026-10-01T17:04:34.541422+00:00,1,PERP,ARB|GATE|HTX,ARB,GATE,HTX,41.40947855807209,0.9118299870716942,30.27449356946821,12.211689839641535,16.617177682833884,66.22691588667129,20.0,49.40514135345081,-89.06245724008512,-111.35756367065389,FLAT
2026-10-01T17:04:34.982616+00:00,1,PERP,OP|GATE|HTX,OP,GATE,HTX,42.384907086812085,0.24723311188295508,38.54710246991312,15.52302030933403,13.480221686756888,71.3644237881561,20.0,57.63979960621415,-108.70668038937039,-116.45712092445714,FLAT
2026-10-01T17:04:35.762129+00:00,1,PERP,ICP|BITGET|HTX,ICP,BITGET,HTX,17.95106347078912,-0.7166364307696949,30.671193535151254,17.749767550472182,-10.014187587894519,45.93578165285494,21.999999999999996,55.8497063051264,-124.53508742817218,-99.11429442283008,FLAT
2026-10-01T17:04:46.010888+00:00,2,PERP,OP|GATE|OKX,OP,GATE,OKX,3.2640835648800604,0.3085487136830677,1.2206561695148825,6.6227059285819205,-12.472483373592302,19.041638546559714,20.0,31.503785511241606,-71.19692505434878,-75.32476788828643,FLAT
2026-10-01T17:04:46.230743+00:00,2,PERP,OP|BITGET|GATE,OP,BITGET,GATE,-14.065834704478641,-0.8267127523406319,-6.979374497814208,8.571853024645963,-33.23608128312561,5.129028375281397,21.999999999999996,38.41913358177762,-92.67584036708902,-78.52753645487321,FLAT
2026-10-01T17:04:46.617651+00:00,2,PERP,DOT|GATE|HTX,DOT,GATE,HTX,-14.415414385992031,-1.2810619003558466,0.7323595824563274,11.824388785772717,-41.4919600667818,12.684293438236516,20.0,54.254453645593564,-122.4787732948317,-92.20638750137375,FLAT
2026-10-01T17:04:47.323611+00:00,2,PERP,ICP|HTX|MEXC,ICP,HTX,MEXC,-22.89377289377392,0.8984793429943008,-38.61356797573135,17.496000553077984,-51.75038051750458,6.121824303642054,26.0,58.00456236436083,-103.14137490613405,-134.73995464373422,FLAT
2026-10-01T17:04:47.759188+00:00,2,PERP,ICP|HTX|OKX,ICP,HTX,OKX,-19.84126984126977,1.1178941102073208,-38.256375562837604,16.47303224287731,-48.70624048706418,9.182736455466411,20.0,58.00362659209889,-94.45349151632547,-131.4427386104029,FLAT
2026-10-01T17:04:48.248976+00:00,2,PERP,DOT|BITGET|HTX,DOT,BITGET,HTX,-14.415414385992031,-1.7423778534767196,3.943059694640159,10.536448247433768,-41.4919600667818,12.684293438236516,21.999999999999996,54.254453645593564,-127.68947340701553,-90.99568738918991,FLAT
2026-10-01T17:04:48.657018+00:00,2,PERP,DOT|HTX|OKX,DOT,HTX,OKX,14.281769059780736,1.6219666332046785,-1.5765995933739327,9.777247156941653,-10.576186767158324,39.25359538409445,20.0,49.758458054911124,-84.75804522869552,-116.58865303237951,FLAT
2026-10-01T17:04:49.101344+00:00,2,PERP,ARB|GATE|HTX,ARB,GATE,HTX,30.892654392271623,0.050620416250398315,30.27449356946821,12.211689839641535,3.021931871720618,58.79454469700951,20.0,55.600829686045316,-108.85339138379291,-110.12088081358662,FLAT
2026-10-01T17:04:49.481400+00:00,2,PERP,OP|GATE|HTX,OP,GATE,HTX,45.05399264599363,0.4191768126572573,38.54710246991312,15.52302030933403,16.591205257172614,73.58457510440397,20.0,56.737663376411575,-104.69356058915209,-117.77513601090243,FLAT
2026-10-01T17:04:49.871979+00:00,2,PERP,ICP|BITGET|HTX,ICP,BITGET,HTX,15.285845307244639,-0.8667915331374203,30.671193535151254,17.749767550472182,-15.281173594131614,45.87155963302614,21.999999999999996,61.059393067951845,-135.0117601972347,-104.25975916582672,FLAT
2026-10-01T17:26:10.964593+00:00,0,PERP,OP|GATE|OKX,OP,GATE,OKX,5.074156758915205,0.5117760151707075,1.5462929519820565,6.893374645070848,-7.607945564037655,17.78119109822951,20.0,25.376235879261856,-60.530474395281566,-67.6111340255093,FLAT
2026-10-01T17:26:11.211673+00:00,0,PERP,OP|BITGET|GATE,OP,BITGET,GATE,-13.231159854929508,-0.6965933845585363,-7.282962912190769,8.53897994812051,-30.79022842158774,4.355238001321204,21.999999999999996,35.19200828023538,-86.69927378963234,-74.83020919374735,FLAT
2026-10-01T17:26:11.677291+00:00,0,PERP,DOT|GATE|HTX,DOT,GATE,HTX,-7.665503434245435,-0.7194819073248967,1.0157355742369658,12.065958740727876,-41.568041687629616,26.294692197124103,20.0,67.91474496910678,-136.49852223097335,-119.19370159199391,FLAT
2026-10-01T17:26:12.409103+00:00,0,PERP,ICP|HTX|MEXC,ICP,HTX,MEXC,-22.346400031205693,0.9204003202651632,-38.52748366059234,17.580484570806046,-48.52896572641985,3.9662621951230825,26.0,52.612475451544064,-94.61395751737157,-127.10622130725949,FLAT
2026-10-01T17:26:12.967251+00:00,0,PERP,ICP|HTX|OKX,ICP,HTX,OKX,-22.346400031205693,0.9719944382054331,-38.297867117312435,16.41106827273364,-48.52896572641985,3.9662621951230825,20.0,52.612475451544064,-88.84357406065149,-120.87660476397959,FLAT
2026-10-01T17:26:13.451055+00:00,0,PERP,DOT|BITGET|HTX,DOT,BITGET,HTX,-3.418867439103357,-0.7026406346328649,4.10751379439271,10.711565574952349,-33.10718190996597,26.294692197124103,21.999999999999996,59.4221790334685,-124.63687473782718,-109.60935743619989,FLAT
2026-10-01T17:26:13.966111+00:00,0,PERP,DOT|HTX|OKX,DOT,HTX,OKX,6.739178945867064,0.850530278867682,-1.681624294002062,9.90065074588504,-19.6043068990015,33.217154547779955,20.0,52.785545895823354,-96.7082285008228,-113.68432473760538,FLAT
2026-10-01T17:26:14.421076+00:00,0,PERP,ARB|GATE|HTX,ARB,GATE,HTX,43.666374411193146,1.121722094978607,29.972263276655003,12.20811393110636,26.388652695004122,60.96175426383521,20.0,34.4227807467402,-64.00639132839109,-91.4122717339204,FLAT
2026-10-01T17:26:14.809668+00:00,0,PERP,OP|GATE|HTX,OP,GATE,HTX,41.02710648890229,0.12978955040871548,39.043909797452244,15.280095240370551,13.914777104364617,68.19348427321125,20.0,54.0568736386531,-105.18600633174073,-109.20644811441211,FLAT
2026-10-01T17:26:15.285467+00:00,0,PERP,ICP|BITGET|HTX,ICP,BITGET,HTX,16.29174484852003,-0.798394782231519,30.54260481294695,17.84939015332198,-13.093489065377772,45.703839122486215,21.999999999999996,58.701680636945696,-130.3377745152704,-101.86291494648496,FLAT
2026-10-01T17:26:25.564896+00:00,1,PERP,OP|GATE|OKX,OP,GATE,OKX,1.6536854495918796,0.015579089073102207,1.5462929519820565,6.893374645070848,-10.877490449245908,14.209370802695798,20.0,25.0826894187528,-63.506472819980765,-63.74576726946654,FLAT
2026-10-01T17:26:25.838710+00:00,1,PERP,OP|BITGET|GATE,OP,BITGET,GATE,-16.10012316030418,-1.0325776968306537,-7.282962912190769,8.53897994812051,-31.808854878918602,-0.3791667477415217,21.999999999999996,31.480367155169915,-84.00625912189776,-66.38416331961916,FLAT
2026-10-01T17:26:26.231703+00:00,1,PERP,DOT|GATE|HTX,DOT,GATE,HTX,-3.418867439103357,-0.36753009923460145,1.0157355742369658,12.065958740727876,-33.10718190996597,26.294692197124103,20.0,59.4221790334685,-119.54509651767142,-110.70113565635563,FLAT
2026-10-01T17:26:27.274527+00:00,1,PERP,ICP|HTX|MEXC,ICP,HTX,MEXC,-29.952396292565187,0.48776171859715656,-38.52748366059234,17.580484570806046,-54.611650485438815,-5.178131097559602,26.0,49.581761061283125,-97.6659278861296,-114.93111362431586,FLAT
2026-10-01T17:26:27.713911+00:00,1,PERP,ICP|HTX|OKX,ICP,HTX,OKX,-23.87031753477542,0.8791353093392363,-38.297867117312435,16.41106827273364,-48.543689320388324,0.9181310975603374,20.0,49.57990148171188,-85.82572368478777,-114.79589969658466,FLAT
2026-10-01T17:26:28.118818+00:00,1,PERP,DOT|BITGET|HTX,DOT,BITGET,HTX,-3.418867439103357,-0.7026406346328649,4.10751379439271,10.711565574952349,-33.10718190996597,26.294692197124103,21.999999999999996,59.4221790334685,-124.63687473782718,-109.60935743619989,FLAT
2026-10-01T17:26:28.564747+00:00,1,PERP,DOT|HTX|OKX,DOT,HTX,OKX,0.02045879453405064,0.17191628431530537,-1.681624294002062,9.90065074588504,-26.222740307728643,26.39763566618214,20.0,52.61992719646267,-103.16104321018925,-106.69918715664687,FLAT
2026-10-01T17:26:28.958058+00:00,1,PERP,ARB|GATE|HTX,ARB,GATE,HTX,43.622737762050164,1.1181476977056757,29.972263276655003,12.20811393110636,24.240047226287142,63.024431770031256,20.0,38.61592200855042,-70.3481380589183,-97.66809050192668,FLAT
2026-10-01T17:26:29.346144+00:00,1,PERP,OP|GATE|HTX,OP,GATE,HTX,42.138499894750495,0.20252426759240577,39.043909797452244,15.280095240370551,17.921301975056814,66.40692385562197,20.0,48.28211417291621,-95.40472199531163,-101.64512823108593,FLAT
2026-10-01T17:26:29.747795+00:00,1,PERP,ICP|BITGET|HTX,ICP,BITGET,HTX,19.34316655296975,-0.6274409469330164,30.54260481294695,17.84939015332198,-10.05240912903882,48.76562023773401,21.999999999999996,58.70446406178993,-127.29947800377569,-104.92747948657698,FLAT
2026-10-01T17:26:40.017235+00:00,2,PERP,OP|GATE|OKX,OP,GATE,OKX,-1.5808925436677779,-0.4536508831542978,1.5462929519820565,6.893374645070848,-14.42506906426666,11.29108766020348,20.0,25.720192749899038,-67.69155476614776,-61.46498745812046,FLAT
2026-10-01T17:26:40.262083+00:00,2,PERP,OP|BITGET|GATE,OP,BITGET,GATE,-16.29051763970657,-1.0548747956128448,-7.282962912190769,8.53897994812051,-33.50527191724461,0.9448508585996329,21.999999999999996,34.50632302712809,-88.72863203218193,-70.7341367979185,FLAT
2026-10-01T17:26:40.684378+00:00,2,PERP,DOT|GATE|HTX,DOT,GATE,HTX,4.837023870041257,0.3166999305994455,1.0157355742369658,12.065958740727876,-24.631932914990216,34.33106061829116,20.0,58.93447611872045,-110.58214460794764,-118.24980116277465,FLAT
2026-10-01T17:26:41.341701+00:00,2,PERP,ICP|HTX|MEXC,ICP,HTX,MEXC,-34.50870824387442,0.22859298334651412,-38.52748366059234,17.580484570806046,-60.66120715802259,-8.226262195123457,26.0,52.61619461171315,-106.74991810914341,-114.91741607718204,FLAT
2026-10-01T17:26:41.762749+00:00,2,PERP,ICP|HTX|OKX,ICP,HTX,OKX,-31.468131190706128,0.41616644407930786,-38.297867117312435,16.41106827273364,-57.628146800122735,-5.178131097559602,20.0,52.61526397086745,-97.94554365367776,-111.7349999906203,FLAT
2026-10-01T17:26:42.174678+00:00,2,PERP,DOT|BITGET|HTX,DOT,BITGET,HTX,4.837023870041257,0.06810489750951206,4.10751379439271,10.711565574952349,-24.631932914990216,34.33106061829116,21.999999999999996,58.93447611872045,-115.67392282810337,-117.15802294261889,FLAT
2026-10-01T17:26:42.616807+00:00,2,PERP,DOT|HTX|OKX,DOT,HTX,OKX,-3.9164932555824095,-0.22572950192281202,-1.681624294002062,9.90065074588504,-29.974538397632422,22.273288139940117,20.0,52.2679650946316,-106.56087919826194,-102.22287752857378,FLAT
2026-10-01T17:26:43.201058+00:00,2,PERP,ARB|GATE|HTX,ARB,GATE,HTX,47.71338918112322,1.453224142941827,29.972263276655003,12.20811393110636,28.47039260325035,66.97468504974991,20.0,38.3214391755657,-65.82330984897035,-101.32386094866061,FLAT
2026-10-01T17:26:43.599291+00:00,2,PERP,OP|GATE|HTX,OP,GATE,HTX,52.51821693504688,0.8818208869533117,39.043909797452244,15.280095240370551,26.168291228259033,78.93026605161113,20.0,52.486253234182556,-91.36187180337576,-118.37260948834144,FLAT
2026-10-01T17:26:44.002584+00:00,2,PERP,ICP|BITGET|HTX,ICP,BITGET,HTX,19.542814983033452,-0.6162557787928855,30.54260481294695,17.84939015332198,-3.964689695236112,43.06554967977938,21.999999999999996,46.93850339426745,-109.44579790245051,-87.46144826109987,FLAT
2026-10-01T17:47:21.418531+00:00,0,PERP,OP|GATE|OKX,OP,GATE,OKX,5.600635009850308,0.6501851451809305,1.3184418789522694,6.5861134518943985,-6.550939626328578,17.7772565071721,20.0,24.314552653260353,-58.1839341585412,-66.77336728148018,FLAT
2026-10-01T17:47:21.668178+00:00,0,PERP,OP|BITGET|GATE,OP,BITGET,GATE,-16.137344301000446,-1.0427555756243945,-7.259326000789928,8.513997438847953,-31.894313661946505,-0.3630462779735666,21.999999999999996,31.582223181573568,-84.21721084273014,-66.47850290438993,FLAT
2026-10-01T17:47:22.044654+00:00,0,PERP,DOT|GATE|HTX,DOT,GATE,HTX,-7.703530873335307,-0.7228373118096724,1.00248647877246,12.044227947104254,-36.482198920981816,21.099484609212737,20.0,57.626065652881316,-121.1107510526356,-103.7230637833216,FLAT
2026-10-01T17:47:22.706458+00:00,0,PERP,ICP|HTX|MEXC,ICP,HTX,MEXC,-43.897355958029124,-0.2915065674212799,-38.82068917362809,17.41527413708086,-60.45949214026458,-27.284993932037427,26.0,33.32069119102231,-86.95949415765881,-76.85638643261298,FLAT
2026-10-01T17:47:23.120483+00:00,0,PERP,ICP|HTX|OKX,ICP,HTX,OKX,-46.92490731702081,-0.506619372104201,-38.71746358624252,16.200414320299988,-63.48246674727997,-30.317135922328653,20.0,33.32161617965054,-84.08661934068799,-67.72194384356442,FLAT
2026-10-01T17:47:23.528798+00:00,0,PERP,DOT|BITGET|HTX,DOT,BITGET,HTX,-7.703530873335307,-1.1063201211239213,3.9766223516880492,10.557661387517184,-36.482198920981816,21.099484609212737,21.999999999999996,57.626065652881316,-126.08488692555117,-102.748927910406,FLAT
2026-10-01T17:47:23.967883+00:00,0,PERP,DOT|HTX|OKX,DOT,HTX,OKX,9.005089988174397,1.079473716336133,-1.680450149563704,9.898842348849533,-16.959311066175875,35.09747109546435,20.0,52.009632384493045,-93.28849330110522,-114.7875536295211,FLAT
2026-10-01T17:47:24.347338+00:00,0,PERP,ARB|GATE|HTX,ARB,GATE,HTX,50.717476164257036,1.651384426518839,30.3693725969383,12.321845380492695,26.582249699553806,74.88161605318622,20.0,48.0556230535249,-77.84274595090939,-118.56786650977281,FLAT
2026-10-01T17:47:24.781347+00:00,0,PERP,ICP|BITGET|HTX,ICP,BITGET,HTX,36.460934584943146,0.31737069863927786,30.83756037688441,17.71863071218883,18.22171064340461,54.71124620060719,21.999999999999996,36.35697127298306,-76.97282100646287,-88.23065709670584,FLAT
2026-10-01T17:47:35.072894+00:00,1,PERP,OP|GATE|OKX,OP,GATE,OKX,4.660884934204468,0.507498554293928,1.3184418789522694,6.5861134518943985,-7.729665839699695,17.07624814431208,20.0,24.794332811825754,-59.84244053047772,-66.55213907718556,FLAT
2026-10-01T17:47:35.367965+00:00,1,PERP,OP|BITGET|GATE,OP,BITGET,GATE,-13.672413417744611,-0.7532404681839382,-7.259326000789928,8.513997438847953,-30.758730645933376,3.43764016033532,21.999999999999996,34.24317301223361,-85.74257765737707,-72.94013917335886,FLAT
2026-10-01T17:47:36.096434+00:00,1,PERP,DOT|GATE|HTX,DOT,GATE,HTX,-7.7364404774571405,-0.7255697081298322,1.00248647877246,12.044227947104254,-36.54799031045708,21.099484609212737,20.0,57.69209776104232,-121.24257455027185,-103.78909589148259,FLAT
2026-10-01T17:47:36.750114+00:00,1,PERP,ICP|HTX|MEXC,ICP,HTX,MEXC,-46.92490731702081,-0.4653511670044343,-38.82068917362809,17.41527413708086,-63.48246674727997,-30.317135922328653,26.0,33.32161617965054,-89.98339375330241,-73.82516943094997,FLAT
2026-10-01T17:47:37.170589+00:00,1,PERP,ICP|HTX|OKX,ICP,HTX,OKX,-49.95245867601139,-0.6935004789161975,-38.71746358624252,16.200414320299988,-66.50544135429203,-33.3492779126221,20.0,33.32254173117397,-87.11051949922347,-64.69072740479439,FLAT
2026-10-01T17:47:37.576989+00:00,1,PERP,DOT|BITGET|HTX,DOT,BITGET,HTX,-7.703530873335307,-1.1063201211239213,3.9766223516880492,10.557661387517184,-36.482198920981816,21.099484609212737,21.999999999999996,57.626065652881316,-126.08488692555117,-102.748927910406,FLAT
2026-10-01T17:47:38.017164+00:00,1,PERP,DOT|HTX|OKX,DOT,HTX,OKX,6.297359182183548,0.8059335678453807,-1.680450149563704,9.898842348849533,-19.81751689088096,32.54095700836457,20.0,52.32520637875292,-96.46227312007017,-112.54661353668118,FLAT
2026-10-01T17:47:39.059591+00:00,1,PERP,ARB|GATE|HTX,ARB,GATE,HTX,51.425971591079204,1.7088835595581011,30.3693725969383,12.321845380492695,24.864470894943036,78.01711932784005,20.0,52.8806878216544,-84.38558952364966,-126.52843455255613,FLAT
2026-10-01T17:47:39.460114+00:00,1,PERP,ICP|BITGET|HTX,ICP,BITGET,HTX,42.41303278585961,0.653293846290973,30.83756037688441,17.71863071218883,24.010562068799146,60.82725060827077,21.999999999999996,36.661193550917474,-71.48819185900274,-94.65088378230382,FLAT
2026-10-01T17:47:49.722864+00:00,2,PERP,OP|GATE|OKX,OP,GATE,OKX,4.97845082479742,0.5557160490140666,1.3184418789522694,6.5861134518943985,-7.940627758676877,17.9257706568281,20.0,25.85349654524648,-61.112566182875625,-68.46082532312231,FLAT
2026-10-01T17:47:49.971590+00:00,2,PERP,OP|BITGET|GATE,OP,BITGET,GATE,-13.903717291979811,-0.7804079504267445,-7.259326000789928,8.513997438847953,-31.50048638900449,3.71513478590213,21.999999999999996,35.26463828324002,-87.50579867145458,-74.23909906993208,FLAT
2026-10-01T17:47:50.347107+00:00,2,PERP,DOT|GATE|HTX,DOT,GATE,HTX,-7.703530873335307,-0.7228373118096724,1.00248647877246,12.044227947104254,-36.482198920981816,21.099484609212737,20.0,57.626065652881316,-121.1107510526356,-103.7230637833216,FLAT
2026-10-01T17:47:50.996424+00:00,2,PERP,ICP|HTX|MEXC,ICP,HTX,MEXC,-46.92490731702081,-0.4653511670044343,-38.82068917362809,17.41527413708086,-63.48246674727997,-30.317135922328653,26.0,33.32161617965054,-89.98339375330241,-73.82516943094997,FLAT
2026-10-01T17:47:51.422750+00:00,2,PERP,ICP|HTX|OKX,ICP,HTX,OKX,-49.95245867601139,-0.6935004789161975,-38.71746358624252,16.200414320299988,-66.50544135429203,-33.3492779126221,20.0,33.32254173117397,-87.11051949922347,-64.69072740479439,FLAT
2026-10-01T17:47:51.843560+00:00,2,PERP,DOT|BITGET|HTX,DOT,BITGET,HTX,-7.703530873335307,-1.1063201211239213,3.9766223516880492,10.557661387517184,-36.482198920981816,21.099484609212737,21.999999999999996,57.626065652881316,-126.08488692555117,-102.748927910406,FLAT
2026-10-01T17:47:52.269126+00:00,2,PERP,DOT|HTX|OKX,DOT,HTX,OKX,7.046736360805106,0.8816370847024455,-1.680450149563704,9.898842348849533,-18.8545419952868,33.07568363436264,20.0,51.8933438880817,-95.0674357338048,-112.64947767200805,FLAT
2026-10-01T17:47:52.691172+00:00,2,PERP,ARB|GATE|HTX,ARB,GATE,HTX,48.842530229880055,1.4992200488238145,30.3693725969383,12.321845380492695,23.68270964128838,74.03511929229722,20.0,50.10764988542882,-82.79431284107875,-119.77339658078775,FLAT
2026-10-01T17:47:53.092875+00:00,2,PERP,ICP|BITGET|HTX,ICP,BITGET,HTX,39.511530613691725,0.4895395348377795,30.83756037688441,17.71863071218883,21.265837568547052,57.76831863788301,21.999999999999996,36.35881844021492,-73.93054124855227,-91.28957670121352,FLAT
2026-10-01T18:03:09.549072+00:00,0,PERP,OP|GATE|OKX,OP,GATE,OKX,1.8394097272578236,0.050562738166760615,1.4418687545777866,7.862330781393006,-11.766221053738368,15.47537880594918,20.0,27.236556154040873,-66.44464596235703,-67.27006620541226,FLAT
2026-10-01T18:03:09.920959+00:00,0,PERP,OP|BITGET|GATE,OP,BITGET,GATE,-12.162001077488105,-0.5351395856671899,-7.321064397747206,9.046119572158766,-27.152153567421287,2.8397807006474984,21.999999999999996,30.028450363412006,-77.85953953308609,-68.18929546180671,FLAT
2026-10-01T18:03:10.307350+00:00,0,PERP,DOT|GATE|HTX,DOT,GATE,HTX,-3.8231489555395903,-0.4074832575918632,1.0619511181745682,11.988468195194153,-28.71327208435637,21.088121261747528,20.0,49.8204314594975,-105.59565466202844,-95.84660160307045,FLAT
2026-10-01T18:03:10.966972+00:00,0,PERP,ICP|HTX|MEXC,ICP,HTX,MEXC,-50.21302495435087,-0.6681277538612757,-38.56729706756391,17.430390848880943,-75.89556769884598,-24.405125076263356,26.0,51.74998978459652,-121.07826041587859,-97.91216177589708,FLAT
2026-10-01T18:03:11.443088+00:00,0,PERP,ICP|HTX|OKX,ICP,HTX,OKX,-50.21302495435087,-0.7409635533935851,-38.24705537753451,16.149201296086257,-75.89556769884598,-24.405125076263356,20.0,51.74998978459652,-115.398502105908,-91.59192008586767,FLAT
2026-10-01T18:03:11.858494+00:00,0,PERP,DOT|BITGET|HTX,DOT,BITGET,HTX,-3.8231489555395903,-0.7339379054457849,3.918755834225354,10.548446581543717,-28.71327208435637,21.088121261747528,21.999999999999996,49.8204314594975,-110.45245937807923,-94.98979688701968,FLAT
2026-10-01T18:03:12.312348+00:00,0,PERP,DOT|HTX|OKX,DOT,HTX,OKX,-0.8676711816646421,0.07309268561240465,-1.5878978011213714,9.853607285357413,-23.07641474685651,21.433046428003255,20.0,44.51313339663211,-92.00165034236724,-93.53407762575672,FLAT
2026-10-01T18:03:12.705664+00:00,0,PERP,ARB|GATE|HTX,ARB,GATE,HTX,48.98283159969541,1.5492864766271972,30.1890074678527,12.130632013749283,24.121285341420773,73.87408076270808,20.0,49.51026240378469,-81.57798453021661,-119.19533569864005,FLAT
2026-10-01T18:03:13.133376+00:00,0,PERP,ICP|BITGET|HTX,ICP,BITGET,HTX,41.71656007434299,0.6399175657959538,30.293707878892878,17.850505762006918,13.14179890042455,70.31488841332757,21.999999999999996,56.93556420987358,-102.0874731883419,-124.95674474430827,FLAT
2026-10-01T18:03:23.510216+00:00,1,PERP,OP|GATE|OKX,OP,GATE,OKX,2.4390966372167533,0.1268361647921258,1.4418687545777866,7.862330781393006,-11.25758110964381,16.16713624385202,20.0,27.417993975578344,-66.11744383979993,-68.14326146485257,FLAT
2026-10-01T18:03:23.859670+00:00,1,PERP,OP|BITGET|GATE,OP,BITGET,GATE,-13.649876728427657,-0.6996162586838484,-7.321064397747206,9.046119572158766,-28.936137463729807,1.6482430144293403,21.999999999999996,30.62618023835435,-80.24125330433695,-67.5954876505309,FLAT
2026-10-01T18:03:24.256761+00:00,1,PERP,DOT|GATE|HTX,DOT,GATE,HTX,0.42331529723993455,-0.05327084415927676,1.0619511181745682,11.988468195194153,-28.71327208435637,29.609454698193982,20.0,58.320215898326886,-114.09543910085783,-112.8677194783463,FLAT
2026-10-01T18:03:24.908383+00:00,1,PERP,ICP|HTX|MEXC,ICP,HTX,MEXC,-54.78618170750238,-0.930494604541799,-38.56729706756391,17.430390848880943,-81.96721311475308,-27.464144034178297,26.0,54.80294871031859,-130.20286475750777,-97.9061017437042,FLAT
2026-10-01T18:03:25.343476+00:00,1,PERP,ICP|HTX|OKX,ICP,HTX,OKX,-51.74250494597632,-0.8356728807208826,-38.24705537753451,16.149201296086257,-78.93139040680009,-24.412572474825645,20.0,54.802012365278244,-121.48634739454383,-94.6364952679871,FLAT
2026-10-01T18:03:25.774078+00:00,1,PERP,DOT|BITGET|HTX,DOT,BITGET,HTX,5.554446371260902,0.15506458931094777,3.918755834225354,10.548446581543717,-18.480124395497953,29.609454698193982,21.999999999999996,48.06287414225973,-98.46175437198303,-101.75357300622835,FLAT
2026-10-01T18:03:26.197951+00:00,1,PERP,DOT|HTX|OKX,DOT,HTX,OKX,-3.9484313029192197,-0.23956033901469076,-1.5878978011213714,9.853607285357413,-25.604074404667053,17.793058024331287,20.0,43.414104372783626,-93.4302809763293,-88.79506019823629,FLAT
2026-10-01T18:03:26.603149+00:00,1,PERP,ARB|GATE|HTX,ARB,GATE,HTX,50.72020865356741,1.6925087796286236,30.1890074678527,12.130632013749283,25.181712485018437,76.28369644470112,20.0,50.84408945483879,-81.85138443767305,-122.9387784316872,FLAT
2026-10-01T18:03:27.031808+00:00,1,PERP,ICP|BITGET|HTX,ICP,BITGET,HTX,44.36902508365925,0.7885108350668882,30.293707878892878,17.850505762006918,15.361296484506237,73.39449541284182,21.999999999999996,57.77684328349937,-100.70925467788601,-128.8776308174483,FLAT
2026-10-01T18:03:37.392508+00:00,2,PERP,OP|GATE|OKX,OP,GATE,OKX,2.8399587567706774,0.17782131546813204,1.4418687545777866,7.862330781393006,-11.467005189665924,17.18115201029491,20.0,28.63998266524281,-67.54885660948652,-70.37926592095994,FLAT
2026-10-01T18:03:37.736503+00:00,2,PERP,OP|BITGET|GATE,OP,BITGET,GATE,-12.311798192948809,-0.5516988533471943,-7.321064397747206,9.046119572158766,-27.85328555902966,3.241755545313474,21.999999999999996,31.13336719540744,-79.6655883566899,-69.69618713846812,FLAT
2026-10-01T18:03:38.137552+00:00,2,PERP,DOT|GATE|HTX,DOT,GATE,HTX,3.9521093623373638,0.24107819256853683,1.0619511181745682,11.988468195194153,-21.66167511556405,29.609454698193982,20.0,51.250837912050294,-99.97446414578891,-105.7983414920697,FLAT
2026-10-01T18:03:38.785591+00:00,2,PERP,ICP|HTX|MEXC,ICP,HTX,MEXC,-42.902379778603226,-0.24870829051533466,-38.56729706756391,17.430390848880943,-55.2636407914775,-30.51414835164912,26.0,24.856101640434524,-73.5524453643481,-64.90925035634932,FLAT
2026-10-01T18:03:39.256973+00:00,2,PERP,ICP|HTX|OKX,ICP,HTX,OKX,-42.902379778603226,-0.2882696373471381,-38.24705537753451,16.149201296086257,-55.2636407914775,-30.51414835164912,20.0,24.856101640434524,-67.87268705437751,-58.58900866631991,FLAT
2026-10-01T18:03:39.703879+00:00,2,PERP,DOT|BITGET|HTX,DOT,BITGET,HTX,8.20368271948313,0.40621401948936975,3.918755834225354,10.548446581543717,-13.18390253707391,29.609454698193982,21.999999999999996,42.75827197641203,-87.8609303477113,-96.44897084038067,FLAT
2026-10-01T18:03:40.142320+00:00,2,PERP,DOT|HTX|OKX,DOT,HTX,OKX,-5.979999345595566,-0.44573539590936545,-1.5878978011213714,9.853607285357413,-25.109293701213176,13.21494152088487,20.0,38.3470543105677,-87.8684502106595,-79.14989363257394,FLAT
2026-10-01T18:03:40.540122+00:00,2,PERP,ARB|GATE|HTX,ARB,GATE,HTX,39.38311431058273,0.7579247999864396,30.1890074678527,12.130632013749283,13.997572165718175,64.79904934637348,20.0,50.602171885591446,-92.79360718772597,-111.21221376411222,FLAT
2026-10-01T18:03:41.016112+00:00,2,PERP,ICP|BITGET|HTX,ICP,BITGET,HTX,32.32768552702492,0.1139450991053243,30.293707878892878,17.850505762006918,18.321339720108742,46.342628644928666,21.999999999999996,27.930991854933815,-67.90336001371794,-71.9799126209696,FLAT
2026-10-01T18:29:42.011975+00:00,0,PERP,OP|GATE|OKX,OP,GATE,OKX,0.856397547621679,-0.13839410162607463,1.8506692753004421,7.184350460001352,-11.959969658186242,13.700090002102261,20.0,25.657833231244464,-65.46847216473115,-63.507253958046284,FLAT
2026-10-01T18:29:42.235801+00:00,0,PERP,OP|BITGET|GATE,OP,BITGET,GATE,-5.300386087001563,0.26886633291318035,-7.644279151573676,8.717688968997766,-19.8194819851738,9.229991159966922,21.999999999999996,29.064874269553904,-69.24007710315402,-73.9391445810945,FLAT
2026-10-01T18:29:42.631364+00:00,0,PERP,DOT|GATE|HTX,DOT,GATE,HTX,3.725676254000554,0.23699221115358182,0.9200481665931781,11.83848225960979,-22.06050207526955,29.5337258117101,20.0,51.57500343902049,-100.55555368088322,-106.18868108413741,FLAT
2026-10-01T18:29:43.328893+00:00,0,PERP,ICP|HTX|MEXC,ICP,HTX,MEXC,-51.85298154643969,-0.7482694065636132,-38.73698317209882,17.528443979255265,-73.05936073059405,-30.562347188263228,26.0,42.718353898481865,-109.0407314569771,-82.89298988231745,FLAT
2026-10-01T18:29:43.757336+00:00,0,PERP,ICP|HTX|OKX,ICP,HTX,OKX,-48.802806161354354,-0.6429590893615508,-38.374410214501935,16.219377125856745,-70.01522070015254,-27.50611246943757,20.0,42.717414105717914,-100.35822459136853,-79.58571185078229,FLAT
2026-10-01T18:29:44.153277+00:00,0,PERP,DOT|BITGET|HTX,DOT,BITGET,HTX,7.543142411534642,0.34625032426467517,3.89497554333045,10.536212134823934,-22.06050207526955,37.19452717289906,21.999999999999996,59.21032759171369,-113.16580521031369,-120.50987922128229,FLAT
2026-10-01T18:29:44.613179+00:00,0,PERP,DOT|HTX|OKX,DOT,HTX,OKX,-5.121624023565197,-0.3586717007187772,-1.587574672709859,9.853159152988963,-28.556208249239656,18.414173942018497,20.0,46.99423277081923,-99.96286634734902,-92.99598138554758,FLAT
2026-10-01T18:29:44.996169+00:00,0,PERP,ARB|GATE|HTX,ARB,GATE,HTX,48.24428720981544,1.4201382979421597,30.516508529347984,12.483135414456292,19.88543505215601,76.63699913274425,20.0,56.47906465712367,-93.11013813431565,-128.59955526051994,FLAT
2026-10-01T18:29:45.410261+00:00,0,PERP,ICP|BITGET|HTX,ICP,BITGET,HTX,39.82544284757638,0.5088291179462714,30.76216481285233,17.812027093310075,18.37109614206911,61.286426011031296,21.999999999999996,42.745094610452256,-83.13616328123547,-101.26935580863122,FLAT
2026-10-01T18:29:55.663176+00:00,1,PERP,OP|GATE|OKX,OP,GATE,OKX,1.9045032717190935,0.007493230838107145,1.8506692753004421,7.184350460001352,-10.898111273395239,14.733279498122531,20.0,25.626483496407776,-64.37526404510345,-64.50909371922987,FLAT
2026-10-01T18:29:55.895172+00:00,1,PERP,OP|BITGET|GATE,OP,BITGET,GATE,-10.614345042790907,-0.3406941795904294,-7.644279151573676,8.717688968997766,-24.684311144781425,3.466553433792985,21.999999999999996,28.180772377150365,-73.22080437035811,-67.29160496251703,FLAT
2026-10-01T18:29:56.278925+00:00,1,PERP,DOT|GATE|HTX,DOT,GATE,HTX,4.186972224893282,0.27595801443620066,0.9200481665931781,11.83848225960979,-21.138301062276767,29.5337258117101,20.0,50.65081041466964,-98.70915964353959,-105.26448805978657,FLAT
2026-10-01T18:29:56.962707+00:00,1,PERP,ICP|HTX|MEXC,ICP,HTX,MEXC,-51.85298154643969,-0.7482694065636132,-38.73698317209882,17.528443979255265,-73.05936073059405,-30.562347188263228,26.0,42.718353898481865,-109.0407314569771,-82.89298988231745,FLAT
2026-10-01T18:29:57.409091+00:00,1,PERP,ICP|HTX|OKX,ICP,HTX,OKX,-48.802806161354354,-0.6429590893615508,-38.374410214501935,16.219377125856745,-70.01522070015254,-27.50611246943757,20.0,42.717414105717914,-100.35822459136853,-79.58571185078229,FLAT
2026-10-01T18:29:57.839906+00:00,1,PERP,DOT|BITGET|HTX,DOT,BITGET,HTX,12.6758877719646,0.8334031354220531,3.89497554333045,10.536212134823934,-12.674465863856677,38.04776123260467,21.999999999999996,50.658004448371614,-95.22744585555874,-112.81079013764582,FLAT
2026-10-01T18:29:58.261586+00:00,1,PERP,DOT|HTX|OKX,DOT,HTX,OKX,-9.567809153737672,-0.809916328064893,-1.587574672709859,9.853159152988963,-32.62813291492361,13.5899715855059,20.0,46.262161752989066,-103.30271999520282,-87.43970801120483,FLAT
2026-10-01T18:29:58.652245+00:00,1,PERP,ARB|GATE|HTX,ARB,GATE,HTX,52.338281432897645,1.7481003112630351,30.516508529347984,12.483135414456292,27.50378393090669,77.1933130849245,20.0,49.43080831260931,-78.44353291105061,-122.10761286818583,FLAT
2026-10-01T18:29:59.062365+00:00,1,PERP,ICP|BITGET|HTX,ICP,BITGET,HTX,41.33141450421762,0.5933771398391224,30.76216481285233,17.812027093310075,18.37109614206911,64.30572748161944,21.999999999999996,45.74555422954021,-86.13662290032343,-107.28911689830731,FLAT
2026-10-01T18:30:09.312767+00:00,2,PERP,OP|GATE|OKX,OP,GATE,OKX,0.9130758859421384,-0.1305049627768475,1.8506692753004421,7.184350460001352,-10.455749903394151,12.304535844380737,20.0,22.758185244008406,-61.064604422703,-59.2120518130887,FLAT
2026-10-01T18:30:09.543617+00:00,2,PERP,OP|BITGET|GATE,OP,BITGET,GATE,-12.597866838075511,-0.5682225764325848,-7.644279151573676,8.717688968997766,-28.038504198638627,2.8547679097168377,21.999999999999996,30.932235467517263,-79.32646051458221,-69.43128252880777,FLAT
2026-10-01T18:30:09.942258+00:00,2,PERP,DOT|GATE|HTX,DOT,GATE,HTX,8.582072278022768,0.6472133795031035,0.9200481665931781,11.83848225960979,-20.657273228851246,37.87009363249272,20.0,58.47714087381656,-106.05446226926098,-121.42718633971609,FLAT
2026-10-01T18:30:10.585387+00:00,2,PERP,ICP|HTX|MEXC,ICP,HTX,MEXC,-41.221374045803394,-0.14173482122228465,-38.73698317209882,17.528443979255265,-54.894784995426214,-27.51452155304146,26.0,27.493554808412377,-75.65135663173977,-70.71601642746973,FLAT
2026-10-01T18:30:11.059574+00:00,2,PERP,ICP|HTX|OKX,ICP,HTX,OKX,-40.94500153377534,-0.15848890492689743,-38.374410214501935,16.219377125856745,-57.37583739342189,-24.464831804282827,20.0,33.04623946983816,-78.04766664875811,-72.95581788005727,FLAT
2026-10-01T18:30:11.464373+00:00,2,PERP,DOT|BITGET|HTX,DOT,BITGET,HTX,12.663048411745148,0.8321845418653596,3.89497554333045,10.536212134823934,-12.522616787611351,37.87009363249272,21.999999999999996,50.32896953147343,-94.74656186241523,-112.3040876206357,FLAT
2026-10-01T18:30:11.913321+00:00,2,PERP,DOT|HTX|OKX,DOT,HTX,OKX,-11.459821022461458,-1.001937165173755,-1.587574672709859,9.853159152988963,-33.950786214619335,11.125451788609464,20.0,45.12775629571197,-103.49096783762145,-83.84078275703129,FLAT
2026-10-01T18:30:12.300277+00:00,2,PERP,ARB|GATE|HTX,ARB,GATE,HTX,55.01838408872306,1.9627981869843607,30.516508529347984,12.483135414456292,25.896990634770578,84.1752130131046,20.0,57.959318030071564,-88.57883592464896,-137.61802251382818,FLAT
2026-10-01T18:30:12.746582+00:00,2,PERP,ICP|BITGET|HTX,ICP,BITGET,HTX,30.637254901961786,-0.007012672405908157,30.76216481285233,17.812027093310075,15.313935681473545,45.96996628869032,21.999999999999996,30.562392947401616,-74.0106220787804,-73.7701944232396,FLAT
2026-10-01T19:48:46.654412+00:00,0,PERP,OP|GATE|OKX,OP,GATE,OKX,5.41513028867735,0.466306589932031,2.03477532324405,7.249211223727337,-3.456881165666559,14.299170389233673,20.0,17.746433481277478,-49.238089970188085,-56.0108285472671,FLAT
2026-10-01T19:48:46.989856+00:00,0,PERP,OP|BITGET|GATE,OP,BITGET,GATE,-12.466197542301272,-0.5228508718159044,-7.8532968814996265,8.822593419000448,-23.136983684967085,-1.7870552632681669,21.999999999999996,21.376573610134805,-64.66026041360226,-55.44281522836626,FLAT
2026-10-01T19:48:47.451172+00:00,0,PERP,DOT|GATE|HTX,DOT,GATE,HTX,-13.10424866863058,-1.144288154512672,0.5931450728104601,11.970231175970243,-38.75719435312508,12.57045523951339,20.0,51.394989641603345,-116.74532906753888,-89.37229980830628,FLAT
2026-10-01T19:48:48.183585+00:00,0,PERP,ICP|HTX|MEXC,ICP,HTX,MEXC,-34.590589134517735,0.16002867865203987,-37.44621560083412,17.844466944112874,-57.785888077860335,-11.293950504124295,26.0,46.65309247635196,-98.99276495337817,-104.80535757306178,FLAT
2026-10-01T19:48:48.662929+00:00,0,PERP,DOT|BITGET|HTX,DOT,BITGET,HTX,-4.630005349725019,-0.7695926141023421,3.684081878391723,10.803231574427658,-30.308303084554122,21.070090600499025,21.999999999999996,51.40218367530532,-113.39456863825116,-96.78819239741262,FLAT
2026-10-01T19:48:49.213306+00:00,0,PERP,ICP|HTX|OKX,ICP,HTX,OKX,-34.590589134517735,0.16386809896190122,-37.302675109714905,16.550420688212903,-57.785888077860335,-11.293950504124295,20.0,46.65309247635196,-93.1363054444974,-98.66181708194256,FLAT
2026-10-01T19:48:49.743011+00:00,0,PERP,DOT|HTX|OKX,DOT,HTX,OKX,5.357975264597137,0.6837418058902625,-1.3184480131841418,9.76453863178408,-17.49359472860479,28.307827830305055,20.0,45.776684625740664,-87.95183134116132,-101.40296046922987,FLAT
2026-10-01T19:48:50.195553+00:00,0,PERP,ARB|GATE|HTX,ARB,GATE,HTX,47.02315628906106,1.3497158597398458,30.41555858318214,12.30451401014136,27.348917610243717,66.71982025349354,20.0,39.186622004926264,-68.2532629778647,-101.49088367523765,FLAT
2026-10-01T19:48:50.680390+00:00,0,PERP,ICP|BITGET|HTX,ICP,BITGET,HTX,27.002900161781085,-0.1437760247362319,29.602457459490267,18.080603511456577,2.1304537866551065,51.890352552737,21.999999999999996,49.62588994557626,-105.09789361841142,-99.913785038823,FLAT
2026-10-01T19:49:01.038523+00:00,1,PERP,OP|GATE|OKX,OP,GATE,OKX,5.793085982046531,0.5184440820956056,2.03477532324405,7.249211223727337,-5.3173341310297495,16.92269839138394,20.0,22.227139587119844,-55.579249041393645,-63.115062655259734,FLAT
2026-10-01T19:49:01.375559+00:00,1,PERP,OP|BITGET|GATE,OP,BITGET,GATE,-12.522988588655748,-0.5292878732345769,-7.8532968814996265,8.822593419000448,-28.584532745072888,3.5625697450902827,21.999999999999996,32.187392786611646,-80.9186286501849,-71.60325941320156,FLAT
2026-10-01T19:49:01.918670+00:00,1,PERP,DOT|GATE|HTX,DOT,GATE,HTX,-4.630005349725019,-0.43634499165068286,0.5931450728104601,11.970231175970243,-30.308303084554122,21.070090600499025,20.0,51.40218367530532,-108.3036318326699,-97.87912920299388,FLAT
2026-10-01T19:49:02.694166+00:00,1,PERP,ICP|HTX|MEXC,ICP,HTX,MEXC,-39.767019634210364,-0.13005734722391946,-37.44621560083412,17.844466944112874,-63.86861313868675,-15.555646591256522,26.0,48.50560945231139,-106.92800699016402,-102.396178461889,FLAT
2026-10-01T19:49:04.143510+00:00,1,PERP,DOT|BITGET|HTX,DOT,BITGET,HTX,-4.630005349725019,-0.7695926141023421,3.684081878391723,10.803231574427658,-30.308303084554122,21.070090600499025,21.999999999999996,51.40218367530532,-113.39456863825116,-96.78819239741262,FLAT
2026-10-01T19:49:04.691119+00:00,1,PERP,ICP|HTX|OKX,ICP,HTX,OKX,-39.767019634210364,-0.14889920751383368,-37.302675109714905,16.550420688212903,-63.86861313868675,-15.555646591256522,20.0,48.50560945231139,-101.07154748128323,-96.25263797076977,FLAT
2026-10-01T19:49:05.247560+00:00,1,PERP,DOT|HTX|OKX,DOT,HTX,OKX,8.286546307822995,0.9836608449417551,-1.3184480131841418,9.76453863178408,-15.472848466208111,32.14812812809109,20.0,47.58132882866912,-87.73572928169308,-107.04790496994434,FLAT
2026-10-01T19:49:05.704058+00:00,1,PERP,ARB|GATE|HTX,ARB,GATE,HTX,48.272513060416685,1.4512523178499266,30.41555858318214,12.30451401014136,27.094813025354547,69.47190858827001,20.0,42.17350236127843,-71.49424791910602,-107.22985236636629,FLAT
2026-10-01T19:49:06.209330+00:00,1,PERP,ICP|BITGET|HTX,ICP,BITGET,HTX,32.25000836696745,0.14643044994596505,29.602457459490267,18.080603511456577,6.39408582083778,58.12174977057438,21.999999999999996,51.561373639036916,-102.7697452776894,-108.08066595012103,FLAT
2026-10-01T19:49:16.603557+00:00,2,PERP,OP|GATE|OKX,OP,GATE,OKX,5.995355772860922,0.5463463992680372,2.03477532324405,7.249211223727337,-3.9268061569930346,15.934285428256256,20.0,19.849177141221382,-51.81075862145847,-59.74868724623359,FLAT
2026-10-01T19:49:16.951766+00:00,2,PERP,OP|BITGET|GATE,OP,BITGET,GATE,-11.672331422519777,-0.4328698331258732,-7.8532968814996265,8.822593419000448,-27.519629338194072,4.198660343424088,21.999999999999996,31.755337864895335,-79.42167032158977,-71.80729508981905,FLAT
2026-10-01T19:49:17.410044+00:00,2,PERP,DOT|GATE|HTX,DOT,GATE,HTX,-17.270220810257086,-1.4923158642856902,0.5931450728104601,11.970231175970243,-47.06036226891697,12.57045523951339,20.0,59.73393650984507,-133.3874438515725,-97.71124667654801,FLAT
2026-10-01T19:49:18.119380+00:00,2,PERP,ICP|HTX|MEXC,ICP,HTX,MEXC,-31.5425972669936,0.33083747204834296,-37.44621560083412,17.844466944112874,-54.744525547444354,-8.239300336084776,26.0,46.6521572763335,-95.95046722294373,-107.85907254108284,FLAT
2026-10-01T19:49:18.642409+00:00,2,PERP,DOT|BITGET|HTX,DOT,BITGET,HTX,-13.038457444766172,-1.5479201022351348,3.684081878391723,10.803231574427658,-38.62566766066888,12.57045523951339,21.999999999999996,51.262952683028686,-121.57270222208929,-88.14932604415036,FLAT
2026-10-01T19:49:19.196597+00:00,2,PERP,ICP|HTX|OKX,ICP,HTX,OKX,-31.5425972669936,0.3480321105567784,-37.302675109714905,16.550420688212903,-54.744525547444354,-8.239300336084776,20.0,46.6521572763335,-90.09400771406294,-101.71553204996363,FLAT
2026-10-01T19:49:19.687436+00:00,2,PERP,DOT|HTX|OKX,DOT,HTX,OKX,15.081549699891283,1.679546605478377,-1.3184480131841418,9.76453863178408,-7.777537171487214,38.03864835126403,20.0,45.74698231337154,-78.20607147167462,-111.10407867781971,FLAT
2026-10-01T19:49:20.139932+00:00,2,PERP,ARB|GATE|HTX,ARB,GATE,HTX,45.34618492397557,1.2134267414777724,30.41555858318214,12.30451401014136,23.075813283763846,67.64241271085325,20.0,44.36540424365542,-77.70514954307372,-107.59225837132652,FLAT
2026-10-01T19:49:20.617194+00:00,2,PERP,ICP|BITGET|HTX,ICP,BITGET,HTX,25.51153174083165,-0.22626046282506262,29.602457459490267,18.080603511456577,2.1304537866551065,48.89975550122383,21.999999999999996,46.65028859096124,-102.1222922637964,-93.9475866326948,FLAT
2026-10-01T20:01:38.583178+00:00,0,PERP,OP|GATE|OKX,OP,GATE,OKX,9.61848649187802,1.055967958097855,1.9980608690134405,7.216531111977553,-1.6368906328800836,20.892517731976312,20.0,22.5077438763987,-52.142695378292224,-67.40220073936158,FLAT
2026-10-01T20:01:38.879552+00:00,0,PERP,OP|BITGET|GATE,OP,BITGET,GATE,-9.917749257357666,-0.19389800460595136,-8.17467103715318,8.989665591179506,-21.788819599504183,1.9625592718242046,21.999999999999996,23.774954682015803,-65.38910324436681,-61.91218499099319,FLAT
2026-10-01T20:01:39.405531+00:00,0,PERP,DOT|GATE|HTX,DOT,GATE,HTX,-9.043177091599963,-0.9031220713298034,1.2588023776512602,11.407073081584707,-30.68462245365278,12.6165156948721,20.0,43.34032388132987,-101.28374871263392,-80.69803719855072,FLAT
2026-10-01T20:01:40.129378+00:00,0,PERP,ICP|HTX|MEXC,ICP,HTX,MEXC,-38.58711388092462,-0.05026758256535203,-37.698151892644795,17.684597963789088,-57.628146800122735,-19.478848964675777,26.0,38.29695625108905,-90.226951158567,-88.51625917905807,FLAT
2026-10-01T20:01:40.611782+00:00,0,PERP,DOT|BITGET|HTX,DOT,BITGET,HTX,-8.122854730079343,-1.209947217135054,4.2738125545739445,10.245626510887353,-30.68462245365278,14.462098627410214,21.999999999999996,45.18341100218409,-108.1418460104108,-83.37169707502036,FLAT
2026-10-01T20:01:41.099443+00:00,0,PERP,ICP|HTX|OKX,ICP,HTX,OKX,-38.58711388092462,-0.068045787404977,-37.47001276005067,16.416903433352587,-57.628146800122735,-19.478848964675777,20.0,38.29695625108905,-84.45509029116113,-82.28812004646394,FLAT
2026-10-01T20:01:41.631684+00:00,0,PERP,DOT|HTX|OKX,DOT,HTX,OKX,6.259377034718572,0.8500238162441586,-1.72089075431505,9.38828728857803,-12.920401715958985,25.506233654140065,20.0,38.40248071779926,-75.60199167944319,-91.62960512625436,FLAT
2026-10-01T20:01:42.090907+00:00,0,PERP,ARB|GATE|HTX,ARB,GATE,HTX,54.66219176467835,1.9495916501252237,30.820804658208445,12.228913221360253,26.75370258197196,82.60095161055415,20.0,55.54361902564486,-85.61072110188134,-133.32376597799055,FLAT
2026-10-01T20:01:42.557773+00:00,0,PERP,ICP|BITGET|HTX,ICP,BITGET,HTX,31.087443189843356,0.07329838972013265,29.76805010266615,18.00030112823625,10.358257834168771,51.829268292682414,21.999999999999996,41.342483395717906,-88.75227566421529,-91.40370158573417,FLAT
2026-10-01T20:01:52.880680+00:00,1,PERP,OP|GATE|OKX,OP,GATE,OKX,6.878757109813893,0.6763216516450368,1.9980608690134405,7.216531111977553,-3.8859876320596065,17.661315217842866,20.0,21.532476455865787,-53.41652495693884,-63.195730804695216,FLAT
2026-10-01T20:01:53.185554+00:00,1,PERP,OP|BITGET|GATE,OP,BITGET,GATE,-12.231030936227238,-0.45122478227155455,-8.17467103715318,8.989665591179506,-26.945401731682807,2.502406817970204,21.999999999999996,29.4838580020537,-76.25458869658331,-68.16093585717708,FLAT
2026-10-01T20:01:53.569161+00:00,1,PERP,DOT|GATE|HTX,DOT,GATE,HTX,-9.043177091599963,-0.9031220713298034,1.2588023776512602,11.407073081584707,-30.68462245365278,12.6165156948721,20.0,43.34032388132987,-101.28374871263392,-80.69803719855072,FLAT
2026-10-01T20:01:54.235056+00:00,1,PERP,ICP|HTX|MEXC,ICP,HTX,MEXC,-34.03467598060761,0.20715630174564917,-37.698151892644795,17.684597963789088,-51.57766990291246,-16.435079171740476,26.0,35.262514388116784,-81.14203239838446,-88.5255871090211,FLAT
2026-10-01T20:01:54.664833+00:00,1,PERP,DOT|BITGET|HTX,DOT,BITGET,HTX,-9.043177091599963,-1.2997730916721217,4.2738125545739445,10.245626510887353,-30.68462245365278,12.6165156948721,21.999999999999996,43.34032388132987,-106.29875888955658,-79.68302702162802,FLAT
2026-10-01T20:01:55.138582+00:00,1,PERP,ICP|HTX|OKX,ICP,HTX,OKX,-37.073543284776854,0.02415007658925195,-37.47001276005067,16.416903433352587,-54.611650485438815,-19.478848964675777,20.0,35.2634444614188,-78.40508218680694,-79.25460825679369,FLAT
2026-10-01T20:01:55.584625+00:00,1,PERP,DOT|HTX|OKX,DOT,HTX,OKX,10.119965944124232,1.261237149489992,-1.72089075431505,9.38828728857803,-9.058344225716386,29.365348846610573,20.0,38.384730772762694,-71.72218424416403,-95.47097037368832,FLAT
2026-10-01T20:01:55.972687+00:00,1,PERP,ARB|GATE|HTX,ARB,GATE,HTX,47.34437106554523,1.3511884587156167,30.820804658208445,12.228913221360253,24.74703338426476,69.96999472097976,20.0,45.00984735298811,-77.08361862693181,-110.15903741575943,FLAT
2026-10-01T20:01:56.400127+00:00,1,PERP,ICP|BITGET|HTX,ICP,BITGET,HTX,29.5635175574116,-0.011362729089776747,29.76805010266615,18.00030112823625,10.358257834168771,48.78048780487809,21.999999999999996,38.30897160604766,-85.71876387454505,-85.3214093082596,FLAT
2026-10-01T20:02:06.737949+00:00,2,PERP,OP|GATE|OKX,OP,GATE,OKX,8.382006960743205,0.8846280841406038,1.9980608690134405,7.216531111977553,-2.2099891960758455,18.99074079824814,20.0,21.182961207330187,-51.391011272419476,-64.17564113656489,FLAT
2026-10-01T20:02:07.070374+00:00,2,PERP,OP|BITGET|GATE,OP,BITGET,GATE,-10.255882346994483,-0.23151153830275387,-8.17467103715318,8.989665591179506,-22.02138466630421,1.5187617767553618,21.999999999999996,23.56431017211591,-65.41102380126694,-61.257742986024454,FLAT
2026-10-01T20:02:07.515077+00:00,2,PERP,DOT|GATE|HTX,DOT,GATE,HTX,-13.11647634323121,-1.2602074711075149,1.2588023776512602,11.407073081584707,-38.840171147122014,12.628889644148433,20.0,51.53664959107936,-117.63562311585264,-88.90673685757653,FLAT
2026-10-01T20:02:08.264342+00:00,2,PERP,ICP|HTX|MEXC,ICP,HTX,MEXC,-30.995808676440582,0.3789932476795856,-37.698151892644795,17.684597963789088,-48.543689320388324,-13.391309378807392,26.0,35.26158488184755,-78.10712230959106,-91.56842739568495,FLAT
2026-10-01T20:02:08.767194+00:00,2,PERP,DOT|BITGET|HTX,DOT,BITGET,HTX,-13.11647634323121,-1.6973377742518367,4.2738125545739445,10.245626510887353,-38.840171147122014,12.628889644148433,21.999999999999996,51.53664959107936,-122.65063329277531,-87.89172668065385,FLAT
2026-10-01T20:02:09.290405+00:00,2,PERP,ICP|HTX|OKX,ICP,HTX,OKX,-30.995808676440582,0.39436207381576566,-37.47001276005067,16.416903433352587,-48.543689320388324,-13.391309378807392,20.0,35.26158488184755,-72.3352614421852,-85.34028826309083,FLAT
2026-10-01T20:02:10.085338+00:00,2,PERP,DOT|HTX|OKX,DOT,HTX,OKX,13.990823134801822,1.6735442159116756,-1.72089075431505,9.38828728857803,-9.010740958991237,37.091774101503105,20.0,46.03789000661897,-79.32774021129515,-110.85055486243712,FLAT
2026-10-01T20:02:11.066463+00:00,2,PERP,ARB|GATE|HTX,ARB,GATE,HTX,35.24954691110915,0.36215337967768196,30.820804658208445,12.228913221360253,0.5396845323324406,70.01029307933892,20.0,69.22655082207244,-125.50767094794844,-134.41603924320293,FLAT
2026-10-01T20:02:11.834597+00:00,2,PERP,ICP|BITGET|HTX,ICP,BITGET,HTX,27.690219382945358,-0.1154331088640176,29.76805010266615,18.00030112823625,4.2618155334173125,51.140045119566494,21.999999999999996,46.7487714233566,-100.25500599260545,-96.12076644025694,FLAT
2026-10-01T20:24:52.367654+00:00,0,PERP,OP|GATE|OKX,OP,GATE,OKX,5.235220603898583,0.46274402252314395,1.900670070712824,7.206036968352158,-5.567135722603922,16.054039220170235,20.0,21.60984917567648,-55.07765496899323,-61.76321832513389,FLAT
2026-10-01T20:24:52.598145+00:00,0,PERP,OP|BITGET|GATE,OP,BITGET,GATE,-16.249263426748595,-0.9493852718895315,-7.959190486781632,8.732042918116363,-33.140894922216724,0.6680826996419142,21.999999999999996,33.86398454422784,-87.04568897966293,-70.49125773065138,FLAT
2026-10-01T20:24:53.062265+00:00,0,PERP,DOT|GATE|HTX,DOT,GATE,HTX,-4.391203515800024,-0.5101808841666474,1.4404008925016705,11.430464349575349,-36.72161271209839,27.99372576345771,20.0,64.74372283090081,-128.90573643550087,-117.29704770185685,FLAT
2026-10-01T20:24:53.791163+00:00,0,PERP,ICP|HTX|MEXC,ICP,HTX,MEXC,-56.179775280900124,-1.0279271164180828,-37.86642446730855,17.81580670564108,-66.74757281553423,-45.5927051671734,26.0,21.274369017656365,-82.15551736588205,-45.54808831779152,FLAT
2026-10-01T20:24:54.357544+00:00,0,PERP,DOT|BITGET|HTX,DOT,BITGET,HTX,-0.17897899136753992,-0.44839497432302955,4.413535928078207,10.242119520584188,-28.327949369818526,27.99372576345771,21.999999999999996,56.3226731889561,-117.06415848685283,-107.9028630243356,FLAT
2026-10-01T20:24:55.315182+00:00,0,PERP,ICP|HTX|OKX,ICP,HTX,OKX,-59.21651989067689,-1.2991723406402425,-37.680475155154554,16.576742024009842,-69.78155339805726,-48.63221884498503,20.0,21.27530193390947,-79.37638017681218,-36.323558244078995,FLAT
2026-10-01T20:24:56.319058+00:00,0,PERP,DOT|HTX|OKX,DOT,HTX,OKX,2.644943615015549,0.4794771266444109,-1.8607046108246037,9.397003476208834,-22.856712285231893,28.26903167168382,20.0,51.11193194762172,-98.107939622029,-107.24166823013013,FLAT
2026-10-01T20:24:56.768474+00:00,0,PERP,ARB|GATE|HTX,ARB,GATE,HTX,47.93880688835239,1.424373679183493,30.731630095876724,12.080521455815932,26.079095993229995,69.82777094170389,20.0,43.53993015756924,-74.19246426021597,-108.63607100339641,FLAT
2026-10-01T20:24:57.248000+00:00,0,PERP,ICP|BITGET|HTX,ICP,BITGET,HTX,49.330978908979084,1.0714073869373375,29.98011921619922,18.061159488637742,36.60768761440059,62.063319938934214,21.999999999999996,25.330670430385485,-46.70310203218411,-85.41387115312048,FLAT
2026-10-01T20:25:07.518595+00:00,1,PERP,OP|GATE|OKX,OP,GATE,OKX,6.275425894828324,0.6070959451538726,1.900670070712824,7.206036968352158,-4.027986730362754,16.594777859073595,20.0,20.609818730903324,-52.538475531978904,-61.303926519264095,FLAT
2026-10-01T20:25:07.744504+00:00,1,PERP,OP|BITGET|GATE,OP,BITGET,GATE,-12.340456502513142,-0.501745817882056,-7.959190486781632,8.732042918116363,-24.982966700805022,0.311907561871827,21.999999999999996,25.326124017189176,-70.34990023121256,-61.59722206584263,FLAT
2026-10-01T20:25:08.190868+00:00,1,PERP,DOT|GATE|HTX,DOT,GATE,HTX,-4.391203515800024,-0.5101808841666474,1.4404008925016705,11.430464349575349,-36.72161271209839,27.99372576345771,20.0,64.74372283090081,-128.90573643550087,-117.29704770185685,FLAT
2026-10-01T20:25:09.103842+00:00,1,PERP,ICP|HTX|MEXC,ICP,HTX,MEXC,-59.21651989067689,-1.1983793816424935,-37.86642446730855,17.81580670564108,-69.78155339805726,-48.63221884498503,26.0,21.27530193390947,-85.19043086465818,-42.50950755623299,FLAT
2026-10-01T20:25:09.561908+00:00,1,PERP,DOT|BITGET|HTX,DOT,BITGET,HTX,-0.17897899136753992,-0.44839497432302955,4.413535928078207,10.242119520584188,-28.327949369818526,27.99372576345771,21.999999999999996,56.3226731889561,-117.06415848685283,-107.9028630243356,FLAT
2026-10-01T20:25:10.065404+00:00,1,PERP,ICP|HTX|OKX,ICP,HTX,OKX,-62.25326450045587,-1.482365431621603,-37.680475155154554,16.576742024009842,-72.81553398058361,-51.67173252279444,20.0,21.276235420323086,-82.41129424575215,-33.2849780526832,FLAT
2026-10-01T20:25:10.566309+00:00,1,PERP,DOT|HTX|OKX,DOT,HTX,OKX,3.71256050375246,0.5930896086914682,-1.8607046108246037,9.397003476208834,-21.94305462882906,29.491346943220087,20.0,51.41501847380893,-97.49736849181338,-108.76707002785362,FLAT
2026-10-01T20:25:11.041840+00:00,1,PERP,ARB|GATE|HTX,ARB,GATE,HTX,46.30666823039364,1.2892686951868801,30.731630095876724,12.080521455815932,23.608348069985574,69.03026806178269,20.0,45.21254170547856,-78.33582373136971,-109.51117967138453,FLAT
2026-10-01T20:25:11.493981+00:00,1,PERP,ICP|BITGET|HTX,ICP,BITGET,HTX,52.97509206105167,1.2731725700843606,29.98011921619922,18.061159488637742,39.67043027159001,66.29074746487662,21.999999999999996,26.480034427007087,-44.7897233716163,-90.79066267568447,FLAT
2026-10-01T20:25:21.767289+00:00,2,PERP,OP|GATE|OKX,OP,GATE,OKX,5.603906567108741,0.5139075073663902,1.900670070712824,7.206036968352158,-5.175533368744212,16.40055415652375,20.0,21.56398954332616,-54.64019298278319,-62.063873629137085,FLAT
2026-10-01T20:25:21.994196+00:00,2,PERP,OP|BITGET|GATE,OP,BITGET,GATE,-14.073776942106209,-0.7002469539675129,-7.959190486781632,8.732042918116363,-28.91163230335558,0.7847589697540513,21.999999999999996,29.738229792461418,-78.69067160903536,-66.4821792489971,FLAT
2026-10-01T20:25:22.444196+00:00,2,PERP,DOT|GATE|HTX,DOT,GATE,HTX,-8.566975862526194,-0.8755004564096862,1.4404008925016705,11.430464349575349,-36.655830327408935,19.54554233821515,20.0,56.249551556992216,-120.34578277690282,-100.35469300270569,FLAT
2026-10-01T20:25:23.187155+00:00,2,PERP,ICP|HTX|MEXC,ICP,HTX,MEXC,-56.179775280900124,-1.0279271164180828,-37.86642446730855,17.81580670564108,-66.74757281553423,-45.5927051671734,26.0,21.274369017656365,-82.15551736588205,-45.54808831779152,FLAT
2026-10-01T20:25:23.648037+00:00,2,PERP,DOT|BITGET|HTX,DOT,BITGET,HTX,-8.566975862526194,-1.2673657795651285,4.413535928078207,10.242119520584188,-36.655830327408935,19.54554233821515,21.999999999999996,56.249551556992216,-125.31891781247936,-99.38155796712915,FLAT
2026-10-01T20:25:24.165768+00:00,2,PERP,ICP|HTX|OKX,ICP,HTX,OKX,-59.21651989067689,-1.2991723406402425,-37.680475155154554,16.576742024009842,-69.78155339805726,-48.63221884498503,20.0,21.27530193390947,-79.37638017681218,-36.323558244078995,FLAT
2026-10-01T20:25:24.717429+00:00,2,PERP,DOT|HTX|OKX,DOT,HTX,OKX,8.278990904739825,1.079034986124665,-1.8607046108246037,9.397003476208834,-17.71397931292107,34.396579612985256,20.0,52.067154560234975,-93.92042926233144,-114.32443878404483,FLAT
2026-10-01T20:25:25.232200+00:00,2,PERP,ARB|GATE|HTX,ARB,GATE,HTX,45.86873244592393,1.2530172977557805,30.731630095876724,12.080521455815932,25.54524770561839,66.21319288808935,20.0,40.48224742603095,-71.66862981628928,-101.96381021824358,FLAT
2026-10-01T20:25:25.691334+00:00,2,PERP,ICP|BITGET|HTX,ICP,BITGET,HTX,50.049547132677844,1.1111926634114648,29.98011921619922,18.061159488637742,36.60768761440059,63.5028919694669,21.999999999999996,26.76126055324025,-48.13369215503888,-88.28403330650792,FLAT
2026-10-01T20:45:22.815101+00:00,0,PERP,OP|GATE|OKX,OP,GATE,OKX,4.133132206340928,0.2957955795658969,1.9984469743174964,7.21675839495725,-7.376573091301131,15.664245233033558,20.0,23.031279301720417,-58.406299367339045,-62.69707756043648,FLAT
2026-10-01T20:45:23.050042+00:00,0,PERP,OP|BITGET|GATE,OP,BITGET,GATE,-9.51428989841685,-0.16104567450446114,-8.089872059125033,8.844806566055015,-23.732760223285077,4.718257517086766,21.999999999999996,28.478105670573004,-72.12099383473304,-69.2862352467848,FLAT
2026-10-01T20:45:23.559886+00:00,0,PERP,DOT|GATE|HTX,DOT,GATE,HTX,-1.1601223059265475,-0.22974566891869158,1.476126938410609,11.4746417494823,-31.728759040051678,29.434354357815717,20.0,61.17019897235362,-120.3750849508159,-115.12842639175872,FLAT
2026-10-01T20:45:24.466402+00:00,0,PERP,ICP|HTX|MEXC,ICP,HTX,MEXC,-32.704732948276586,0.2622638207470552,-37.36280220606198,17.761005862405806,-57.944495272951315,-7.344291845491346,26.0,50.76594428008408,-103.34763734697341,-112.78445464065472,FLAT
2026-10-01T20:45:24.922127+00:00,0,PERP,DOT|BITGET|HTX,DOT,BITGET,HTX,-1.1601223059265475,-0.5456029967491712,4.449261973987145,10.281073075726674,-31.728759040051678,29.434354357815717,21.999999999999996,61.17019897235362,-125.34821998639244,-114.15529135618219,FLAT
2026-10-01T20:45:25.411276+00:00,0,PERP,ICP|HTX|OKX,ICP,HTX,OKX,-34.706698933468786,0.15536199001918968,-37.26185221391343,16.44645051295391,-60.99420555047419,-8.29350396261419,20.0,52.88394454202392,-102.61629787858469,-107.85229279332316,FLAT
2026-10-01T20:45:25.915949+00:00,0,PERP,DOT|HTX|OKX,DOT,HTX,OKX,-2.728528006308295,-0.08119275221410405,-1.9548422833368104,9.528999841405637,-30.57204144421899,25.262166315072054,20.0,55.84905835742851,-110.46625751831068,-109.06606695583737,FLAT
2026-10-01T20:45:26.312234+00:00,0,PERP,ARB|GATE|HTX,ARB,GATE,HTX,58.0971620107662,2.248602554167151,30.77671585091751,12.149966702304926,27.280880183828682,88.9433186073485,20.0,61.30625202391404,-90.80208769100287,-145.47285478034502,FLAT
2026-10-01T20:45:26.784906+00:00,0,PERP,ICP|BITGET|HTX,ICP,BITGET,HTX,24.72403890592334,-0.2638282820310772,29.51491691869382,18.159076714171785,-3.422793960410342,52.894749586018804,21.999999999999996,56.17863714154858,-117.11634802065274,-107.55846980887355,FLAT
2026-10-01T20:45:37.069339+00:00,1,PERP,OP|GATE|OKX,OP,GATE,OKX,6.493070145947577,0.6228036087186629,1.9984469743174964,7.21675839495725,-4.386603743247175,17.390675332311645,20.0,21.763133355875258,-54.14818407343993,-63.155361713869404,FLAT
2026-10-01T20:45:37.293150+00:00,1,PERP,OP|BITGET|GATE,OP,BITGET,GATE,-11.205066332456992,-0.35220603752800966,-8.089872059125033,8.844806566055015,-23.20606468709796,0.8053224747328613,21.999999999999996,24.03831858480915,-67.15451121278207,-60.933513118667044,FLAT
2026-10-01T20:45:37.740198+00:00,1,PERP,DOT|GATE|HTX,DOT,GATE,HTX,3.065930051511234,0.13854925912369787,1.476126938410609,11.4746417494823,-31.728759040051678,37.919493405496056,20.0,69.62685557174296,-128.83174155020527,-132.0702220388284,FLAT
2026-10-01T20:45:38.646079+00:00,1,PERP,ICP|HTX|MEXC,ICP,HTX,MEXC,-32.704732948276586,0.2622638207470552,-37.36280220606198,17.761005862405806,-57.944495272951315,-7.344291845491346,26.0,50.76594428008408,-103.34763734697341,-112.78445464065472,FLAT
2026-10-01T20:45:39.194473+00:00,1,PERP,DOT|BITGET|HTX,DOT,BITGET,HTX,-1.1601223059265475,-0.5456029967491712,4.449261973987145,10.281073075726674,-31.728759040051678,29.434354357815717,21.999999999999996,61.17019897235362,-125.34821998639244,-114.15529135618219,FLAT
2026-10-01T20:45:39.713636+00:00,1,PERP,ICP|HTX|OKX,ICP,HTX,OKX,-32.704732948276586,0.27708831532052863,-37.26185221391343,16.44645051295391,-57.944495272951315,-7.344291845491346,20.0,50.76594428008408,-97.44858733912197,-106.68350464850616,FLAT
2026-10-01T20:45:40.165971+00:00,1,PERP,DOT|HTX|OKX,DOT,HTX,OKX,-4.289427403098012,-0.24499791778953617,-1.9548422833368104,9.528999841405637,-31.869475995948136,23.436409397374902,20.0,55.32923416393732,-111.24386787654865,-106.72048584464903,FLAT
2026-10-01T20:45:40.710085+00:00,1,PERP,ARB|GATE|HTX,ARB,GATE,HTX,59.57246155855023,2.3700267180296044,30.77671585091751,12.149966702304926,24.759365482254214,94.42964049472202,20.0,69.25766217790215,-101.27501254656545,-158.91058682170666,FLAT
2026-10-01T20:45:41.198226+00:00,1,PERP,ICP|BITGET|HTX,ICP,BITGET,HTX,23.648412333654445,-0.3230618316877869,29.51491691869382,18.159076714171785,-4.792620981444173,52.11526670754196,21.999999999999996,56.77361538645398,-119.08115328659198,-107.37396517530212,FLAT
2026-10-01T20:45:51.465196+00:00,2,PERP,OP|GATE|OKX,OP,GATE,OKX,5.000879929610846,0.4160362299770652,1.9984469743174964,7.21675839495725,-6.106423292207008,16.127064677640135,20.0,22.222358800122475,-56.32722906664698,-62.35097650344512,FLAT
2026-10-01T20:45:51.692115+00:00,2,PERP,OP|BITGET|GATE,OP,BITGET,GATE,-12.7104931768518,-0.5224106466567611,-8.089872059125033,8.844806566055015,-25.093099965243226,-0.31819733775972914,21.999999999999996,24.806429032953673,-69.80965693907186,-60.578103754318974,FLAT
2026-10-01T20:45:52.143419+00:00,2,PERP,DOT|GATE|HTX,DOT,GATE,HTX,11.434381716133313,0.8678488614402265,1.476126938410609,11.4746417494823,-23.471103781110834,46.398909029308214,20.0,69.79016218324358,-120.73739290276502,-140.7129442741412,FLAT
2026-10-01T20:45:52.848751+00:00,2,PERP,ICP|HTX|MEXC,ICP,HTX,MEXC,-35.76171662165506,0.09014610978739032,-37.36280220606198,17.761005862405806,-60.99420555047419,-10.408583690986184,26.0,50.76688522632037,-106.39828857073257,-109.72110374139616,FLAT
2026-10-01T20:45:53.452434+00:00,2,PERP,DOT|BITGET|HTX,DOT,BITGET,HTX,7.211215827584994,0.2686445114487849,4.449261973987145,10.281073075726674,-23.471103781110834,37.919493405496056,21.999999999999996,61.34634803513118,-117.26671379022915,-122.81657946664008,FLAT
2026-10-01T20:45:53.913229+00:00,2,PERP,ICP|HTX|OKX,ICP,HTX,OKX,-35.76171662165506,0.09121333451718337,-37.26185221391343,16.44645051295391,-60.99420555047419,-10.408583690986184,20.0,50.76688522632037,-100.49923856288113,-103.6201537492476,FLAT
2026-10-01T20:45:54.416405+00:00,2,PERP,DOT|HTX|OKX,DOT,HTX,OKX,-10.48998336155793,-0.8957016707182659,-1.9548422833368104,9.528999841405637,-38.5942648053006,17.76333487653492,20.0,56.416386251664456,-119.05580877362823,-102.13456341153618,FLAT
2026-10-01T20:45:54.862011+00:00,2,PERP,ARB|GATE|HTX,ARB,GATE,HTX,59.99015813839881,2.4044051315745025,30.77671585091751,12.149966702304926,25.469096768182542,94.55290768964008,20.0,68.6718224163514,-99.97944149908636,-158.44801425507399,FLAT
2026-10-01T20:45:55.399881+00:00,2,PERP,ICP|BITGET|HTX,ICP,BITGET,HTX,26.935962991820883,-0.14202010198350334,29.51491691869382,18.159076714171785,-1.8482420279808398,55.74822555214798,21.999999999999996,57.44172908330201,-116.80488802997667,-111.67503771675617,FLAT
2026-10-01T20:59:56.085784+00:00,0,PERP,OP|GATE|OKX,OP,GATE,OKX,5.254754649888227,0.44925786346968966,2.009399771869412,7.223813185938305,-5.636645937884266,16.164940318386112,20.0,21.790119896940656,-55.43616560669433,-61.945660443457356,FLAT
2026-10-01T20:59:56.413871+00:00,0,PERP,OP|BITGET|GATE,OP,BITGET,GATE,-13.047651328790266,-0.5687843984626554,-8.046655923472198,8.792427181257185,-28.219116232621744,2.1438072770108008,21.999999999999996,30.402578568431792,-78.57503887758133,-68.59304176891479,FLAT
2026-10-01T20:59:56.932657+00:00,0,PERP,DOT|GATE|HTX,DOT,GATE,HTX,12.221277746833348,0.9490845852580302,1.4061024387903052,11.395375581937927,-21.649088356231474,46.14905125007507,20.0,67.71533420645581,-116.77052500147758,-138.45828301774057,FLAT
2026-10-01T20:59:57.662361+00:00,0,PERP,ICP|HTX|MEXC,ICP,HTX,MEXC,-38.144644491914235,-0.041731216087521256,-37.4048862214681,17.726736476949828,-54.84460694698434,-21.393643031785146,26.0,33.57897183491563,-83.01869256043187,-81.59021502459856,FLAT
2026-10-01T20:59:58.121038+00:00,0,PERP,DOT|BITGET|HTX,DOT,BITGET,HTX,12.536919831860338,0.8133289811911126,4.261495160805108,10.174756909480772,-21.020452248798893,46.14905125007507,21.999999999999996,67.08535448570544,-120.36730189530944,-136.9729105749754,FLAT
2026-10-01T20:59:58.582281+00:00,0,PERP,ICP|HTX|OKX,ICP,HTX,OKX,-39.82983926876238,-0.15616812955898202,-37.26138461374225,16.44672739741091,-57.891529555149646,-21.71294821744052,20.0,36.32317172231019,-82.95331666371759,-77.87160811861193,FLAT
2026-10-01T20:59:59.086968+00:00,0,PERP,DOT|HTX|OKX,DOT,HTX,OKX,-10.108351323628861,-0.896989537513988,-1.7440146805284336,9.324898778955927,-36.65784487558055,16.576305154445414,20.0,53.28767189863092,-114.20150209368303,-97.60799173360476,FLAT
2026-10-01T20:59:59.580515+00:00,0,PERP,UNI|HTX|OKX,UNI,HTX,OKX,-7.347535087660617,0.6892142031679596,-15.085022518378262,11.226535081767665,-17.299321746671037,2.622632802600222,20.0,19.936586066171117,-48.15088529446389,-63.6442413871496,FLAT
2026-10-01T21:00:00.037975+00:00,0,PERP,ICP|BITGET|HTX,ICP,BITGET,HTX,30.006057285429932,0.02246902573778683,29.599864131891398,18.07791571734362,11.036423126336015,48.989589712187254,21.999999999999996,37.83961971668309,-84.40306072223848,-85.22934529697895,FLAT
2026-10-01T21:00:10.401810+00:00,1,PERP,OP|GATE|OKX,OP,GATE,OKX,4.902852713029038,0.4005437110128968,2.009399771869412,7.223813185938305,-6.59375826977282,16.420121239162366,20.0,23.002583138754183,-57.605741180396414,-63.413304606047134,FLAT
2026-10-01T21:00:10.718273+00:00,1,PERP,OP|BITGET|GATE,OP,BITGET,GATE,-12.506847969582235,-0.5072765408416265,-8.046655923472198,8.792427181257185,-28.194679796728074,3.20215142204594,21.999999999999996,31.436133642143783,-79.58415751539965,-70.68494098766192,FLAT
2026-10-01T21:00:11.167193+00:00,1,PERP,DOT|GATE|HTX,DOT,GATE,HTX,12.276391288610355,0.9539210683893422,1.4061024387903052,11.395375581937927,-21.539326496203827,46.14905125007507,20.0,67.60533488980695,-116.5507638248011,-138.3482837010917,FLAT
2026-10-01T21:00:12.162020+00:00,1,PERP,ICP|HTX|MEXC,ICP,HTX,MEXC,-38.144644491914235,-0.041731216087521256,-37.4048862214681,17.726736476949828,-54.84460694698434,-21.393643031785146,26.0,33.57897183491563,-83.01869256043187,-81.59021502459856,FLAT
2026-10-01T21:00:12.619007+00:00,1,PERP,DOT|BITGET|HTX,DOT,BITGET,HTX,16.46194749598706,1.1990903019819228,4.261495160805108,10.174756909480772,-13.200018998362761,46.14905125007507,21.999999999999996,59.25152006033904,-104.71303421950691,-129.139076149609,FLAT
2026-10-01T21:00:13.085982+00:00,1,PERP,ICP|HTX|OKX,ICP,HTX,OKX,-41.196216051267996,-0.23924707587390162,-37.26138461374225,16.44672739741091,-57.891529555149646,-24.449877750610803,20.0,33.57991047632558,-80.21005541773297,-72.39141733945704,FLAT
2026-10-01T21:00:13.586046+00:00,1,PERP,DOT|HTX|OKX,DOT,HTX,OKX,-12.916751094558254,-1.1981616829175694,-1.7440146805284336,9.324898778955927,-39.42540849637521,13.72686133737977,20.0,53.220670995367755,-116.90206481121453,-94.69154701327597,FLAT
2026-10-01T21:00:14.097709+00:00,1,PERP,UNI|HTX|OKX,UNI,HTX,OKX,-8.204162134618498,0.6129104246006011,-15.085022518378262,11.226535081767665,-18.018076195503994,1.627983890517548,20.0,19.662174332982985,-48.59522801010872,-62.37518074187879,FLAT
2026-10-01T21:00:14.565120+00:00,1,PERP,ICP|BITGET|HTX,ICP,BITGET,HTX,30.442893686111194,0.046633116748686344,29.599864131891398,18.07791571734362,11.036423126336015,49.86527491577242,21.999999999999996,38.71099779079199,-85.27443879634737,-86.97640857467302,FLAT
2026-10-01T21:00:24.893563+00:00,2,PERP,OP|GATE|OKX,OP,GATE,OKX,7.146182996502493,0.711090263883376,2.009399771869412,7.223813185938305,-5.935251525510665,20.25454819293948,20.0,26.171069700612502,-60.11572099799258,-70.41621812168258,FLAT
2026-10-01T21:00:25.201415+00:00,2,PERP,OP|BITGET|GATE,OP,BITGET,GATE,-11.639961554879008,-0.4086818755879672,-8.046655923472198,8.792427181257185,-25.811617569423404,2.542783392389669,21.999999999999996,28.38743949555321,-74.15240114150441,-66.97687881141508,FLAT
2026-10-01T21:00:25.653546+00:00,2,PERP,DOT|GATE|HTX,DOT,GATE,HTX,16.46194749598706,1.321224118409998,1.4061024387903052,11.395375581937927,-13.200018998362761,46.14905125007507,20.0,59.25152006033904,-99.8576414974921,-129.99446887162378,FLAT
2026-10-01T21:00:26.609186+00:00,2,PERP,ICP|HTX|MEXC,ICP,HTX,MEXC,-38.144644491914235,-0.041731216087521256,-37.4048862214681,17.726736476949828,-54.84460694698434,-21.393643031785146,26.0,33.57897183491563,-83.01869256043187,-81.59021502459856,FLAT
2026-10-01T21:00:27.055871+00:00,2,PERP,DOT|BITGET|HTX,DOT,BITGET,HTX,16.46194749598706,1.1990903019819228,4.261495160805108,10.174756909480772,-13.200018998362761,46.14905125007507,21.999999999999996,59.25152006033904,-104.71303421950691,-129.139076149609,FLAT
2026-10-01T21:00:27.538338+00:00,2,PERP,ICP|HTX|OKX,ICP,HTX,OKX,-38.144644491914235,-0.053704293676748664,-37.26138461374225,16.44672739741091,-54.84460694698434,-21.393643031785146,20.0,33.57897183491563,-77.16219416815773,-75.44671341687274,FLAT
2026-10-01T21:00:28.093929+00:00,2,PERP,DOT|HTX|OKX,DOT,HTX,OKX,-14.903297160512308,-1.4111984260549013,-1.7440146805284336,9.324898778955927,-41.42744663734654,11.7558862162781,20.0,53.26236848946057,-118.94580044627868,-92.7622693862671,FLAT
2026-10-01T21:00:28.584296+00:00,2,PERP,UNI|HTX|OKX,UNI,HTX,OKX,-5.538348498514978,0.8503669164466834,-15.085022518378262,11.226535081767665,-15.056350231631432,3.9967645210703395,20.0,19.063657503229507,-45.03498521648268,-64.1454445426781,FLAT
2026-10-01T21:00:29.050720+00:00,2,PERP,ICP|BITGET|HTX,ICP,BITGET,HTX,29.983184694000187,0.021203802921873263,29.599864131891398,18.07791571734362,10.99078127867914,48.989589712187254,21.999999999999996,37.88521134537609,-84.49429419858835,-85.27493692567195,FLAT
2026-10-01T21:22:00.333830+00:00,0,PERP,OP|GATE|OKX,OP,GATE,OKX,7.446237738426564,0.7586327837925613,1.8379957307415598,7.392564792215081,-2.4601661172607425,17.370803416212333,20.0,19.816197288700494,-50.114359136702795,-61.349004974171265,FLAT
2026-10-01T21:22:00.802076+00:00,0,PERP,OP|BITGET|GATE,OP,BITGET,GATE,-18.30100002196966,-1.2020727865119598,-7.796283389206445,8.73883574325364,-34.381206362235076,-2.2001848414676672,21.999999999999996,32.240010766567906,-86.82493373959653,-65.83610931430668,FLAT
2026-10-01T21:22:01.288369+00:00,0,PERP,DOT|GATE|HTX,DOT,GATE,HTX,3.2204284903269986,0.17576187663179785,1.2386022544952822,11.27563197327159,-31.42925049362311,37.929035499761895,20.0,69.33590679412809,-128.00375954224648,-132.0263400393947,FLAT
2026-10-01T21:22:02.027060+00:00,0,PERP,ICP|HTX|MEXC,ICP,HTX,MEXC,-38.987486135928506,-0.12249762595335101,-36.895595978793295,17.076985295468788,-58.01526717557293,-19.8926073619643,26.0,38.271753664875654,-91.3914248616553,-87.27474228170466,FLAT
2026-10-01T21:22:02.502142+00:00,0,PERP,DOT|BITGET|HTX,DOT,BITGET,HTX,7.4716908908767365,0.3218613321500207,4.2117372900718175,10.128441273229562,-22.95977661978643,37.929035499761895,21.999999999999996,60.84334085848982,-116.01485476834806,-122.56063906817988,FLAT
2026-10-01T21:22:03.244354+00:00,0,PERP,ICP|HTX|OKX,ICP,HTX,OKX,-38.987486135928506,-0.1281994763536435,-36.93251117041834,16.029511383037452,-58.01526717557293,-19.8926073619643,20.0,38.271753664875654,-85.35450967003025,-81.3116574733297,FLAT
2026-10-01T21:22:03.838537+00:00,0,PERP,DOT|HTX|OKX,DOT,HTX,OKX,-7.006606925030745,-0.5619423287074451,-1.7540418553911739,9.347160378043222,-35.460708449377435,21.59682429979881,20.0,57.09714765383362,-116.80381424781987,-106.44801380902359,FLAT
2026-10-01T21:22:04.386350+00:00,0,PERP,UNI|HTX|OKX,UNI,HTX,OKX,-6.982815929456043,0.6963444938166986,-14.791307071408795,11.213546184811523,-19.244916875601483,5.307202849811343,20.0,24.5692442314802,-55.022854035672886,-70.66775415270034,FLAT
2026-10-01T21:22:04.904335+00:00,0,PERP,ICP|BITGET|HTX,ICP,BITGET,HTX,29.383012859640623,0.02342122111711786,28.97180040640122,17.557259341139197,7.641632541914856,51.142167740945155,21.999999999999996,43.37308474556078,-92.70325261004714,-93.54345208010471,FLAT
2026-10-01T21:22:15.231502+00:00,1,PERP,OP|GATE|OKX,OP,GATE,OKX,4.47340809625274,0.3564949972824675,1.8379957307415598,7.392564792215081,-8.208298988020557,17.178041397798438,20.0,25.37496842240144,-61.42126314116355,-66.71501408945832,FLAT
2026-10-01T21:22:15.589248+00:00,1,PERP,OP|BITGET|GATE,OP,BITGET,GATE,-13.337223177086743,-0.6340592672379602,-7.796283389206445,8.73883574325364,-26.271977674483526,-0.3923078356216081,21.999999999999996,25.91422823406602,-72.3899225193431,-61.31820378765085,FLAT
2026-10-01T21:22:16.038571+00:00,1,PERP,DOT|GATE|HTX,DOT,GATE,HTX,7.4716908908767365,0.5527928413375612,1.2386022544952822,11.27563197327159,-22.95977661978643,37.929035499761895,20.0,60.84334085848982,-111.04171973277154,-123.53377410375643,FLAT
2026-10-01T21:22:16.782598+00:00,1,PERP,ICP|HTX|MEXC,ICP,HTX,MEXC,-34.738923430965855,0.1262911755507392,-36.895595978793295,17.076985295468788,-61.068702290076885,-8.277421731124335,26.0,52.97498127082889,-109.14808758211248,-113.59315551849785,FLAT
2026-10-01T21:22:17.316393+00:00,1,PERP,DOT|BITGET|HTX,DOT,BITGET,HTX,7.4716908908767365,0.3218613321500207,4.2117372900718175,10.128441273229562,-22.95977661978643,37.929035499761895,21.999999999999996,60.84334085848982,-116.01485476834806,-122.56063906817988,FLAT
2026-10-01T21:22:17.838478+00:00,1,PERP,ICP|HTX|OKX,ICP,HTX,OKX,-36.139958326872886,0.04944335635733328,-36.93251117041834,16.029511383037452,-63.86379786332497,-8.277421731124335,20.0,55.78764638199465,-108.71893307490129,-110.44273582128865,FLAT
2026-10-01T21:22:18.434314+00:00,1,PERP,DOT|HTX|OKX,DOT,HTX,OKX,-9.029566548346413,-0.7783673756198384,-1.7540418553911739,9.347160378043222,-36.668828491811524,18.754748743721184,20.0,55.47328757933307,-116.38807421575342,-101.98207817844542,FLAT
2026-10-01T21:22:18.998014+00:00,1,PERP,UNI|HTX|OKX,UNI,HTX,OKX,-7.077241720885308,0.6879238042441919,-14.791307071408795,11.213546184811523,-16.234662661381847,2.095977918157299,20.0,18.34360917867377,-45.786964768646826,-61.23089416823987,FLAT
2026-10-01T21:22:19.514560+00:00,1,PERP,ICP|BITGET|HTX,ICP,BITGET,HTX,26.8179473948571,-0.1226759239408926,28.97180040640122,17.557259341139197,-2.1243725298303318,55.78299370393003,21.999999999999996,57.75247702546108,-116.84864996169263,-112.56367032298989,FLAT
2026-10-01T21:22:29.835612+00:00,2,PERP,OP|GATE|OKX,OP,GATE,OKX,4.485796150615062,0.3581707424007744,1.8379957307415598,7.392564792215081,-7.9318080642731825,16.92683508016657,20.0,24.84747498132736,-60.617278776342104,-65.93631433075237,FLAT
2026-10-01T21:22:30.132217+00:00,2,PERP,OP|BITGET|GATE,OP,BITGET,GATE,-11.265595339905454,-0.39699933179054314,-7.796283389206445,8.73883574325364,-27.811740728276302,5.304226175835147,21.999999999999996,33.15329914219074,-81.16875648126059,-74.25380870723232,FLAT
2026-10-01T21:22:30.582650+00:00,2,PERP,DOT|GATE|HTX,DOT,GATE,HTX,7.4716908908767365,0.5527928413375612,1.2386022544952822,11.27563197327159,-22.95977661978643,37.929035499761895,20.0,60.84334085848982,-111.04171973277154,-123.53377410375643,FLAT
2026-10-01T21:22:31.316441+00:00,2,PERP,ICP|HTX|MEXC,ICP,HTX,MEXC,-34.738923430965855,0.1262911755507392,-36.895595978793295,17.076985295468788,-61.068702290076885,-8.277421731124335,26.0,52.97498127082889,-109.14808758211248,-113.59315551849785,FLAT
2026-10-01T21:22:31.816166+00:00,2,PERP,DOT|BITGET|HTX,DOT,BITGET,HTX,7.4716908908767365,0.3218613321500207,4.2117372900718175,10.128441273229562,-22.95977661978643,37.929035499761895,21.999999999999996,60.84334085848982,-116.01485476834806,-122.56063906817988,FLAT
2026-10-01T21:22:32.439939+00:00,2,PERP,ICP|HTX|OKX,ICP,HTX,OKX,-37.79997736325535,-0.054116820663353056,-36.93251117041834,16.029511383037452,-64.12213740458084,-11.34613259668571,20.0,52.975925110060075,-106.16555134422258,-104.5623036837927,FLAT
2026-10-01T21:22:32.981782+00:00,2,PERP,DOT|HTX|OKX,DOT,HTX,OKX,-8.708350451440694,-0.7440022760693625,-1.7540418553911739,9.347160378043222,-36.02807326826163,18.754748743721184,20.0,54.83019482571328,-115.10422623858373,-101.33898542482564,FLAT
2026-10-01T21:22:33.535328+00:00,2,PERP,UNI|HTX|OKX,UNI,HTX,OKX,-3.2304742892685923,1.03097027395304,-14.791307071408795,11.213546184811523,-12.882516593594184,6.43814076844107,20.0,19.326886647402894,-43.41809616958828,-66.55633448725276,FLAT
2026-10-01T21:22:34.058016+00:00,2,PERP,ICP|BITGET|HTX,ICP,BITGET,HTX,23.588127770837186,-0.3066351376919807,28.97180040640122,17.557259341139197,-5.789841417966901,52.99178461774634,21.999999999999996,58.643286277206606,-121.40492810157471,-110.66327048855172,FLAT
2026-10-01T22:19:17.444398+00:00,0,PERP,OP|GATE|OKX,OP,GATE,OKX,3.3397928424427903,0.17097829718172078,2.1071353343524937,7.209438439898555,-6.671120520655993,13.364761262895097,20.0,20.02918259194116,-54.807438446949654,-57.28680852048377,FLAT
2026-10-01T22:19:17.753501+00:00,0,PERP,OP|BITGET|GATE,OP,BITGET,GATE,-13.180291319834225,-0.5557716679420294,-8.318636025152836,8.747576703007631,-23.68569693034783,-2.666633230441473,21.999999999999996,21.046800756360728,-64.41386166155571,-54.69880355107209,FLAT
2026-10-01T22:19:18.206607+00:00,0,PERP,DOT|GATE|HTX,DOT,GATE,HTX,0.09744817231371883,-0.0849549977756073,1.0497380190327883,11.20934461365492,-20.944002780012294,21.156867912814903,20.0,42.100452762472166,-90.09419356151726,-88.20758265625429,FLAT
2026-10-01T22:19:18.912490+00:00,0,PERP,ICP|HTX|MEXC,ICP,HTX,MEXC,-27.527144823367156,0.48686044306285114,-36.0556676585335,17.51738708019324,-51.87671650900283,-3.065603923972926,26.0,48.9455889672302,-96.76663781769955,-113.93565270179079,FLAT
2026-10-01T22:19:19.384706+00:00,0,PERP,DOT|BITGET|HTX,DOT,BITGET,HTX,0.09744817231371883,-0.376663063988014,3.904265976138897,10.106692606170476,-20.944002780012294,21.156867912814903,21.999999999999996,42.100452762472166,-94.94872151862336,-87.35305469914816,FLAT
2026-10-01T22:19:19.882748+00:00,0,PERP,ICP|HTX|OKX,ICP,HTX,OKX,-24.468573176327226,0.7099060850258575,-36.13523894255857,16.434097428262504,-48.82514494964907,0.0,20.0,48.94464859799333,-87.63455460508384,-111.07988754055191,FLAT
2026-10-01T22:19:20.381018+00:00,0,PERP,DOT|HTX|OKX,DOT,HTX,OKX,-1.677406702591533,-0.010809686823103586,-1.5772138813474765,9.268799631633533,-19.375749754912963,16.080439614378772,20.0,35.46203793577104,-79.26057380933653,-79.11969143149729,FLAT
2026-10-01T22:19:20.881055+00:00,0,PERP,UNI|HTX|OKX,UNI,HTX,OKX,-2.205392158545205,1.118232490636925,-14.760635011243515,11.227757159467858,-10.699670185424504,6.3024039067083315,20.0,17.00581379302599,-38.94484896720698,-64.06885271097784,FLAT
2026-10-01T22:19:21.364518+00:00,0,PERP,ICP|BITGET|HTX,ICP,BITGET,HTX,19.306848840723312,-0.49068385232303063,28.170923179148684,18.064736176787633,-7.350751424195501,45.98405885959611,21.999999999999996,53.23202880046616,-116.75370340381033,-99.04516448091358,FLAT
2026-10-01T22:19:31.682526+00:00,1,PERP,OP|GATE|OKX,OP,GATE,OKX,1.6497818750838,-0.0634381530657926,2.1071353343524937,7.209438439898555,-8.459378813153728,11.772381559485012,20.0,20.22841419864234,-56.794928346148566,-55.89366042377486,FLAT
2026-10-01T22:19:32.001050+00:00,1,PERP,OP|BITGET|GATE,OP,BITGET,GATE,-13.401350348763996,-0.5810425556901488,-8.318636025152836,8.747576703007631,-23.94868462794353,-2.8457371572798706,21.999999999999996,21.131262968593767,-64.76131157138445,-54.60416183646672,FLAT
2026-10-01T22:19:32.514230+00:00,1,PERP,DOT|GATE|HTX,DOT,GATE,HTX,-8.344347215415437,-0.8380583841632102,1.0497380190327883,11.20934461365492,-29.4512968952898,12.780611807186038,20.0,42.267170216997066,-98.76820513131966,-79.99804400515032,FLAT
2026-10-01T22:19:33.220025+00:00,1,PERP,ICP|HTX|MEXC,ICP,HTX,MEXC,-21.410001529285072,0.8360645376049353,-36.0556676585335,17.51738708019324,-45.77357339029642,3.065603923972926,26.0,48.94370880522938,-90.66161453699229,-120.0649803877358,FLAT
2026-10-01T22:19:33.678076+00:00,1,PERP,DOT|BITGET|HTX,DOT,BITGET,HTX,-8.344347215415437,-1.211930912401169,3.904265976138897,10.106692606170476,-29.4512968952898,12.780611807186038,21.999999999999996,42.267170216997066,-103.62273308842575,-79.1435160480442,FLAT
2026-10-01T22:19:34.193307+00:00,1,PERP,ICP|HTX|OKX,ICP,HTX,OKX,-17.72074358929232,1.1205054268205787,-36.13523894255857,16.434097428262504,-42.72200183094377,7.395480585412617,20.0,50.20618779074332,-82.79295067912851,-119.7369073187145,FLAT
2026-10-01T22:19:34.693235+00:00,1,PERP,DOT|HTX|OKX,DOT,HTX,OKX,6.43238276114344,0.864146055672077,-1.5772138813474765,9.268799631633533,-11.92230330325783,24.849099213344328,20.0,36.74766037463446,-73.09274979654481,-89.17397346932626,FLAT
2026-10-01T22:19:35.180360+00:00,1,PERP,UNI|HTX|OKX,UNI,HTX,OKX,-4.775605801375926,0.8893164563545682,-14.760635011243515,11.227757159467858,-13.669334391606114,4.132993970979992,20.0,17.81082168627599,-42.719521066638585,-62.70445066849949,FLAT
2026-10-01T22:19:35.625805+00:00,1,PERP,ICP|BITGET|HTX,ICP,BITGET,HTX,12.604006827552361,-0.8617295154079861,28.170923179148684,18.064736176787633,-14.597344781144272,39.82843137255054,21.999999999999996,54.35725445166918,-125.12552241196214,-94.01476264507103,FLAT
2026-10-01T22:19:45.995457+00:00,2,PERP,OP|GATE|OKX,OP,GATE,OKX,3.1582731409773857,0.14580023331743472,2.1071353343524937,7.209438439898555,-7.471289372380507,13.804040604956658,20.0,21.26860042943456,-56.84702513616756,-58.96550570003872,FLAT
2026-10-01T22:19:46.294042+00:00,2,PERP,OP|BITGET|GATE,OP,BITGET,GATE,-13.298670645377486,-0.5693044816071624,-8.318636025152836,8.747576703007631,-24.132918297639083,-2.4559188740780336,21.999999999999996,21.705861998282963,-65.52014427076921,-55.56857914935776,FLAT
2026-10-01T22:19:46.752134+00:00,2,PERP,DOT|GATE|HTX,DOT,GATE,HTX,-8.344347215415437,-0.8380583841632102,1.0497380190327883,11.20934461365492,-29.4512968952898,12.780611807186038,20.0,42.267170216997066,-98.76820513131966,-79.99804400515032,FLAT
2026-10-01T22:19:47.457722+00:00,2,PERP,ICP|HTX|MEXC,ICP,HTX,MEXC,-21.410001529285072,0.8360645376049353,-36.0556676585335,17.51738708019324,-45.77357339029642,3.065603923972926,26.0,48.94370880522938,-90.66161453699229,-120.0649803877358,FLAT
2026-10-01T22:19:47.936965+00:00,2,PERP,DOT|BITGET|HTX,DOT,BITGET,HTX,0.18459486976096784,-0.3680403917802887,3.904265976138897,10.106692606170476,-20.944002780012294,21.331235728456743,21.999999999999996,42.27445044290057,-95.12271919905177,-87.70142019521842,FLAT
2026-10-01T22:19:48.485029+00:00,2,PERP,ICP|HTX|OKX,ICP,HTX,OKX,-18.351429882245142,1.0821287349635498,-36.13523894255857,16.434097428262504,-42.72200183094377,6.131207847945852,20.0,48.94276958840707,-81.52953247679226,-117.20921637891149,FLAT
2026-10-01T22:19:48.980910+00:00,2,PERP,DOT|HTX|OKX,DOT,HTX,OKX,2.914446082764588,0.48459996360072943,-1.5772138813474765,9.268799631633533,-15.71163699821021,21.603476748497386,20.0,37.30413547006438,-77.43855858692712,-86.48482609990924,FLAT
2026-10-01T22:19:49.480803+00:00,2,PERP,UNI|HTX|OKX,UNI,HTX,OKX,-6.094386221784376,0.7718593006931296,-14.760635011243515,11.227757159467858,-16.886583401084508,4.718876689935314,20.0,21.618614770331277,-49.74456316017227,-67.09812647151011,FLAT
2026-10-01T22:19:49.956883+00:00,2,PERP,ICP|BITGET|HTX,ICP,BITGET,HTX,13.782542113323082,-0.7964899639283977,28.170923179148684,18.064736176787633,-12.247397428046813,39.82843137255054,21.999999999999996,52.0041489782016,-120.4224695853971,-91.66165717160345,FLAT
2026-10-01T22:37:13.113502+00:00,0,PERP,OP|GATE|OKX,OP,GATE,OKX,0.9895764437661825,-0.14260171811720063,2.019852321341223,7.2248489792267705,-8.31144271877915,10.302655811009753,20.0,18.612248891592284,-54.94354393171266,-52.89505238126082,FLAT
2026-10-01T22:37:13.470020+00:00,0,PERP,OP|BITGET|GATE,OP,BITGET,GATE,-9.972045440589383,-0.20550633394136864,-8.18764359120469,8.68295305143143,-20.35670593087735,0.4207598814542912,21.999999999999996,20.798202681754944,-60.96726502142761,-57.40660615441392,FLAT
2026-10-01T22:37:14.037816+00:00,0,PERP,DOT|GATE|HTX,DOT,GATE,HTX,2.298866681984535,0.13044289816970883,0.8364877454081056,11.21087431432139,-24.726813908508838,29.347587068380143,20.0,54.06196303563005,-105.62526468954698,-108.57306235860207,FLAT
2026-10-01T22:37:14.750901+00:00,0,PERP,ICP|HTX|MEXC,ICP,HTX,MEXC,-47.313797313798254,-0.6265568261206866,-36.43694407043926,17.359723475846238,-67.03229737964777,-27.522935779817903,26.0,39.697050891652644,-102.29240420086117,-80.611059182274,FLAT
2026-10-01T22:37:15.261094+00:00,0,PERP,DOT|BITGET|HTX,DOT,BITGET,HTX,2.298866681984535,-0.1484847119597178,3.8096227809846415,10.174489205393463,-24.726813908508838,29.347587068380143,21.999999999999996,54.06196303563005,-110.59839972512353,-107.59992732302555,FLAT
2026-10-01T22:37:15.809983+00:00,0,PERP,ICP|HTX|OKX,ICP,HTX,OKX,-47.313797313798254,-0.6668154003891438,-36.516619265730085,16.19215459296095,-67.03229737964777,-27.522935779817903,20.0,39.697050891652644,-96.21272900557034,-74.69073437756484,FLAT
2026-10-01T22:37:16.353497+00:00,0,PERP,DOT|HTX|OKX,DOT,HTX,OKX,-2.1305098874968564,-0.07109955424746953,-1.4706070764321078,9.281391677476446,-26.643124209981828,22.493990741998537,20.0,49.147331071841855,-100.31984820539157,-99.1119288902725,FLAT
2026-10-01T22:37:16.863452+00:00,0,PERP,UNI|HTX|OKX,UNI,HTX,OKX,-4.506324514500504,0.9166012043428249,-14.78370157728226,11.212484790646029,-13.799194127064318,4.802826510075242,20.0,18.610392833784037,-43.62588538356609,-64.19692092114153,FLAT
2026-10-01T22:37:17.333875+00:00,0,PERP,ICP|BITGET|HTX,ICP,BITGET,HTX,39.84063745019917,0.6334102246052247,28.553901898116287,17.818998042094098,18.382352941177516,61.31207847946074,21.999999999999996,42.759365468526816,-80.93091442546557,-103.51754204987125,FLAT
2026-10-01T22:37:27.761462+00:00,1,PERP,OP|GATE|OKX,OP,GATE,OKX,2.1256263086577576,0.01464030426388992,2.019852321341223,7.2248489792267705,-7.026856641354495,11.290427690544558,20.0,18.31338330677864,-53.36009226947436,-53.583958675981975,FLAT
2026-10-01T22:37:28.100324+00:00,1,PERP,OP|BITGET|GATE,OP,BITGET,GATE,-4.312087265061493,0.4463408132218672,-8.18764359120469,8.68295305143143,-15.115229986851775,6.499521869518521,21.999999999999996,21.62407302910264,-56.551659424749715,-64.31123848982584,FLAT
2026-10-01T22:37:28.550060+00:00,1,PERP,DOT|GATE|HTX,DOT,GATE,HTX,2.298866681984535,0.13044289816970883,0.8364877454081056,11.21087431432139,-24.726813908508838,29.347587068380143,20.0,54.06196303563005,-105.62526468954698,-108.57306235860207,FLAT
2026-10-01T22:37:29.273660+00:00,1,PERP,ICP|HTX|MEXC,ICP,HTX,MEXC,-47.313797313798254,-0.6265568261206866,-36.43694407043926,17.359723475846238,-67.03229737964777,-27.522935779817903,26.0,39.697050891652644,-102.29240420086117,-80.611059182274,FLAT
2026-10-01T22:37:29.752454+00:00,1,PERP,DOT|BITGET|HTX,DOT,BITGET,HTX,2.298866681984535,-0.1484847119597178,3.8096227809846415,10.174489205393463,-24.726813908508838,29.347587068380143,21.999999999999996,54.06196303563005,-110.59839972512353,-107.59992732302555,FLAT
2026-10-01T22:37:30.258506+00:00,1,PERP,ICP|HTX|OKX,ICP,HTX,OKX,-47.313797313798254,-0.6668154003891438,-36.516619265730085,16.19215459296095,-67.03229737964777,-27.522935779817903,20.0,39.697050891652644,-96.21272900557034,-74.69073437756484,FLAT
2026-10-01T22:37:30.795072+00:00,1,PERP,DOT|HTX|OKX,DOT,HTX,OKX,-2.9893759361920846,-0.1636358977765844,-1.4706070764321078,9.281391677476446,-27.173727436237137,21.30536353557755,20.0,48.49333609713964,-100.19645645694466,-97.26930670914929,FLAT
2026-10-01T22:37:31.314025+00:00,1,PERP,UNI|HTX|OKX,UNI,HTX,OKX,-5.328410122384941,0.8432824330593838,-14.78370157728226,11.212484790646029,-14.792899408284654,4.152556593897128,20.0,18.95554196143274,-44.96473979243514,-63.89180013261213,FLAT
2026-10-01T22:37:31.803949+00:00,1,PERP,ICP|BITGET|HTX,ICP,BITGET,HTX,39.84063745019917,0.6334102246052247,28.553901898116287,17.818998042094098,18.382352941177516,61.31207847946074,21.999999999999996,42.759365468526816,-80.93091442546557,-103.51754204987125,FLAT
2026-10-01T22:37:42.205829+00:00,2,PERP,OP|GATE|OKX,OP,GATE,OKX,1.5827066610696328,-0.060505854382353515,2.019852321341223,7.2248489792267705,-7.974147581398805,11.153310355067614,20.0,19.124421218020363,-55.11842112076039,-54.25787925174675,FLAT
2026-10-01T22:37:42.560978+00:00,2,PERP,OP|BITGET|GATE,OP,BITGET,GATE,-7.803387825141561,0.04425404165922358,-8.18764359120469,8.68295305143143,-20.586682914064404,4.994455933078346,21.999999999999996,25.601108110464917,-66.00014743332463,-66.78320763474795,FLAT
2026-10-01T22:37:43.016485+00:00,2,PERP,DOT|GATE|HTX,DOT,GATE,HTX,-0.5703381521227069,-0.12548761658434215,0.8364877454081056,11.21087431432139,-30.44564227089319,29.347587068380143,20.0,59.79660938737446,-117.07873940367575,-114.3077087103465,FLAT
2026-10-01T22:37:43.732885+00:00,2,PERP,ICP|HTX|MEXC,ICP,HTX,MEXC,-44.26129426129521,-0.4507185959351543,-36.43694407043926,17.359723475846238,-63.98537477148025,-24.464831804282827,26.0,39.69611052241577,-99.24454122345676,-83.66822278857221,FLAT
2026-10-01T22:37:44.216843+00:00,2,PERP,DOT|BITGET|HTX,DOT,BITGET,HTX,-6.217352021022915,-0.985501542101228,3.8096227809846415,10.174489205393463,-33.216408109438824,20.804701559804517,21.999999999999996,54.054707593460805,-119.08073848388426,-99.04978637228068,FLAT
2026-10-01T22:37:44.706124+00:00,2,PERP,ICP|HTX|OKX,ICP,HTX,OKX,-44.26129426129521,-0.47829798999892764,-36.516619265730085,16.19215459296095,-63.98537477148025,-24.464831804282827,20.0,39.69611052241577,-93.16486602816595,-77.74789798386304,FLAT
2026-10-01T22:37:45.264516+00:00,2,PERP,DOT|HTX|OKX,DOT,HTX,OKX,5.764664572398548,0.7795459883875823,-1.4706070764321078,9.281391677476446,-18.75903563209991,30.400301684725406,20.0,49.13076019871513,-92.41918875438294,-107.00166895987265,FLAT
2026-10-01T22:37:45.815733+00:00,2,PERP,UNI|HTX|OKX,UNI,HTX,OKX,-3.6274292057636437,0.9949866224858287,-14.78370157728226,11.212484790646029,-14.559572919193853,7.327466536979355,20.0,21.89495804599602,-47.67082938790762,-70.00612616025764,FLAT
2026-10-01T22:37:46.329934+00:00,2,PERP,ICP|BITGET|HTX,ICP,BITGET,HTX,36.76470588235503,0.4607893196262906,28.553901898116287,17.818998042094098,15.313935681473545,58.22862396567707,21.999999999999996,42.757487610426786,-83.99745382706952,-100.43220967798757,FLAT
2026-10-01T22:54:26.612481+00:00,0,PERP,OP|GATE|OKX,OP,GATE,OKX,5.602160305533399,0.46885207979956345,2.1942554159123784,7.268614210003967,-2.981634246659315,14.19684323546111,20.0,17.168852314357043,-48.34474197692873,-55.17144013390577,FLAT
2026-10-01T22:54:26.842169+00:00,0,PERP,OP|BITGET|GATE,OP,BITGET,GATE,-13.064684187796827,-0.5463797700949548,-8.2964906828104,8.72688515564507,-23.302619635371393,-2.8187252798417273,21.999999999999996,20.510687778602644,-63.51681673116364,-53.988453181571316,FLAT
2026-10-01T22:54:27.687285+00:00,0,PERP,DOT|GATE|HTX,DOT,GATE,HTX,-6.943728228020474,-0.6923825700580861,0.8244756504599857,11.219525468165324,-41.5006367781845,27.642640602238977,20.0,69.19130939292688,-137.51642182157138,-122.00947434470588,FLAT
2026-10-01T22:54:28.448113+00:00,0,PERP,ICP|HTX|MEXC,ICP,HTX,MEXC,-22.914757103573713,0.7404377490809658,-35.97053821097139,17.632516877485735,-51.79768433881904,6.127450980393245,26.0,58.05773522343941,-105.88488135128705,-132.15572441480404,FLAT
2026-10-01T22:54:28.951032+00:00,0,PERP,DOT|BITGET|HTX,DOT,BITGET,HTX,-8.920631186176697,-1.2484130701243499,3.7976106860365215,10.187527010548202,-38.975143106699804,21.17773400114986,21.999999999999996,60.206553183084985,-130.97930697582132,-105.58667649819832,FLAT
2026-10-01T22:54:29.511398+00:00,0,PERP,ICP|HTX|OKX,ICP,HTX,OKX,-19.859456156431364,0.9769394245000161,-36.050135520507794,16.572859031011664,-48.75076173065263,9.191176470588758,20.0,58.05679773126757,-96.75742394141241,-129.29810972236413,FLAT
2026-10-01T22:54:30.114545+00:00,0,PERP,DOT|HTX|OKX,DOT,HTX,OKX,13.295208844699147,1.5545860388794306,-1.3400655164489157,9.41425819808429,-10.915709152831132,37.616844030254896,20.0,48.46786157006918,-84.04350520645139,-113.42477111677299,FLAT
2026-10-01T22:54:30.661605+00:00,0,PERP,UNI|HTX|OKX,UNI,HTX,OKX,-4.257828545329856,0.898344985311477,-14.570263087242532,11.479370075558574,-14.248003622748806,5.75124756551082,20.0,20.007752283017584,-45.685492818523855,-66.32926293577094,FLAT
2026-10-01T22:54:31.522372+00:00,0,PERP,ICP|BITGET|HTX,ICP,BITGET,HTX,14.389960516483224,-0.7628624560906545,28.17089713769765,18.064772373038075,-14.074647802472251,42.872080991736006,21.999999999999996,56.864895049448926,-127.11043998961881,-99.56607890348727,FLAT
2026-10-01T22:54:41.764181+00:00,1,PERP,OP|GATE|OKX,OP,GATE,OKX,6.052288056679345,0.5307796684899116,2.1942554159123784,7.268614210003967,-3.6493380711921652,15.768134490283803,20.0,19.405717248220792,-51.24931073532534,-58.97959632259222,FLAT
2026-10-01T22:54:41.992858+00:00,1,PERP,OP|BITGET|GATE,OP,BITGET,GATE,-11.79056262657796,-0.40038019080695547,-8.2964906828104,8.72688515564507,-23.013332710636327,-0.5589972681641076,21.999999999999996,22.480838170432087,-65.19768019825801,-58.218331585078374,FLAT
2026-10-01T22:54:42.538097+00:00,1,PERP,DOT|GATE|HTX,DOT,GATE,HTX,-14.411707944597119,-1.3580060616902905,0.8244756504599857,11.219525468165324,-41.43490868425581,12.63453047684937,20.0,54.1474650905892,-122.40684942530501,-91.9575199169786,FLAT
2026-10-01T22:54:43.327067+00:00,1,PERP,ICP|HTX|MEXC,ICP,HTX,MEXC,-21.98979055466399,0.792895747864496,-35.97053821097139,17.632516877485735,-48.75076173065263,4.907242647058663,26.0,53.77591146462117,-98.55613498430242,-126.65369232265122,FLAT
2026-10-01T22:54:43.828075+00:00,1,PERP,DOT|BITGET|HTX,DOT,BITGET,HTX,-14.411707944597119,-1.7874130406505568,3.7976106860365215,10.187527010548202,-41.43490868425581,12.63453047684937,21.999999999999996,54.1474650905892,-127.37998446088153,-90.98438488140204,FLAT
2026-10-01T22:54:44.711350+00:00,1,PERP,ICP|HTX|OKX,ICP,HTX,OKX,-21.98979055466399,0.8483958585258968,-36.050135520507794,16.572859031011664,-48.75076173065263,4.907242647058663,20.0,53.77591146462117,-92.476537674766,-120.73328963218763,FLAT
2026-10-01T22:54:45.611720+00:00,1,PERP,DOT|HTX|OKX,DOT,HTX,OKX,17.258977584053703,1.9756249201118514,-1.3400655164489157,9.41425819808429,-7.097245606665359,41.72658244740779,20.0,48.73945464383644,-80.49663473405288,-117.80610260769315,FLAT
2026-10-01T22:54:46.163661+00:00,1,PERP,UNI|HTX|OKX,UNI,HTX,OKX,-4.257828545329856,0.898344985311477,-14.570263087242532,11.479370075558574,-14.248003622748806,5.75124756551082,20.0,20.007752283017584,-45.685492818523855,-66.32926293577094,FLAT
2026-10-01T22:54:47.043635+00:00,1,PERP,ICP|BITGET|HTX,ICP,BITGET,HTX,15.32369851053872,-0.7111741217582987,28.17089713769765,18.064772373038075,-13.175452979127256,43.84090890725556,21.999999999999996,56.929119699872416,-126.27546981669732,-100.59913146943032,FLAT
2026-10-01T22:54:57.312999+00:00,2,PERP,OP|GATE|OKX,OP,GATE,OKX,3.819480522442298,0.22359490538004942,2.1942554159123784,7.268614210003967,-5.702235685728363,13.35515897529449,20.0,19.050108279946052,-52.94659938158679,-56.211011839328165,FLAT
2026-10-01T22:54:57.539321+00:00,2,PERP,OP|BITGET|GATE,OP,BITGET,GATE,-11.749267167399102,-0.3956482092989662,-8.2964906828104,8.72688515564507,-22.987782310371905,-0.5019444106835191,21.999999999999996,22.512284734570528,-65.20357636213203,-58.30683100669741,FLAT
2026-10-01T22:54:58.083323+00:00,2,PERP,DOT|GATE|HTX,DOT,GATE,HTX,-5.821157416047162,-0.592327463881044,0.8244756504599857,11.219525468165324,-32.9502112264568,21.33105802047952,20.0,54.31287574389427,-114.08756262081106,-100.81945811391381,FLAT
2026-10-01T22:54:59.608413+00:00,2,PERP,ICP|HTX|MEXC,ICP,HTX,MEXC,-28.09908809603523,0.44641670668053657,-35.97053821097139,17.632516877485735,-54.84460694698434,-1.217585784313302,26.0,53.77778702331787,-104.65185575933083,-120.53073944997595,FLAT
2026-10-01T22:55:00.454903+00:00,2,PERP,DOT|BITGET|HTX,DOT,BITGET,HTX,-10.502907540886897,-1.4037281287319887,3.7976106860365215,10.187527010548202,-41.43490868425581,20.479244880546865,21.999999999999996,61.97920913190596,-135.2117285021983,-106.66084332641631,FLAT
2026-10-01T22:55:00.962061+00:00,2,PERP,ICP|HTX|OKX,ICP,HTX,OKX,-25.044439325350165,0.6640795154634103,-36.050135520507794,16.572859031011664,-51.79768433881904,1.8448284313743457,20.0,53.776848956793,-95.52439777510425,-117.67181290867515,FLAT
2026-10-01T22:55:01.964825+00:00,2,PERP,DOT|HTX|OKX,DOT,HTX,OKX,9.987374010338446,1.203221675935379,-1.3400655164489157,9.41425819808429,-14.097404478836673,34.182663030384305,20.0,48.231643809851136,-86.9889827722389,-109.75437235668436,FLAT
2026-10-01T22:55:02.511405+00:00,2,PERP,UNI|HTX|OKX,UNI,HTX,OKX,-5.363368795447965,0.8020382853060489,-14.570263087242532,11.479370075558574,-15.352500027614457,4.644661495221136,20.0,20.00787462262142,-46.79011156299334,-65.22279920508508,FLAT
2026-10-01T22:55:03.015548+00:00,2,PERP,ICP|BITGET|HTX,ICP,BITGET,HTX,27.61181284815617,-0.03094886987759237,28.17089713769765,18.064772373038075,-13.340482570578516,68.59870032453142,21.999999999999996,81.71354238751194,-151.2249220957881,-150.1413455743457,FLAT
2026-10-01T23:11:30.554325+00:00,0,PERP,OP|GATE|OKX,OP,GATE,OKX,5.4283413494493615,0.4362878308462123,2.269429047763095,7.240431839593884,-4.717794957026511,15.590314101927571,20.0,20.297078762360076,-53.28430276714968,-59.61796381652455,FLAT
2026-10-01T23:11:30.916813+00:00,0,PERP,OP|BITGET|GATE,OP,BITGET,GATE,-12.784336652322814,-0.4656975057426053,-8.695351435441843,8.780345968056324,-26.586766688070362,1.0335954358620114,21.999999999999996,27.65570941328458,-73.54712466591309,-65.38465628458843,FLAT
2026-10-01T23:11:31.376260+00:00,0,PERP,DOT|GATE|HTX,DOT,GATE,HTX,2.476438121052915,0.20693829703413366,0.2594325097803052,10.713365496126237,-24.611537002301453,29.587565359898704,20.0,54.185673725557244,-105.05664323763901,-109.51380657567566,FLAT
2026-10-01T23:11:32.117053+00:00,0,PERP,ICP|HTX|MEXC,ICP,HTX,MEXC,-42.00105713270563,-0.3103410799147503,-36.64120093910303,17.270856294870594,-67.07317073170849,-16.809803801348664,26.0,50.47508522616513,-112.90705501877059,-102.3064823639195,FLAT
2026-10-01T23:11:32.582602+00:00,0,PERP,DOT|BITGET|HTX,DOT,BITGET,HTX,2.476438121052915,-0.0818152735105375,3.232639241793684,9.24278668631931,-24.611537002301453,29.587565359898704,21.999999999999996,54.185673725557244,-110.02984996965237,-108.54059984366225,FLAT
2026-10-01T23:11:33.108638+00:00,0,PERP,ICP|HTX|OKX,ICP,HTX,OKX,-42.00105713270563,-0.33007325339684696,-36.6322813462662,16.265406939787873,-67.07317073170849,-16.809803801348664,20.0,50.47508522616513,-106.91597461160742,-96.29756277108267,FLAT
2026-10-01T23:11:33.702210+00:00,0,PERP,DOT|HTX|OKX,DOT,HTX,OKX,-2.1461502876152228,-0.13337990221981766,-0.9772662569602137,8.763569407395588,-26.091563357475422,21.908805182142554,20.0,48.01042230934058,-99.1247194098558,-96.89649374844335,FLAT
2026-10-01T23:11:34.204584+00:00,0,PERP,UNI|HTX|OKX,UNI,HTX,OKX,-7.319268104633014,0.6684107668650603,-14.870410639557472,11.297158737194447,-15.757327728667114,1.132126598308858,20.0,16.90181468957346,-43.7887317786831,-58.904351927439784,FLAT
2026-10-01T23:11:34.701824+00:00,0,PERP,ICP|BITGET|HTX,ICP,BITGET,HTX,34.06928643743923,0.2989379788306916,28.717084973769474,17.904053157130175,6.807834213862218,61.34969325153561,21.999999999999996,54.35666317774396,-104.2659139376512,-114.98927145551009,FLAT
2026-10-01T23:11:45.090315+00:00,1,PERP,OP|GATE|OKX,OP,GATE,OKX,3.5842815324516053,0.18159862751532516,2.269429047763095,7.240431839593884,-6.09995222090598,13.28232603965862,20.0,19.375323758262383,-53.744705026931456,-56.388220750157906,FLAT
2026-10-01T23:11:45.429079+00:00,1,PERP,OP|BITGET|GATE,OP,BITGET,GATE,-13.05494380470007,-0.496517151501639,-8.695351435441843,8.780345968056324,-24.087826230634324,-2.0133945426081823,21.999999999999996,22.103283998312907,-65.49575879350539,-56.785240891146564,FLAT
2026-10-01T23:11:45.903601+00:00,1,PERP,DOT|GATE|HTX,DOT,GATE,HTX,2.476438121052915,0.20693829703413366,0.2594325097803052,10.713365496126237,-24.611537002301453,29.587565359898704,20.0,54.185673725557244,-105.05664323763901,-109.51380657567566,FLAT
2026-10-01T23:11:46.718540+00:00,1,PERP,ICP|HTX|MEXC,ICP,HTX,MEXC,-42.00105713270563,-0.3103410799147503,-36.64120093910303,17.270856294870594,-67.07317073170849,-16.809803801348664,26.0,50.47508522616513,-112.90705501877059,-102.3064823639195,FLAT
2026-10-01T23:11:47.176304+00:00,1,PERP,DOT|BITGET|HTX,DOT,BITGET,HTX,2.476438121052915,-0.0818152735105375,3.232639241793684,9.24278668631931,-24.611537002301453,29.587565359898704,21.999999999999996,54.185673725557244,-110.02984996965237,-108.54059984366225,FLAT
2026-10-01T23:11:47.685990+00:00,1,PERP,ICP|HTX|OKX,ICP,HTX,OKX,-42.00105713270563,-0.33007325339684696,-36.6322813462662,16.265406939787873,-67.07317073170849,-16.809803801348664,20.0,50.47508522616513,-106.91597461160742,-96.29756277108267,FLAT
2026-10-01T23:11:48.187040+00:00,1,PERP,DOT|HTX|OKX,DOT,HTX,OKX,-2.2172442691392735,-0.141492347984674,-0.9772662569602137,8.763569407395588,-26.091563357475422,21.76629198747948,20.0,47.86821965229769,-98.9825167528129,-96.61177789673738,FLAT
2026-10-01T23:11:48.703250+00:00,1,PERP,UNI|HTX|OKX,UNI,HTX,OKX,-7.405419985986317,0.6607847890986633,-14.870410639557472,11.297158737194447,-15.757327728667114,0.959542333331953,20.0,16.729248578566533,-43.61616566767618,-58.559201551455956,FLAT
2026-10-01T23:11:49.204255+00:00,1,PERP,ICP|BITGET|HTX,ICP,BITGET,HTX,34.06928643743923,0.2989379788306916,28.717084973769474,17.904053157130175,6.807834213862218,61.34969325153561,21.999999999999996,54.35666317774396,-104.2659139376512,-114.98927145551009,FLAT
2026-10-01T23:11:59.604465+00:00,2,PERP,OP|GATE|OKX,OP,GATE,OKX,7.621899012542066,0.7392473381918047,2.269429047763095,7.240431839593884,-3.7840591903348653,19.046381063403395,20.0,22.81303735742223,-54.866525595520194,-65.58998937306254,FLAT
2026-10-01T23:11:59.946202+00:00,2,PERP,OP|BITGET|GATE,OP,BITGET,GATE,-10.64591692246264,-0.2221513245738979,-8.695351435441843,8.780345968056324,-23.149656676075825,1.8676450933319266,21.999999999999996,25.043959504231985,-67.49826474486596,-63.606956033005744,FLAT
2026-10-01T23:12:00.416927+00:00,2,PERP,DOT|GATE|HTX,DOT,GATE,HTX,-6.06174065668541,-0.590026837855139,0.2594325097803052,10.713365496126237,-33.12296060554054,21.022588788284224,20.0,54.17838106013536,-113.5607741754562,-100.94153733863928,FLAT
2026-10-01T23:12:01.166236+00:00,2,PERP,ICP|HTX|MEXC,ICP,HTX,MEXC,-38.9450500917754,-0.13339518975423403,-36.64120093910303,17.270856294870594,-64.02439024390306,-13.746535867565912,26.0,50.474143702394116,-109.85733300719414,-105.36880877393124,FLAT
2026-10-01T23:12:01.657439+00:00,2,PERP,DOT|BITGET|HTX,DOT,BITGET,HTX,-6.06174065668541,-1.0055819974982383,3.232639241793684,9.24278668631931,-33.12296060554054,21.022588788284224,21.999999999999996,54.17838106013536,-118.53398090746958,-99.9683306066259,FLAT
2026-10-01T23:12:02.208764+00:00,2,PERP,ICP|HTX|OKX,ICP,HTX,OKX,-38.9450500917754,-0.14218941795128337,-36.6322813462662,16.265406939787873,-64.02439024390306,-13.746535867565912,20.0,50.474143702394116,-103.86625260003098,-99.3598891810944,FLAT
2026-10-01T23:12:03.453736+00:00,2,PERP,DOT|HTX|OKX,DOT,HTX,OKX,3.1703287881357234,0.47327690947432627,-0.9772662569602137,8.763569407395588,-21.615132928626267,28.06917585143731,20.0,49.66830353631576,-96.30617020798181,-104.71474564471329,FLAT
2026-10-01T23:12:04.001411+00:00,2,PERP,UNI|HTX|OKX,UNI,HTX,OKX,-4.822603114100765,0.8894101392393104,-14.870410639557472,11.297158737194447,-15.915483484947313,6.293719156020838,20.0,22.219893670794516,-49.26496651618436,-69.38402346637284,FLAT
2026-10-01T23:12:04.496004+00:00,2,PERP,ICP|BITGET|HTX,ICP,BITGET,HTX,31.403340749698305,0.15003618188315349,28.717084973769474,17.904053157130175,4.558809393511165,58.26433609322335,21.999999999999996,53.53739634248585,-105.69567192274415,-111.08464746193972,FLAT
2026-10-01T23:29:09.778512+00:00,0,PERP,OP|GATE|OKX,OP,GATE,OKX,3.109361932944754,0.1224983301395542,2.2254269332886647,7.215894279122671,-6.7026246955559365,12.93480018980997,20.0,19.63131158571185,-54.55936321455645,-56.34068484223315,FLAT
2026-10-01T23:29:10.079071+00:00,0,PERP,OP|BITGET|GATE,OP,BITGET,GATE,-9.522480291075386,-0.11094470839605185,-8.553287131923286,8.735821411979938,-23.255708104451543,4.230028750640269,21.999999999999996,27.5119215023485,-70.21434247487676,-68.29523738491206,FLAT
2026-10-01T23:29:10.474912+00:00,0,PERP,DOT|GATE|HTX,DOT,GATE,HTX,-13.438066711990437,-1.280099613864345,0.27144450216622257,10.709722169800987,-39.619808537318946,12.76595744680975,20.0,52.4562475617369,-118.34750060122207,-90.95076050638043,FLAT
2026-10-01T23:29:11.194993+00:00,0,PERP,ICP|HTX|MEXC,ICP,HTX,MEXC,-25.663717398881623,0.6045330085302071,-36.17488584707553,17.38725313568827,-51.82926829268353,0.631757129712085,26.0,52.595683733216774,-100.25006617882477,-121.40232671000439,FLAT
2026-10-01T23:29:11.637009+00:00,0,PERP,DOT|BITGET|HTX,DOT,BITGET,HTX,-13.438066711990437,-1.8233709185907567,3.362824389966734,9.214192751819366,-39.619808537318946,12.76595744680975,21.999999999999996,52.4562475617369,-123.43888048902258,-89.85938061857992,FLAT
2026-10-01T23:29:12.129293+00:00,0,PERP,ICP|HTX|OKX,ICP,HTX,OKX,-25.663717398881623,0.6453950872585128,-36.20845291342771,16.33841924539224,-51.82926829268353,0.631757129712085,20.0,52.595683733216774,-94.21649911247259,-115.43589377635658,FLAT
2026-10-01T23:29:12.637275+00:00,0,PERP,DOT|HTX|OKX,DOT,HTX,OKX,12.924056683558671,1.59265333488658,-1.0246223649085073,8.758138851014008,-9.959984045991854,35.90889250169704,20.0,45.80945066066746,-80.74481234175082,-108.74296552727301,FLAT
2026-10-01T23:29:13.081998+00:00,0,PERP,UNI|HTX|OKX,UNI,HTX,OKX,-8.145290663384985,0.5846485024482638,-14.797929208437454,11.378868700071918,-17.93972057973603,1.6672851177546022,20.0,19.622972385256883,-48.76476375655546,-62.08818671144894,FLAT
2026-10-01T23:29:13.526962+00:00,0,PERP,ICP|BITGET|HTX,ICP,BITGET,HTX,16.362780009779865,-0.6573565004083959,28.205654960263516,18.015909089095533,-10.131376558699667,42.86589099816274,21.999999999999996,52.91068944676567,-119.24772096572886,-95.5709254846649,FLAT
2026-10-01T23:29:23.887331+00:00,1,PERP,OP|GATE|OKX,OP,GATE,OKX,2.368972648087997,0.01989299028599195,2.2254269332886647,7.215894279122671,-6.696087107854742,11.446238580106183,20.0,18.13802062815642,-53.05953466929982,-53.358832274973935,FLAT
2026-10-01T23:29:24.191982+00:00,1,PERP,OP|BITGET|GATE,OP,BITGET,GATE,-9.09913849378774,-0.06248426291268915,-8.553287131923286,8.735821411979938,-19.851709922910075,1.661846528000499,21.999999999999996,21.533146468688265,-60.83156925967505,-59.748280128612045,FLAT
2026-10-01T23:29:24.578343+00:00,1,PERP,DOT|GATE|HTX,DOT,GATE,HTX,-4.968164626010241,-0.48923856707982444,0.27144450216622257,10.709722169800987,-31.20869677148974,21.29471890971235,20.0,52.52950368812714,-110.0096449617831,-99.55277809567326,FLAT
2026-10-01T23:29:25.612304+00:00,1,PERP,ICP|HTX|MEXC,ICP,HTX,MEXC,-31.77637943816425,0.2529730472424716,-36.17488584707553,17.38725313568827,-57.92682926829329,-5.496080956762794,26.0,52.597562742803035,-106.3495061640208,-115.27636763311577,FLAT
2026-10-01T23:29:26.063002+00:00,1,PERP,DOT|BITGET|HTX,DOT,BITGET,HTX,-4.968164626010241,-0.9041474647176226,3.362824389966734,9.214192751819366,-31.20869677148974,21.29471890971235,21.999999999999996,52.52950368812714,-115.10102484958361,-98.46139820787275,FLAT
2026-10-01T23:29:26.542589+00:00,1,PERP,ICP|HTX|OKX,ICP,HTX,OKX,-31.77637943816425,0.2712669695089014,-36.20845291342771,16.33841924539224,-57.92682926829329,-5.496080956762794,20.0,52.597562742803035,-100.3159390976686,-109.30993469946796,FLAT
2026-10-01T23:29:27.028736+00:00,1,PERP,DOT|HTX|OKX,DOT,HTX,OKX,6.893092649151722,0.904040818346186,-1.0246223649085073,8.758138851014008,-16.14959626009327,30.03742821206412,20.0,46.15498571277977,-87.27995960796453,-103.21703628975239,FLAT
2026-10-01T23:29:27.478750+00:00,1,PERP,UNI|HTX|OKX,UNI,HTX,OKX,-8.972649194393112,0.511938415635952,-14.797929208437454,11.378868700071918,-19.318809251190892,1.393542096170819,20.0,20.730933113878063,-51.251813156631506,-62.92240441848634,FLAT
2026-10-01T23:29:27.921894+00:00,1,PERP,ICP|BITGET|HTX,ICP,BITGET,HTX,23.810021383920965,-0.24398622098970793,28.205654960263516,18.015909089095533,-3.6943108752829357,51.32910327919183,21.999999999999996,54.89271053949549,-114.79267637504194,-106.0161588584238,FLAT
2026-10-01T23:29:38.329456+00:00,2,PERP,OP|GATE|OKX,OP,GATE,OKX,2.600913320294218,0.05203601556246831,2.2254269332886647,7.215894279122671,-6.216280357259629,11.429310368258339,20.0,17.640995342404683,-52.08270263295297,-52.844878777374355,FLAT
2026-10-01T23:29:40.066358+00:00,2,PERP,OP|BITGET|GATE,OP,BITGET,GATE,-7.772009732597285,0.08943376500973223,-8.553287131923286,8.735821411979938,-18.019965663195194,2.483964942860961,21.999999999999996,20.519875537297253,-57.98655406856916,-59.5571276120815,FLAT
2026-10-01T23:29:40.484283+00:00,2,PERP,DOT|GATE|HTX,DOT,GATE,HTX,-5.044793721785679,-0.496393663594981,0.27144450216622257,10.709722169800987,-31.20869677148974,21.1413954463624,20.0,52.376505597020085,-109.85664687067604,-99.24645654121626,FLAT
2026-10-01T23:29:41.188005+00:00,2,PERP,ICP|HTX|MEXC,ICP,HTX,MEXC,-28.720048418521273,0.428753027886435,-36.17488584707553,17.38725313568827,-54.87804878048897,-2.4321619135247996,26.0,52.596622950039084,-103.29978588345253,-118.33934688358983,FLAT
2026-10-01T23:29:42.132281+00:00,2,PERP,DOT|BITGET|HTX,DOT,BITGET,HTX,-5.044793721785679,-0.9124638845971945,3.362824389966734,9.214192751819366,-31.20869677148974,21.1413954463624,21.999999999999996,52.376505597020085,-114.94802675847656,-98.15507665341575,FLAT
2026-10-01T23:29:42.681410+00:00,2,PERP,ICP|HTX|OKX,ICP,HTX,OKX,-31.77637943816425,0.2712669695089014,-36.20845291342771,16.33841924539224,-57.92682926829329,-5.496080956762794,20.0,52.597562742803035,-100.3159390976686,-109.30993469946796,FLAT
2026-10-01T23:29:43.180134+00:00,2,PERP,DOT|HTX|OKX,DOT,HTX,OKX,6.9292827125622125,0.9081729820428487,-1.0246223649085073,8.758138851014008,-15.9968433489166,29.956188930237992,20.0,45.92099130384577,-86.89321228785386,-102.90180259899226,FLAT
2026-10-01T23:29:43.630584+00:00,2,PERP,UNI|HTX|OKX,UNI,HTX,OKX,-8.388721628149742,0.563255254034806,-14.797929208437454,11.378868700071918,-19.262841399404486,2.5079034936204003,20.0,21.788999813680665,-52.253912004647695,-65.09483251573852,FLAT
2026-10-01T23:29:44.104586+00:00,2,PERP,ICP|BITGET|HTX,ICP,BITGET,HTX,20.739941708880494,-0.41439558861349857,28.205654960263516,18.015909089095533,-6.755029089958731,48.24965196078557,21.999999999999996,54.890833831650376,-117.85151788187261,-102.93483083217242,FLAT
2026-10-01T23:46:50.681795+00:00,0,PERP,OP|GATE|OKX,OP,GATE,OKX,1.80949629368099,-0.04089699789167217,2.1058075391574342,7.245305542018329,-7.702768791120196,11.335119462270171,20.0,19.03443460669948,-54.84301093697711,-54.26374652981222,FLAT
2026-10-01T23:46:51.118009+00:00,0,PERP,OP|BITGET|GATE,OP,BITGET,GATE,-9.767554770593323,-0.13655268275599308,-8.575175561546322,8.732008664946346,-20.646654201221804,1.1200706000225047,21.999999999999996,21.788003012945293,-61.85948165262077,-59.483249174514114,FLAT
2026-10-01T23:46:51.510716+00:00,0,PERP,DOT|GATE|HTX,DOT,GATE,HTX,-10.048934582100877,-0.9413218732127923,0.12972114615716598,10.813151184427102,-32.53830545787429,12.459576183776466,20.0,45.043137054244,-103.71116365827545,-83.3729920918633,FLAT
2026-10-01T23:46:52.575080+00:00,0,PERP,ICP|HTX|MEXC,ICP,HTX,MEXC,-29.632506513597168,0.39957837755043374,-36.51058720673322,17.21334556514615,-57.61067313523216,-1.5050350930734258,26.0,56.271988728862716,-109.37207465736165,-123.27754084252251,FLAT
2026-10-01T23:46:52.993685+00:00,0,PERP,DOT|BITGET|HTX,DOT,BITGET,HTX,-10.048934582100877,-1.4343232108886084,3.2209804183355266,9.251690901812342,-32.53830545787429,12.459576183776466,21.999999999999996,45.043137054244,-108.80242293045382,-82.28173281968493,FLAT
2026-10-01T23:46:53.431139+00:00,0,PERP,ICP|HTX|OKX,ICP,HTX,OKX,-26.592296879969226,0.6136914888229158,-36.54383181817353,16.21585946595371,-54.5785324439052,1.5432865425668574,20.0,56.27105922259349,-100.30575984832517,-120.35817758333388,FLAT
2026-10-01T23:46:53.879619+00:00,0,PERP,DOT|HTX|OKX,DOT,HTX,OKX,8.950698742715701,1.1220121435818586,-0.9182182371127013,8.795730987655212,-10.543273798254704,28.516025042750748,20.0,39.02423907077548,-74.64929463191748,-94.45848235063893,FLAT
2026-10-01T23:46:54.384821+00:00,0,PERP,UNI|HTX|OKX,UNI,HTX,OKX,-15.641159881751854,-0.05997978244105099,-14.967045240290206,11.239031120597636,-20.105639325227465,-11.173184357541333,20.0,8.946446879954554,-40.08504096489181,-38.740307762703424,FLAT
2026-10-01T23:46:54.812786+00:00,0,PERP,ICP|BITGET|HTX,ICP,BITGET,HTX,17.21526196631018,-0.6409997439375326,28.670936101090078,17.87157365213595,-13.155302208112118,47.60841974406071,21.999999999999996,60.659286999617514,-130.48552530881972,-107.59677064258814,FLAT
2026-10-01T23:47:05.131064+00:00,1,PERP,OP|GATE|OKX,OP,GATE,OKX,2.0821686465799516,-0.0032626495101402636,2.1058075391574342,7.245305542018329,-6.934627837192897,11.111428358732134,20.0,18.04229087915303,-53.08272625550336,-53.04791169872773,FLAT
2026-10-01T23:47:05.423333+00:00,1,PERP,OP|BITGET|GATE,OP,BITGET,GATE,-11.811258200187247,-0.37060002604347037,-8.575175561546322,8.732008664946346,-22.617546833395565,-0.9965006887402428,21.999999999999996,21.646610197649615,-63.68898146949885,-57.22528507045568,FLAT
2026-10-01T23:47:05.864115+00:00,1,PERP,DOT|GATE|HTX,DOT,GATE,HTX,-1.5432291198480552,-0.15471440632538022,0.12972114615716598,10.813151184427102,-24.05535933486025,20.988076674564038,20.0,45.050380151981166,-95.23546063299858,-91.90873568038803,FLAT
2026-10-01T23:47:06.568997+00:00,1,PERP,ICP|HTX|MEXC,ICP,HTX,MEXC,-26.592296879969226,0.5761977117828102,-36.51058720673322,17.21334556514615,-54.5785324439052,1.5432865425668574,26.0,56.27105922259349,-106.33900445976548,-126.32493297189357,FLAT
2026-10-01T23:47:06.996415+00:00,1,PERP,DOT|BITGET|HTX,DOT,BITGET,HTX,-7.345914666024855,-1.142158249395297,3.2209804183355266,9.251690901812342,-32.53830545787429,17.88157037079463,21.999999999999996,50.45691662205615,-114.21620249826596,-93.11750657451525,FLAT
2026-10-01T23:47:07.531473+00:00,1,PERP,ICP|HTX|OKX,ICP,HTX,OKX,-26.592296879969226,0.6136914888229158,-36.54383181817353,16.21585946595371,-54.5785324439052,1.5432865425668574,20.0,56.27105922259349,-100.30575984832517,-120.35817758333388,FLAT
2026-10-01T23:47:07.985329+00:00,1,PERP,DOT|HTX|OKX,DOT,HTX,OKX,7.390251689436411,0.9446025507385378,-0.9182182371127013,8.795730987655212,-12.325218068309773,27.1778859521854,20.0,39.473800058192175,-76.88079988938925,-93.56990424749029,FLAT
2026-10-01T23:47:08.531640+00:00,1,PERP,UNI|HTX|OKX,UNI,HTX,OKX,-15.262650318710325,-0.026301651383308894,-14.967045240290206,11.239031120597636,-19.34936445525892,-11.173184357541333,20.0,8.188677263311128,-38.570996478279845,-37.98253814606,FLAT
2026-10-01T23:47:09.044314+00:00,1,PERP,ICP|BITGET|HTX,ICP,BITGET,HTX,17.777546262953692,-0.6095372489391523,28.670936101090078,17.87157365213595,-13.169083277646543,48.75076173065152,21.999999999999996,61.80995066760436,-131.64997004634097,-109.8897762971658,FLAT
2026-10-01T23:47:19.381824+00:00,2,PERP,OP|GATE|OKX,OP,GATE,OKX,4.380495540248219,0.313953357508388,2.1058075391574342,7.245305542018329,-4.03342098695969,12.806075837283881,20.0,16.83211544474393,-48.97134397086106,-53.53238374287038,FLAT
2026-10-01T23:47:19.678076+00:00,2,PERP,OP|BITGET|GATE,OP,BITGET,GATE,-11.92719648188234,-0.38387741571905726,-8.575175561546322,8.732008664946346,-25.848641374093262,2.013811807624055,21.999999999999996,27.895711208292596,-73.16917702083953,-66.48469857746298,FLAT
2026-10-01T23:47:20.062551+00:00,2,PERP,DOT|GATE|HTX,DOT,GATE,HTX,-10.048934582100877,-0.9413218732127923,0.12972114615716598,10.813151184427102,-32.53830545787429,12.459576183776466,20.0,45.043137054244,-103.71116365827545,-83.3729920918633,FLAT
2026-10-01T23:47:20.737142+00:00,2,PERP,ICP|HTX|MEXC,ICP,HTX,MEXC,-25.06838140642231,0.6647287569407347,-36.51058720673322,17.21334556514615,-54.56198848135752,4.591608178210471,26.0,59.301788657755594,-109.35318993237989,-132.40398404269928,FLAT
2026-10-01T23:47:21.225168+00:00,2,PERP,DOT|BITGET|HTX,DOT,BITGET,HTX,-10.048934582100877,-1.4343232108886084,3.2209804183355266,9.251690901812342,-32.53830545787429,12.459576183776466,21.999999999999996,45.043137054244,-108.80242293045382,-82.28173281968493,FLAT
2026-10-01T23:47:21.685069+00:00,2,PERP,ICP|HTX|OKX,ICP,HTX,OKX,-26.593243407248004,0.6136331183565976,-36.54383181817353,16.21585946595371,-57.593210063653366,4.581603596607309,20.0,62.340104327635416,-109.38948257311526,-129.46553974241624,FLAT
2026-10-01T23:47:22.134485+00:00,2,PERP,DOT|HTX|OKX,DOT,HTX,OKX,9.672762261214718,1.2041046404433964,-0.9182182371127013,8.795730987655212,-9.302607832957221,28.717587874680373,20.0,37.98332845527769,-72.36771805112221,-93.61913456707077,FLAT
2026-10-01T23:47:22.583487+00:00,2,PERP,UNI|HTX|OKX,UNI,HTX,OKX,-13.407397626563622,0.13877064641882136,-14.967045240290206,11.239031120597636,-17.872751001997145,-8.938547486032622,20.0,8.946196668961788,-37.85190243066873,-40.974694423219375,FLAT
2026-10-01T23:47:23.080604+00:00,2,PERP,ICP|BITGET|HTX,ICP,BITGET,HTX,17.499582548716752,-0.625090647853395,28.670936101090078,17.87157365213595,-13.717729625580821,48.73591227535723,21.999999999999996,62.344535774940276,-132.73320150161118,-110.40951194920743,FLAT
2026-10-01T23:59:34.290244+00:00,0,PERP,OP|GATE|OKX,OP,GATE,OKX,2.9378978288763236,0.1002966089386654,2.2144845571824927,7.212739088080449,-6.922909436902769,12.814128231013466,20.0,19.731228782375844,-54.86862277646111,-56.33087245620682,FLAT
2026-10-01T23:59:34.680467+00:00,0,PERP,OP|BITGET|GATE,OP,BITGET,GATE,-11.322147159388285,-0.3146242821262305,-8.574835946073865,8.732038082846291,-23.02030727898252,0.3851450133840473,21.999999999999996,23.431978760509747,-65.8774500934184,-60.39195971996766,FLAT
2026-10-01T23:59:35.073587+00:00,0,PERP,DOT|GATE|HTX,DOT,GATE,HTX,-1.741341899000881,-0.19667609815767742,0.365926739505609,10.714411452361992,-32.88092767351092,29.45124742576244,20.0,62.342986073604024,-121.58984048662055,-117.42830675986085,FLAT
2026-10-01T23:59:35.754366+00:00,0,PERP,ICP|HTX|MEXC,ICP,HTX,MEXC,-35.46653449612247,0.04824477960253183,-36.299663813986626,17.26879726113277,-60.49606775559435,-10.318297354819927,26.0,50.35608517012892,-106.55248911173665,-108.33745162929563,FLAT
2026-10-01T23:59:36.350197+00:00,0,PERP,DOT|BITGET|HTX,DOT,BITGET,HTX,2.51142656467529,-0.08987355089763521,3.3391334715189878,9.209682922025026,-24.405486285477007,29.45124742576244,21.999999999999996,53.843201642603965,-109.58782139959996,-107.95531559684741,FLAT
2026-10-01T23:59:36.896872+00:00,0,PERP,ICP|HTX|OKX,ICP,HTX,OKX,-35.46653449612247,0.05336130313410933,-36.332895629006806,16.23575666259442,-60.49606775559435,-10.318297354819927,20.0,50.35608517012892,-100.51925729671646,-102.3706834443158,FLAT
2026-10-01T23:59:37.544058+00:00,0,PERP,DOT|HTX|OKX,DOT,HTX,OKX,-0.3628986914094856,0.07688843003254976,-1.0364115596553831,8.759612700646564,-24.133332639993952,23.515546172494517,20.0,47.65036319780046,-96.74728427813903,-98.20232092995036,FLAT
2026-10-01T23:59:38.147374+00:00,0,PERP,UNI|HTX|OKX,UNI,HTX,OKX,-9.125028506536959,0.5001247551992997,-14.808754892665043,11.364617182093136,-20.351620270215864,2.1253555278355485,20.0,22.497479627811224,-54.04034500536204,-65.43159004831182,FLAT
2026-10-01T23:59:38.748282+00:00,0,PERP,ICP|BITGET|HTX,ICP,BITGET,HTX,27.964620757179315,-0.025313217081648857,28.416317646503124,17.844309866535013,1.2009955442993103,54.744525547443246,21.999999999999996,53.394210169638455,-108.60953227184227,-107.72241807057858,FLAT
2026-10-01T23:59:49.189512+00:00,1,PERP,OP|GATE|OKX,OP,GATE,OKX,2.156709423506431,-0.008010151617925442,2.2144845571824927,7.212739088080449,-8.183534840755513,12.513692767284201,20.0,20.692751244989243,-57.09077064292725,-56.99195945509095,FLAT
2026-10-01T23:59:49.596475+00:00,1,PERP,OP|BITGET|GATE,OP,BITGET,GATE,-7.763745511623066,0.0928867266445105,-8.574835946073865,8.732038082846291,-19.7420775181123,4.223944566745796,21.999999999999996,23.98463949450982,-63.151881066548256,-64.78342000732948,FLAT
2026-10-01T23:59:49.990320+00:00,1,PERP,DOT|GATE|HTX,DOT,GATE,HTX,2.51142656467529,0.20024430037141286,0.365926739505609,10.714411452361992,-24.405486285477007,29.45124742576244,20.0,53.843201642603965,-104.61461466758658,-108.9285223288608,FLAT
2026-10-01T23:59:50.748132+00:00,1,PERP,ICP|HTX|MEXC,ICP,HTX,MEXC,-38.49849356062918,-0.1273296404719223,-36.299663813986626,17.26879726113277,-63.52087114337435,-13.357446032227216,26.0,50.35701128507368,-109.5782186144614,-105.29922906683309,FLAT
2026-10-01T23:59:51.346977+00:00,1,PERP,DOT|BITGET|HTX,DOT,BITGET,HTX,2.51142656467529,-0.08987355089763521,3.3391334715189878,9.209682922025026,-24.405486285477007,29.45124742576244,21.999999999999996,53.843201642603965,-109.58782139959996,-107.95531559684741,FLAT
2026-10-01T23:59:51.991411+00:00,1,PERP,ICP|HTX|OKX,ICP,HTX,OKX,-38.49849356062918,-0.13338447826159505,-36.332895629006806,16.23575666259442,-63.52087114337435,-13.357446032227216,20.0,50.35701128507368,-103.54498679944123,-99.33246088185328,FLAT
2026-10-01T23:59:52.538892+00:00,1,PERP,DOT|HTX|OKX,DOT,HTX,OKX,-2.7201983556690568,-0.19222160311829656,-1.0364115596553831,8.759612700646564,-26.759072880940813,21.42790685703444,20.0,48.19984344633901,-99.92250476762443,-96.66416186302882,FLAT
2026-10-01T23:59:53.091307+00:00,1,PERP,UNI|HTX|OKX,UNI,HTX,OKX,-1.394250263251351,1.180374526873681,-14.808754892665043,11.364617182093136,-29.05387343835608,26.41315289648727,20.0,55.47436712189424,-95.71948566758527,-122.69627491104654,FLAT
2026-10-01T23:59:53.621216+00:00,1,PERP,ICP|BITGET|HTX,ICP,BITGET,HTX,31.014488342568924,0.14560219562978874,28.416317646503124,17.844309866535013,4.241798522572893,57.80346820809301,21.999999999999996,53.39605958437537,-105.57057870830559,-110.78321014596526,FLAT
2026-10-02T00:00:04.042855+00:00,2,PERP,OP|GATE|OKX,OP,GATE,OKX,3.038718538812546,0.11427475353879873,2.2144845571824927,7.212739088080449,-7.366885703067316,13.46131864802036,20.0,20.821863304213473,-56.40323356446328,-58.06869739505134,FLAT
2026-10-02T00:00:04.441449+00:00,2,PERP,OP|BITGET|GATE,OP,BITGET,GATE,-8.062102932162585,0.058718595710034946,-8.574835946073865,8.732038082846291,-20.090404901627057,3.9755961482135227,21.999999999999996,24.085415290250502,-63.60098424580369,-64.63584738453788,FLAT
2026-10-02T00:00:04.836662+00:00,2,PERP,DOT|GATE|HTX,DOT,GATE,HTX,2.51142656467529,0.20024430037141286,0.365926739505609,10.714411452361992,-24.405486285477007,29.45124742576244,20.0,53.843201642603965,-104.61461466758658,-108.9285223288608,FLAT
2026-10-02T00:00:05.518414+00:00,2,PERP,ICP|HTX|MEXC,ICP,HTX,MEXC,-41.53045262513588,-0.302904060546376,-36.299663813986626,17.26879726113277,-66.54567453115435,-16.396594709636723,26.0,50.357937963949,-112.60394868111672,-102.26100706829891,FLAT
2026-10-02T00:00:06.055132+00:00,2,PERP,DOT|BITGET|HTX,DOT,BITGET,HTX,4.997810347739939,0.18010140959947854,3.3391334715189878,9.209682922025026,-24.405486285477007,34.44077127675138,21.999999999999996,58.81683528839728,-114.56145504539327,-117.91847309362966,FLAT
2026-10-02T00:00:06.691897+00:00,2,PERP,ICP|HTX|OKX,ICP,HTX,OKX,-41.53045262513588,-0.32013025965729897,-36.332895629006806,16.23575666259442,-66.54567453115435,-16.396594709636723,20.0,50.357937963949,-106.57071686609655,-96.29423888331908,FLAT
2026-10-02T00:00:07.248092+00:00,2,PERP,DOT|HTX|OKX,DOT,HTX,OKX,-4.9253843238672435,-0.44396629133212795,-1.0364115596553831,8.759612700646564,-28.781448245905892,19.03907960911333,20.0,47.84384706631397,-101.58888375256447,-93.91933823508268,FLAT
2026-10-02T00:00:07.840982+00:00,2,PERP,UNI|HTX|OKX,UNI,HTX,OKX,-8.716592609796514,0.5360640121224456,-14.808754892665043,11.364617182093136,-18.358831710709733,0.9432154362332135,20.0,19.318870627982623,-48.868947446027306,-61.07084095688087,FLAT
2026-10-02T00:00:08.383202+00:00,2,PERP,ICP|BITGET|HTX,ICP,BITGET,HTX,36.2536708262029,0.43920741336137886,28.416317646503124,17.844309866535013,8.602010208533795,63.92694063926729,21.999999999999996,55.125073364063624,-102.93938080203296,-118.6356963568278,FLAT
2026-10-02T00:30:03.689046+00:00,0,PERP,OP|GATE|OKX,OP,GATE,OKX,5.054936513493313,0.4016409315217061,2.1587457107359134,7.210895542405343,-3.883360164074201,14.006485738045082,20.0,17.880797455222606,-49.92290333003272,-55.72853748253178,FLAT
2026-10-02T00:30:04.022294+00:00,0,PERP,OP|BITGET|GATE,OP,BITGET,GATE,-12.124969919438122,-0.39647677491308075,-8.663556689422172,8.73043126113703,-26.474612266275123,2.244687525769784,21.999999999999996,28.754150163671003,-74.56520574052395,-67.66239437886296,FLAT
2026-10-02T00:30:04.511881+00:00,0,PERP,DOT|GATE|HTX,DOT,GATE,HTX,16.378536596919346,1.478550694979582,0.4360903258423162,10.782482011073139,3.3927056827809388,29.375391136621243,20.0,25.94019453431508,-48.98357917737646,-80.87949534509401,FLAT
2026-10-02T00:30:05.287646+00:00,0,PERP,ICP|HTX|MEXC,ICP,HTX,MEXC,-22.1118605839743,0.7992588672336391,-35.97422429220711,17.344022414430807,-45.69122658610314,1.5722712070531664,26.0,47.368005038295344,-89.08500733219137,-116.91450053755561,FLAT
2026-10-02T00:30:06.211229+00:00,0,PERP,DOT|BITGET|HTX,DOT,BITGET,HTX,16.378536596919346,1.4225176007788976,3.2910434916538005,9.20023281124923,3.3927056827809388,29.375391136621243,21.999999999999996,25.94019453431508,-53.838532343187936,-80.02454217928252,FLAT
2026-10-02T00:30:06.749566+00:00,0,PERP,ICP|HTX|OKX,ICP,HTX,OKX,-25.140510800825133,0.6669958134411533,-35.91658863741284,16.15614014275735,-48.71317824773347,-1.4631073274562478,20.0,47.368926660265295,-86.16551627058591,-107.82240797022189,FLAT
2026-10-02T00:30:07.709722+00:00,0,PERP,DOT|HTX|OKX,DOT,HTX,OKX,-14.912114201375282,-1.5699379259557023,-1.106336343758239,8.793836768554243,-25.053312179598166,-4.753199470521885,20.0,20.330414192749075,-70.277390028589,-42.68355106598543,FLAT
2026-10-02T00:30:08.698533+00:00,0,PERP,UNI|HTX|OKX,UNI,HTX,OKX,-10.30279276050483,0.36735167796695434,-14.45335549009276,11.298608332371082,-20.257785890785975,-0.3290326969407342,20.0,19.94928885988403,-51.75371926057725,-60.07361165303606,FLAT
2026-10-02T00:30:09.232013+00:00,0,PERP,ICP|BITGET|HTX,ICP,BITGET,HTX,26.552275331228614,-0.09601740964669098,28.27410760175812,17.93250075028291,4.500510410210268,48.617441507139425,21.999999999999996,44.000096757703936,-95.77369394925178,-92.34343066308523,FLAT
2026-10-02T00:30:19.611174+00:00,1,PERP,OP|GATE|OKX,OP,GATE,OKX,5.515929459589675,0.46557098617100523,2.1587457107359134,7.210895542405343,-3.677320704511544,14.722176398846987,20.0,18.389344490179713,-50.22541090542717,-56.95277517829078,FLAT
2026-10-02T00:30:19.954278+00:00,1,PERP,OP|BITGET|GATE,OP,BITGET,GATE,-13.917106548280156,-0.6017514715732123,-8.663556689422172,8.73043126113703,-27.91331756815896,0.09860585870047345,21.999999999999996,28.05094865447241,-75.30070953320919,-64.81311120259505,FLAT
2026-10-02T00:30:20.846239+00:00,1,PERP,DOT|GATE|HTX,DOT,GATE,HTX,1.9916708567047081,0.14426924424866913,0.4360903258423162,10.782482011073139,-25.33332065065452,29.34229541575517,20.0,54.66471663680628,-106.4341276133031,-109.57092172671913,FLAT
2026-10-02T00:30:21.635330+00:00,1,PERP,ICP|HTX|MEXC,ICP,HTX,MEXC,-31.02639380368144,0.28527583569131637,-35.97422429220711,17.344022414430807,-51.40610825521641,-10.56924293098116,26.0,40.96381443016119,-88.39569839317049,-98.36879579138714,FLAT
2026-10-02T00:30:22.188953+00:00,1,PERP,DOT|BITGET|HTX,DOT,BITGET,HTX,2.437492597764379,-0.09277492335256723,3.2910434916538005,9.20023281124923,-24.444490200871137,29.34229541575517,21.999999999999996,53.77366864289146,-109.50920233541639,-107.82492056699283,FLAT
2026-10-02T00:30:22.808022+00:00,1,PERP,ICP|HTX|OKX,ICP,HTX,OKX,-31.02639380368144,0.3026833631375519,-35.91658863741284,16.15614014275735,-51.40610825521641,-10.56924293098116,20.0,40.96381443016119,-82.45333404796476,-92.31116013659287,FLAT
2026-10-02T00:30:23.343981+00:00,1,PERP,DOT|HTX|OKX,DOT,HTX,OKX,-0.07214099467467427,0.11760456514063682,-1.106336343758239,8.793836768554243,-24.414877699090454,24.381090045422216,20.0,48.7960695591493,-98.10461091448151,-100.28349594832976,FLAT
2026-10-02T00:30:24.005071+00:00,1,PERP,UNI|HTX|OKX,UNI,HTX,OKX,-8.79810262449432,0.5005264984180269,-14.45335549009276,11.298608332371082,-19.47582215792165,1.9012942724572213,20.0,21.395918797483816,-52.41838546531271,-63.7505685600338,FLAT
2026-10-02T00:30:24.875088+00:00,1,PERP,ICP|BITGET|HTX,ICP,BITGET,HTX,26.76595136580584,-0.08410183593208483,28.27410760175812,17.93250075028291,4.926802176956624,48.617441507139425,21.999999999999996,43.57400587213106,-94.92131129693254,-91.91733977751235,FLAT
2026-10-02T00:30:35.257116+00:00,2,PERP,OP|GATE|OKX,OP,GATE,OKX,3.3611073745154485,0.1667423493668392,2.1587457107359134,7.210895542405343,-6.454861374172172,13.191988222855944,20.0,19.6402369841022,-54.253844069010285,-56.67347949622223,FLAT
2026-10-02T00:30:35.595282+00:00,2,PERP,OP|BITGET|GATE,OP,BITGET,GATE,-13.792703069239742,-0.5875020633459019,-8.663556689422172,8.73043126113703,-28.453733750331,0.8887349560948721,21.999999999999996,29.382981587388894,-77.17315864829771,-66.93527323290593,FLAT
2026-10-02T00:30:36.089696+00:00,2,PERP,DOT|GATE|HTX,DOT,GATE,HTX,2.437492597764379,0.18561610117844016,0.4360903258423162,10.782482011073139,-24.444490200871137,29.34229541575517,20.0,53.77366864289146,-104.65424916960492,-108.67987373280432,FLAT
2026-10-02T00:30:36.853064+00:00,2,PERP,ICP|HTX|MEXC,ICP,HTX,MEXC,-40.11526200565552,-0.23875878469823258,-35.97422429220711,17.344022414430807,-60.47777441790303,-19.67537853450829,26.0,40.96658770938612,-97.47013783508203,-89.26543346708493,FLAT
2026-10-02T00:30:37.396600+00:00,2,PERP,DOT|BITGET|HTX,DOT,BITGET,HTX,2.437492597764379,-0.09277492335256723,3.2910434916538005,9.20023281124923,-24.444490200871137,29.34229541575517,21.999999999999996,53.77366864289146,-109.50920233541639,-107.82492056699283,FLAT
2026-10-02T00:30:37.954108+00:00,2,PERP,ICP|HTX|OKX,ICP,HTX,OKX,-35.923151174427346,-0.00040619460814993907,-35.91658863741284,16.15614014275735,-63.501663138796346,-8.199586500459155,20.0,55.50107352269362,-109.08614802407712,-109.2180756596473,FLAT
2026-10-02T00:30:38.511025+00:00,2,PERP,DOT|HTX|OKX,DOT,HTX,OKX,-1.524601367265399,-0.04756342817310734,-1.106336343758239,8.793836768554243,-25.662335157872196,22.722696228449912,20.0,48.392161163874576,-98.94815997798852,-98.22119373608272,FLAT
2026-10-02T00:30:39.045313+00:00,2,PERP,UNI|HTX|OKX,UNI,HTX,OKX,-11.508001225278841,0.2606829246727077,-14.45335549009276,11.298608332371082,-22.514433384969166,-0.4786186742211651,20.0,22.06117881510445,-56.12225670998086,-62.03591563097605,FLAT
2026-10-02T00:30:39.629038+00:00,2,PERP,ICP|BITGET|HTX,ICP,BITGET,HTX,31.682384601467994,0.19006144470152067,28.27410760175812,17.93250075028291,2.5355375339586317,60.84575600852071,21.999999999999996,58.12605658377874,-111.86462665157822,-118.69770499054133,FLAT
2026-10-02T00:53:50.435017+00:00,0,PERP,OP|GATE|OKX,OP,GATE,OKX,1.3619169005396614,-0.14156347310413614,2.4073675339508926,7.385030972235207,-7.848930285602185,10.58706288231015,20.0,18.433471592242398,-54.689769411795474,-52.61316694060166,FLAT
2026-10-02T00:53:50.812543+00:00,0,PERP,OP|BITGET|GATE,OP,BITGET,GATE,-14.648808291747306,-0.6499135131449277,-8.846747090003852,8.927435857837935,-26.26364927283298,-3.02494957698074,21.999999999999996,23.272788057604995,-68.68969024043412,-57.094585570628105,FLAT
2026-10-02T00:53:51.315297+00:00,0,PERP,DOT|GATE|HTX,DOT,GATE,HTX,-1.536339739958148,-0.17974546892805077,0.40075964184029444,10.77690243515308,-24.293786152462804,21.240441801189114,20.0,45.54121642146559,-96.23576221576869,-92.3808985808144,FLAT
2026-10-02T00:53:52.095438+00:00,0,PERP,ICP|HTX|MEXC,ICP,HTX,MEXC,-30.61675318548618,0.3260442977524219,-36.22959597399824,17.214969951028273,-45.64820450395635,-15.544451908396928,26.0,30.196147964234886,-71.61475649419299,-82.88129202983619,FLAT
2026-10-02T00:53:52.635835+00:00,0,PERP,DOT|BITGET|HTX,DOT,BITGET,HTX,-1.536339739958148,-0.5206116964545078,3.2557128076517787,9.204657867360588,-24.293786152462804,21.240441801189114,21.999999999999996,45.54121642146559,-101.09071538158017,-91.52594541500292,FLAT
2026-10-02T00:53:53.256917+00:00,0,PERP,ICP|HTX|OKX,ICP,HTX,OKX,-33.66409637570733,0.15057260479535167,-36.08781073490292,16.09664893882747,-48.691418137551956,-18.59593587786201,20.0,30.1970825925224,-68.80068999517144,-73.6889574495633,FLAT
2026-10-02T00:53:53.743163+00:00,0,PERP,DOT|HTX|OKX,DOT,HTX,OKX,-0.1998291340532532,0.09659321042811458,-1.0474811695569533,8.775482580471111,-20.520808995581064,20.19657693122623,20.0,40.71805987032974,-86.19138769635384,-87.96211797111292,FLAT
2026-10-02T00:53:54.235994+00:00,0,PERP,UNI|HTX|OKX,UNI,HTX,OKX,-7.84499575365305,0.6120242266594776,-14.689068793501203,11.182683203905434,-17.742293191395085,2.0708446745398845,20.0,19.82867609964847,-48.88190049754235,-62.58858956768955,FLAT
2026-10-02T00:53:54.754604+00:00,0,PERP,ICP|BITGET|HTX,ICP,BITGET,HTX,24.369819329619347,-0.2309385981215234,28.4875168669343,17.8302699107412,6.39408582083778,42.361271026896134,21.999999999999996,35.87974005869555,-85.97317110479207,-77.75349421865738,FLAT
2026-10-02T00:54:05.152776+00:00,1,PERP,OP|GATE|OKX,OP,GATE,OKX,5.053568753849991,0.3583195832011764,2.4073675339508926,7.385030972235207,-6.207982322604666,16.334975535285956,20.0,22.531553893429646,-57.146903749985206,-62.459161894764705,FLAT
2026-10-02T00:54:05.489880+00:00,1,PERP,OP|BITGET|GATE,OP,BITGET,GATE,-13.141082553317363,-0.4810267507599345,-8.846747090003852,8.927435857837935,-25.231065404203168,-1.0417130697859545,21.999999999999996,24.22117794183946,-68.60549625603878,-60.02621196205735,FLAT
2026-10-02T00:54:05.961979+00:00,1,PERP,DOT|GATE|HTX,DOT,GATE,HTX,-1.536339739958148,-0.17974546892805077,0.40075964184029444,10.77690243515308,-24.293786152462804,21.240441801189114,20.0,45.54121642146559,-96.23576221576869,-92.3808985808144,FLAT
2026-10-02T00:54:06.720728+00:00,1,PERP,ICP|HTX|MEXC,ICP,HTX,MEXC,-33.0444709749711,0.18502065400566597,-36.22959597399824,17.214969951028273,-53.51781155015445,-12.492967938928512,26.0,41.16070807475917,-90.44892365091539,-96.8973361098289,FLAT
2026-10-02T00:54:07.205105+00:00,1,PERP,DOT|BITGET|HTX,DOT,BITGET,HTX,-1.536339739958148,-0.5206116964545078,3.2557128076517787,9.204657867360588,-24.293786152462804,21.240441801189114,21.999999999999996,45.54121642146559,-101.09071538158017,-91.52594541500292,FLAT
2026-10-02T00:54:07.689173+00:00,1,PERP,ICP|HTX|OKX,ICP,HTX,OKX,-34.56730604433966,0.09446094627159181,-36.08781073490292,16.09664893882747,-56.55768996960631,-12.492967938928512,20.0,44.21740975076154,-90.68728898546493,-93.81225254673593,FLAT
2026-10-02T00:54:08.195554+00:00,1,PERP,DOT|HTX|OKX,DOT,HTX,OKX,4.452207923137941,0.626710729838819,-1.0474811695569533,8.775482580471111,-16.002865704791702,24.98320547608346,20.0,40.96769086915071,-81.92307540438546,-92.99837751479113,FLAT
2026-10-02T00:54:08.699621+00:00,1,PERP,UNI|HTX|OKX,UNI,HTX,OKX,-15.086797973914434,-0.0355665248814639,-14.689068793501203,11.182683203905434,-25.708650074245387,-4.44348256717686,20.0,21.297276614745417,-58.3168578954896,-57.542862841069756,FLAT
2026-10-02T00:54:09.189385+00:00,1,PERP,ICP|BITGET|HTX,ICP,BITGET,HTX,25.495130498687235,-0.16782619574616814,28.4875168669343,17.8302699107412,3.3396309716859918,47.66416423432007,21.999999999999996,44.211810542114996,-97.3596964373633,-91.38845790950076,FLAT
2026-10-02T00:54:19.536108+00:00,2,PERP,OP|GATE|OKX,OP,GATE,OKX,3.5008885649712163,0.14807263979413623,2.4073675339508926,7.385030972235207,-6.569846573081239,13.587606092120286,20.0,20.15038556768497,-55.1275996747171,-57.330624125854364,FLAT
2026-10-02T00:54:19.876414+00:00,2,PERP,OP|BITGET|GATE,OP,BITGET,GATE,-11.36570888282118,-0.28215960696102665,-8.846747090003852,8.927435857837935,-25.104866471560292,2.390231098572393,21.999999999999996,27.526373000748286,-71.78449238230472,-66.76335118932452,FLAT
2026-10-02T00:54:20.332120+00:00,2,PERP,DOT|GATE|HTX,DOT,GATE,HTX,-1.536339739958148,-0.17974546892805077,0.40075964184029444,10.77690243515308,-24.293786152462804,21.240441801189114,20.0,45.54121642146559,-96.23576221576869,-92.3808985808144,FLAT
2026-10-02T00:54:21.370716+00:00,2,PERP,ICP|HTX|MEXC,ICP,HTX,MEXC,-23.59991771170966,0.7336450948341149,-36.22959597399824,17.214969951028273,-46.81142162818897,-0.2870320610670607,26.0,46.63422503256424,-89.21605068675498,-114.57678894549542,FLAT
2026-10-02T00:54:21.867948+00:00,2,PERP,DOT|BITGET|HTX,DOT,BITGET,HTX,-1.536339739958148,-0.5206116964545078,3.2557128076517787,9.204657867360588,-24.293786152462804,21.240441801189114,21.999999999999996,45.54121642146559,-101.09071538158017,-91.52594541500292,FLAT
2026-10-02T00:54:22.385732+00:00,2,PERP,ICP|HTX|OKX,ICP,HTX,OKX,-26.08501866100399,0.6214207759585743,-36.08781073490292,16.09664893882747,-49.84963547995158,-2.2166042564475408,20.0,47.75738025271964,-87.5192049977683,-107.62858673117502,FLAT
2026-10-02T00:54:22.895323+00:00,2,PERP,DOT|HTX|OKX,DOT,HTX,OKX,3.992077425849505,0.5742770895154474,-1.0474811695569533,8.775482580471111,-15.928976522798788,23.987073157045735,20.0,39.8999843250218,-80.78147967826362,-90.93453865162448,FLAT
2026-10-02T00:54:23.385563+00:00,2,PERP,UNI|HTX|OKX,UNI,HTX,OKX,-12.263485490383585,0.21690530428962776,-14.689068793501203,11.182683203905434,-25.048212266974843,0.5526294386903885,20.0,25.6322372789219,-61.99138075239554,-66.87393551111349,FLAT
2026-10-02T00:54:23.883597+00:00,2,PERP,ICP|BITGET|HTX,ICP,BITGET,HTX,16.013433589401327,-0.6996014833190165,28.4875168669343,17.8302699107412,-8.859563700230888,40.9016065942791,21.999999999999996,49.681608352759625,-115.0286889199248,-90.09569808010443,FLAT
2026-10-02T01:12:43.458562+00:00,0,PERP,OP|GATE|OKX,OP,GATE,OKX,1.2761357469370793,-0.10262711883480391,2.019299985980025,7.241402150626453,-7.451586257156695,10.015202756452624,20.0,17.464552930785736,-52.935439173922454,-51.46045570125833,FLAT
2026-10-02T01:12:43.803542+00:00,0,PERP,OP|BITGET|GATE,OP,BITGET,GATE,-15.401127671874626,-0.7775399278158238,-8.610951403268844,8.732897212982962,-25.890950499520837,-4.903122455129916,21.999999999999996,21.020198330192947,-66.30019742644492,-52.728027278331865,FLAT
2026-10-02T01:12:44.274043+00:00,0,PERP,DOT|GATE|HTX,DOT,GATE,HTX,-0.7780293617720702,-0.0889500415540461,0.1732723794228533,10.694786922802189,-22.850114916590503,21.31287297527651,20.0,44.16641615134798,-93.18980344736134,-91.30601674720164,FLAT
2026-10-02T01:12:45.002066+00:00,0,PERP,ICP|HTX|MEXC,ICP,HTX,MEXC,-24.03776155107895,0.6278544612517429,-35.353663964753665,18.023129741109727,-54.29864253393646,6.3985657854770395,26.0,60.84295403073066,-111.78793259991345,-134.59518378096135,FLAT
2026-10-02T01:12:45.571819+00:00,0,PERP,DOT|BITGET|HTX,DOT,BITGET,HTX,-0.7780293617720702,-0.44404839605943325,3.2705858957178227,9.117509022480535,-22.850114916590503,21.31287297527651,21.999999999999996,44.16641615134798,-98.2871169636563,-90.20870323090666,FLAT
2026-10-02T01:12:46.146441+00:00,0,PERP,ICP|HTX|OKX,ICP,HTX,OKX,-28.570743489958474,0.4035033899626924,-35.29346782106464,16.66088686820634,-60.32188535959215,3.3644849589808956,20.0,63.86831473680884,-114.89673227533635,-128.52626751685438,FLAT
2026-10-02T01:12:46.660218+00:00,0,PERP,DOT|HTX|OKX,DOT,HTX,OKX,-0.9839635337072217,0.00040153306834021487,-0.9874854108993555,8.771076331750004,-20.682757734825643,18.785172186837062,20.0,39.47168842604664,-85.16696074997293,-85.24434602378307,FLAT
2026-10-02T01:12:47.402217+00:00,0,PERP,UNI|HTX|OKX,UNI,HTX,OKX,-10.967032744878535,0.3393818591225387,-14.737000547898553,11.108336234491594,-21.54844670186895,-0.3643433799793705,20.0,21.20734011413002,-54.01878626810041,-61.579997282049206,FLAT
2026-10-02T01:12:47.962479+00:00,0,PERP,ICP|BITGET|HTX,ICP,BITGET,HTX,19.906920300853947,-0.442929342442252,28.008756225745064,18.29148613234494,-12.451204860740583,52.28705414012546,21.999999999999996,64.60963363596309,-133.06959472244876,-116.8879315503435,FLAT
2026-10-02T01:12:58.352699+00:00,1,PERP,OP|GATE|OKX,OP,GATE,OKX,1.328123613129062,-0.09544786471928912,2.019299985980025,7.241402150626453,-7.751977503874796,10.420337984382577,20.0,18.169894227278743,-53.94117171713357,-52.5709322256813,FLAT
2026-10-02T01:12:58.690403+00:00,1,PERP,OP|BITGET|GATE,OP,BITGET,GATE,-11.547688143980217,-0.3362843589118862,-8.610951403268844,8.732897212982962,-24.14293944106749,1.0623819251476263,21.999999999999996,25.23445261285238,-68.76644065065102,-62.90778594126885,FLAT
2026-10-02T01:12:59.161438+00:00,1,PERP,DOT|GATE|HTX,DOT,GATE,HTX,2.3282575251548643,0.201498651753164,0.1732723794228533,10.694786922802189,-23.022748663863446,27.71709044368631,20.0,50.7280001227861,-99.92402116607241,-104.27181818704955,FLAT
2026-10-02T01:12:59.885378+00:00,1,PERP,ICP|HTX|MEXC,ICP,HTX,MEXC,-33.113693837767414,0.12428308285863397,-35.353663964753665,18.023129741109727,-63.348416289593644,-2.7036766940136125,26.0,60.8457155427565,-120.84046786759647,-125.49570281349655,FLAT
2026-10-02T01:13:00.826367+00:00,1,PERP,DOT|BITGET|HTX,DOT,BITGET,HTX,4.162362313708812,0.09780921694644727,3.2705858957178227,9.117509022480535,-21.51684601394588,29.86348122866911,21.999999999999996,51.358940447262725,-104.14637235692643,-105.95183578021401,FLAT
2026-10-02T01:13:01.300120+00:00,1,PERP,ICP|HTX|OKX,ICP,HTX,OKX,-36.720289111521474,-0.08563897598870396,-35.29346782106464,16.66088686820634,-67.52422582359196,-5.737757520510867,20.0,62.013668053404835,-120.24442605593217,-117.56937835395861,FLAT
2026-10-02T01:13:01.849942+00:00,1,PERP,DOT|HTX|OKX,DOT,HTX,OKX,-1.0688987990670196,-0.009282029375683303,-0.9874854108993555,8.771076331750004,-23.989989158519354,21.950573633482406,20.0,45.94526318968963,-94.94776693730962,-94.88332223407139,FLAT
2026-10-02T01:13:02.661568+00:00,1,PERP,UNI|HTX|OKX,UNI,HTX,OKX,-10.551633320449172,0.3767771463789273,-14.737000547898553,11.108336234491594,-19.848280824136253,-1.2389484309471843,20.0,18.628975183815687,-49.74025546005338,-58.127027300767054,FLAT
2026-10-02T01:13:03.395745+00:00,1,PERP,ICP|BITGET|HTX,ICP,BITGET,HTX,29.21700550808204,0.0660552824190934,28.008756225745064,18.29148613234494,-2.2484284785972974,60.698027314112224,21.999999999999996,62.7630770159144,-121.02026172025676,-123.45234810428155,FLAT
2026-10-02T01:13:13.814117+00:00,2,PERP,OP|GATE|OKX,OP,GATE,OKX,0.5643979830738388,-0.20091440478558736,2.019299985980025,7.241402150626453,-8.12036174584252,9.2604661268747,20.0,17.37983960052895,-53.519501332351496,-50.62100574142363,FLAT
2026-10-02T01:13:14.155686+00:00,2,PERP,OP|BITGET|GATE,OP,BITGET,GATE,-9.774326976180747,-0.13321759600952868,-8.610951403268844,8.732897212982962,-20.32063172208387,0.7802170703041789,21.999999999999996,21.12149041051817,-60.83117072933319,-58.51265888409119,FLAT
2026-10-02T01:13:14.894052+00:00,2,PERP,DOT|GATE|HTX,DOT,GATE,HTX,4.162362313708812,0.3729938673000471,0.1732723794228533,10.694786922802189,-21.51684601394588,29.86348122866911,20.0,51.358940447262725,-99.04905884063146,-107.04914929650897,FLAT
2026-10-02T01:13:15.556399+00:00,2,PERP,ICP|HTX|MEXC,ICP,HTX,MEXC,-39.16431536222342,-0.21143116940327392,-35.353663964753665,18.023129741109727,-69.38159879336436,-8.7718383470059,26.0,60.847559346532904,-126.8754941751436,-119.42938496428067,FLAT
2026-10-02T01:13:16.341049+00:00,2,PERP,DOT|BITGET|HTX,DOT,BITGET,HTX,4.162362313708812,0.09780921694644727,3.2705858957178227,9.117509022480535,-21.51684601394588,29.86348122866911,21.999999999999996,51.358940447262725,-104.14637235692643,-105.95183578021401,FLAT
2026-10-02T01:13:16.851548+00:00,2,PERP,ICP|HTX|OKX,ICP,HTX,OKX,-42.18962612445254,-0.41391303823974157,-35.29346782106464,16.66088686820634,-72.3981900452475,-11.805919173503154,20.0,60.84848208867534,-123.9532043128582,-110.33603073623682,FLAT
2026-10-02T01:13:17.409942+00:00,2,PERP,DOT|HTX|OKX,DOT,HTX,OKX,-1.9016515217207264,-0.10422507754404374,-0.9874854108993555,8.771076331750004,-24.928535625283743,21.224068743626034,20.0,46.16117095659886,-96.10222117098324,-94.37272511112424,FLAT
2026-10-02T01:13:17.857952+00:00,2,PERP,UNI|HTX|OKX,UNI,HTX,OKX,-10.897860217983224,0.34560894168784034,-14.737000547898553,11.108336234491594,-23.713116037672457,1.9489199434730153,20.0,25.689993851496205,-60.66610934127011,-68.37591434286777,FLAT
2026-10-02T01:13:18.603071+00:00,2,PERP,ICP|BITGET|HTX,ICP,BITGET,HTX,33.78343607850276,0.3157031534220884,28.008756225745064,18.29148613234494,0.78486993508875,66.80838141512213,21.999999999999996,65.80120187069768,-121.02508816135399,-132.60082706007475,FLAT
2026-10-02T01:33:20.988819+00:00,0,PERP,OP|GATE|OKX,OP,GATE,OKX,2.363522134527507,0.05699960024379894,1.9448765272018436,7.344711288062209,-8.32458345906728,13.067699477740113,20.0,21.387215946478012,-57.656675932747135,-58.51003889701628,FLAT
2026-10-02T01:33:21.316250+00:00,0,PERP,OP|BITGET|GATE,OP,BITGET,GATE,-15.003984760570965,-0.7339623235931545,-8.578249167822358,8.754857553574482,-27.554550440760384,-2.4407041508944793,21.999999999999996,25.15157724056592,-72.12787851350393,-59.289122257493794,FLAT
2026-10-02T01:33:21.729965+00:00,0,PERP,DOT|GATE|HTX,DOT,GATE,HTX,-4.727276219330667,-0.46415786627109806,0.24395374781413828,10.7102137621455,-30.50276232090865,21.070090600499025,20.0,51.59723507635207,-108.34395114507485,-98.42337192903695,FLAT
2026-10-02T01:33:22.999133+00:00,0,PERP,ICP|HTX|MEXC,ICP,HTX,MEXC,-31.889227985791855,0.24442385872725608,-36.150166353612725,17.432579577165992,-60.29544769369899,-3.3288686684873614,26.0,57.14840380356389,-113.29368514365015,-121.96970148868925,FLAT
2026-10-02T01:33:23.419876+00:00,0,PERP,DOT|BITGET|HTX,DOT,BITGET,HTX,-4.727276219330667,-0.9084533689495001,3.4594705738017857,9.011741353988578,-30.50276232090865,21.070090600499025,21.999999999999996,51.59723507635207,-113.5594679710625,-97.2078551030493,FLAT
2026-10-02T01:33:23.882644+00:00,0,PERP,ICP|HTX|OKX,ICP,HTX,OKX,-34.912157711953775,0.06917788269003552,-36.04738689645243,16.41029098252779,-63.31022007838416,-6.3600000000008095,20.0,57.149323749098514,-110.41215693103024,-112.83671064555014,FLAT
2026-10-02T01:33:24.340789+00:00,0,PERP,DOT|HTX|OKX,DOT,HTX,OKX,5.147073562457027,0.7066386803530597,-1.1050592818548364,8.847708196766266,-17.924459945940498,28.31828764236377,20.0,46.218743590178676,-89.03814425426434,-101.64209051439728,FLAT
2026-10-02T01:33:24.889514+00:00,0,PERP,UNI|HTX|OKX,UNI,HTX,OKX,-3.469103472958368,1.010583301024684,-14.708890369973327,11.122078591263424,-12.072704509378251,5.148367333227544,20.0,17.227036909317114,-40.59085104872204,-63.084294612517986,FLAT
2026-10-02T01:33:25.309180+00:00,0,PERP,ICP|BITGET|HTX,ICP,BITGET,HTX,25.910329553018308,-0.1567731953997649,28.72426995656647,17.94911685235946,-2.732647054434212,54.56198848136084,21.999999999999996,57.146565585377694,-116.60348259637837,-110.98428411017206,FLAT
2026-10-02T01:33:35.657276+00:00,1,PERP,OP|GATE|OKX,OP,GATE,OKX,3.4969005004281684,0.21131177419443575,1.9448765272018436,7.344711288062209,-7.370041587686504,14.383765224803557,20.0,21.746184142660972,-57.06110225754932,-60.185072840262684,FLAT
2026-10-02T01:33:35.970613+00:00,1,PERP,OP|BITGET|GATE,OP,BITGET,GATE,-14.749867430948749,-0.7049364567452737,-8.578249167822358,8.754857553574482,-29.305892174348315,-0.17696325944394076,21.999999999999996,29.171947369370802,-77.89959037589676,-65.57323327774921,FLAT
2026-10-02T01:33:36.431474+00:00,1,PERP,DOT|GATE|HTX,DOT,GATE,HTX,-0.4897960459437911,-0.06850935098525453,0.24395374781413828,10.7102137621455,-30.50276232090865,29.57413925813057,20.0,60.0798010219954,-116.82651709071818,-115.40998653231182,FLAT
2026-10-02T01:33:37.111061+00:00,1,PERP,ICP|HTX|MEXC,ICP,HTX,MEXC,-28.866298259633272,0.4178307669118691,-36.150166353612725,17.432579577165992,-57.280675309014924,-0.2977373369750236,26.0,57.1474844158242,-110.27799337122642,-124.99991343246191,FLAT
2026-10-02T01:33:37.607845+00:00,1,PERP,DOT|BITGET|HTX,DOT,BITGET,HTX,-4.727276219330667,-0.9084533689495001,3.4594705738017857,9.011741353988578,-30.50276232090865,21.070090600499025,21.999999999999996,51.59723507635207,-113.5594679710625,-97.2078551030493,FLAT
2026-10-02T01:33:38.091828+00:00,1,PERP,ICP|HTX|OKX,ICP,HTX,OKX,-31.889227985791855,0.25338727479529827,-36.04738689645243,16.41029098252779,-60.29544769369899,-3.3288686684873614,20.0,57.14840380356389,-107.39646460081045,-115.86692203152896,FLAT
2026-10-02T01:33:38.638095+00:00,1,PERP,DOT|HTX|OKX,DOT,HTX,OKX,2.1332349194636,0.36600372992658087,-1.1050592818548364,8.847708196766266,-21.047641275260265,25.414264100820372,20.0,46.45178023097595,-92.39436222438137,-98.97110361365115,FLAT
2026-10-02T01:33:39.135943+00:00,1,PERP,UNI|HTX|OKX,UNI,HTX,OKX,-1.9819820936328725,1.1442922446472956,-14.708890369973327,11.122078591263424,-12.739707657234423,8.796217536937156,20.0,21.5401749537113,-45.570992240972394,-71.04528286062178,FLAT
2026-10-02T01:33:39.556601+00:00,1,PERP,ICP|BITGET|HTX,ICP,BITGET,HTX,24.391252230360205,-0.24140562245193017,28.72426995656647,17.94911685235946,-5.761204265264386,54.56198848136084,21.999999999999996,60.176409409282236,-122.66188363111308,-114.0141279340766,FLAT
2026-10-02T01:33:49.888303+00:00,2,PERP,OP|GATE|OKX,OP,GATE,OKX,1.561689013080958,-0.052171896088509674,1.9448765272018436,7.344711288062209,-8.63803084963588,11.777566412833895,20.0,20.41239669332864,-56.99530407016636,-56.24508657896069,FLAT
2026-10-02T01:33:50.206280+00:00,2,PERP,OP|BITGET|GATE,OP,BITGET,GATE,-13.266196417490717,-0.535468135372955,-8.578249167822358,8.754857553574482,-25.607234155927692,-0.9141736785756027,21.999999999999996,24.725857398629028,-69.75484238673437,-60.38993288787578,FLAT
2026-10-02T01:33:50.598998+00:00,2,PERP,DOT|GATE|HTX,DOT,GATE,HTX,-4.727276219330667,-0.46415786627109806,0.24395374781413828,10.7102137621455,-30.50276232090865,21.070090600499025,20.0,51.59723507635207,-108.34395114507485,-98.42337192903695,FLAT
2026-10-02T01:33:51.281424+00:00,2,PERP,ICP|HTX|MEXC,ICP,HTX,MEXC,-25.843368533472464,0.5912376750966097,-36.150166353612725,17.432579577165992,-54.26590292433087,2.7333939945384245,26.0,57.146565585377694,-107.26230215609583,-128.03012593352884,FLAT
2026-10-02T01:33:51.714965+00:00,2,PERP,DOT|BITGET|HTX,DOT,BITGET,HTX,-4.727276219330667,-0.9084533689495001,3.4594705738017857,9.011741353988578,-30.50276232090865,21.070090600499025,21.999999999999996,51.59723507635207,-113.5594679710625,-97.2078551030493,FLAT
2026-10-02T01:33:52.185624+00:00,2,PERP,ICP|HTX|OKX,ICP,HTX,OKX,-28.866298259633272,0.43759666690035776,-36.04738689645243,16.41029098252779,-57.280675309014924,-0.2977373369750236,20.0,57.1474844158242,-104.38077282838671,-118.89713397530161,FLAT
2026-10-02T01:33:52.690826+00:00,2,PERP,DOT|HTX|OKX,DOT,HTX,OKX,5.024321168523027,0.6927647605532561,-1.1050592818548364,8.847708196766266,-17.97836588688817,28.12639134431194,20.0,46.081390231139,-88.95469683617233,-101.31284085730577,FLAT
2026-10-02T01:33:53.134923+00:00,2,PERP,UNI|HTX|OKX,UNI,HTX,OKX,-3.978411946067295,0.9647907390561868,-14.708890369973327,11.122078591263424,-12.060570867020726,4.115931865966704,20.0,16.182931791680172,-39.53461228872757,-61.00775402762021,FLAT
2026-10-02T01:33:53.648769+00:00,2,PERP,ICP|BITGET|HTX,ICP,BITGET,HTX,21.35447814607172,-0.41059356129412966,28.72426995656647,17.94911685235946,-8.787927098617976,51.51515151515351,21.999999999999996,60.17457341835068,-125.68677047353512,-110.96545497693772,FLAT
2026-10-02T01:51:20.093069+00:00,0,PERP,OP|GATE|OKX,OP,GATE,OKX,1.3983496964309339,-0.09221846996135967,2.06284114208807,7.205622105154896,-9.19488589446682,12.008765024664747,20.0,21.200672404289733,-58.45839944084462,-57.14659628686641,FLAT
2026-10-02T01:51:20.390903+00:00,0,PERP,OP|BITGET|GATE,OP,BITGET,GATE,-13.607262871877523,-0.5525192517855942,-8.77194738609807,8.751397295484292,-28.444887642212755,1.2509899127444157,21.999999999999996,29.736326226645705,-77.40926648276039,-67.7592635254882,FLAT
2026-10-02T01:51:21.337874+00:00,0,PERP,DOT|GATE|HTX,DOT,GATE,HTX,-9.394764975338976,-0.8003444035849185,-0.2861565151205453,11.38086106358584,-31.401165223233775,12.630316427266752,20.0,44.072879158829515,-101.18788786694276,-82.98935210121682,FLAT
2026-10-02T01:51:22.577016+00:00,0,PERP,ICP|HTX|MEXC,ICP,HTX,MEXC,-22.276583671217985,0.7255531710828781,-35.35353600048177,18.02342385155124,-51.39056831922395,6.999379750682877,26.0,58.51986098472237,-106.55689330346456,-132.87277673588702,FLAT
2026-10-02T01:51:23.103040+00:00,0,PERP,DOT|BITGET|HTX,DOT,BITGET,HTX,-0.9101745421968843,-0.4126547849720611,3.0468725859047563,9.589243290537764,-22.938857214084287,21.137224087781625,21.999999999999996,44.08008541169325,-98.06581521168229,-90.17043691357011,FLAT
2026-10-02T01:51:23.985107+00:00,0,PERP,ICP|HTX|OKX,ICP,HTX,OKX,-25.30794427165084,0.5937768209351658,-35.251341982760444,16.746018639544232,-54.413542926239344,3.959586500457135,20.0,58.520784287722435,-103.68298523120134,-123.73171277094002,FLAT
2026-10-02T01:51:24.587694+00:00,0,PERP,DOT|HTX|OKX,DOT,HTX,OKX,2.9159609309759027,0.380343982207276,-0.6092337857079638,9.268438260087263,-16.58296147964755,22.484398857958166,20.0,39.05584811065534,-81.02957580459494,-88.14948075432147,FLAT
2026-10-02T01:51:25.334659+00:00,0,PERP,UNI|HTX|OKX,UNI,HTX,OKX,-7.481052657436482,0.6109070234242895,-14.46935356424664,11.439221745461284,-19.468749300691755,4.5341270410914625,20.0,24.020814972125336,-55.02021070857045,-69.02429557746345,FLAT
2026-10-02T01:51:26.206755+00:00,0,PERP,ARB|GATE|HTX,ARB,GATE,HTX,38.560678547692184,0.480071193385465,32.14064557046222,13.373085212540776,8.722129085350083,68.43566507271026,20.0,59.4841388777526,-108.90265536286473,-121.77915838000064,FLAT
2026-10-02T01:51:26.749351+00:00,0,PERP,ICP|BITGET|HTX,ICP,BITGET,HTX,19.345903938619013,-0.4691872313405826,27.966502601682258,18.373472437500244,-12.643829429298536,51.36252324521307,21.999999999999996,63.882754418013825,-132.4930864489946,-115.27877506154462,FLAT
2026-10-02T01:51:37.091270+00:00,1,PERP,OP|GATE|OKX,OP,GATE,OKX,1.5002490265469959,-0.07807682769522371,2.06284114208807,7.205622105154896,-8.887397944791209,11.904972008103254,20.0,20.789237025732962,-57.73947611261224,-56.63136789174814,FLAT
2026-10-02T01:51:37.377004+00:00,1,PERP,OP|BITGET|GATE,OP,BITGET,GATE,-15.797189377257936,-0.8027566060547704,-8.77194738609807,8.751397295484292,-27.602000758913945,-3.983212769372857,21.999999999999996,23.656154508262627,-70.4862078810785,-56.44488912498784,FLAT
2026-10-02T01:51:37.925848+00:00,1,PERP,DOT|GATE|HTX,DOT,GATE,HTX,2.917726303615087,0.2815149750827522,-0.2861565151205453,11.38086106358584,-22.938857214084287,28.81610795599343,20.0,51.73983514544289,-100.39253584440664,-106.84209961655688,FLAT
2026-10-02T01:51:38.984968+00:00,1,PERP,ICP|HTX|MEXC,ICP,HTX,MEXC,-45.613829626804936,-0.569275500084302,-35.35353600048177,18.02342385155124,-75.57436517533267,-15.481058716153573,26.0,60.368175175590814,-132.5890043504417,-112.240652459919,FLAT
2026-10-02T01:51:39.519023+00:00,1,PERP,DOT|BITGET|HTX,DOT,BITGET,HTX,-0.574528914182304,-0.37765247896677073,3.0468725859047563,9.589243290537764,-30.781970506705836,29.658599278332698,21.999999999999996,60.44403155288839,-122.27287464549897,-115.05575824531633,FLAT
2026-10-02T01:51:40.091059+00:00,1,PERP,ICP|HTX|OKX,ICP,HTX,OKX,-48.64546847875406,-0.7998394594142264,-35.251341982760444,16.746018639544232,-78.59733978234473,-18.5214116215382,20.0,60.369102983872224,-129.7151007834565,-103.09903334509447,FLAT
2026-10-02T01:51:40.686885+00:00,1,PERP,DOT|HTX|OKX,DOT,HTX,OKX,-1.420107112501956,-0.08748759003831975,-0.6092337857079638,9.268438260087263,-24.597578503864348,21.856242751971955,20.0,46.4602086370562,-96.44855335521258,-94.92568517473612,FLAT
2026-10-02T01:51:41.242125+00:00,1,PERP,UNI|HTX|OKX,UNI,HTX,OKX,-4.707095385925175,0.8534023026693067,-14.46935356424664,11.439221745461284,-14.220609806623319,4.8234937799374045,20.0,19.053056733064707,-44.804312975441384,-64.34590407724875,FLAT
2026-10-02T01:51:42.082660+00:00,1,PERP,ARB|GATE|HTX,ARB,GATE,HTX,38.41827353646465,0.46942256526680254,32.14064557046222,13.373085212540776,6.309619503588326,70.5681953690207,20.0,64.01262391311803,-115.84364997999192,-128.44017371167652,FLAT
2026-10-02T01:51:43.121551+00:00,1,PERP,ICP|BITGET|HTX,ICP,BITGET,HTX,43.92822241852335,0.8687372444777086,27.966502601682258,18.373472437500244,12.456202205484157,75.41712531221378,21.999999999999996,62.6855520922436,-106.1958524884417,-138.13617480277512,FLAT
2026-10-02T01:51:53.437531+00:00,2,PERP,OP|GATE|OKX,OP,GATE,OKX,1.3826636160030326,-0.0943953923976167,2.06284114208807,7.205622105154896,-9.71031729607219,12.49538167510833,20.0,22.202611553843838,-59.975769992004096,-58.635152086864096,FLAT
2026-10-02T01:51:53.728763+00:00,2,PERP,OP|BITGET|GATE,OP,BITGET,GATE,-15.51772657240269,-0.7708230992764358,-8.77194738609807,8.751397295484292,-30.527575362879755,-0.48935503998315255,21.999999999999996,30.084893816670146,-79.84052179345183,-66.36748616278507,FLAT
2026-10-02T01:51:54.281841+00:00,2,PERP,DOT|GATE|HTX,DOT,GATE,HTX,-14.953984114063346,-1.2888152765412386,-0.2861565151205453,11.38086106358584,-42.4550976715754,12.57045523951339,20.0,55.107951366016664,-123.27689252247151,-93.9645631206506,FLAT
2026-10-02T01:51:55.079673+00:00,2,PERP,ICP|HTX|MEXC,ICP,HTX,MEXC,-27.423996515112403,0.4399574437510043,-35.35353600048177,18.02342385155124,-57.436517533251404,2.761058716156395,26.0,60.36262017206374,-114.44560170483338,-130.4772148887019,FLAT
2026-10-02T01:51:56.024578+00:00,2,PERP,DOT|BITGET|HTX,DOT,BITGET,HTX,-14.953984114063346,-1.8771926162026302,3.0468725859047563,9.589243290537764,-42.4550976715754,12.57045523951339,21.999999999999996,55.107951366016664,-128.60992162349683,-92.63153401962529,FLAT
2026-10-02T01:51:56.932452+00:00,2,PERP,ICP|HTX|OKX,ICP,HTX,OKX,-24.39235766316439,0.6484517038547616,-35.251341982760444,16.746018639544232,-54.413542926239344,5.80141162154213,20.0,60.36169630770399,-105.52389725118289,-127.41444991200657,FLAT
2026-10-02T01:51:57.488264+00:00,2,PERP,DOT|HTX|OKX,DOT,HTX,OKX,18.899370897786927,2.104842707698116,-0.6092337857079638,9.268438260087263,-1.2782505492181517,39.15080461913023,20.0,40.352656425498374,-67.02167318900855,-106.11269483033655,FLAT
2026-10-02T01:51:58.435148+00:00,2,PERP,UNI|HTX|OKX,UNI,HTX,OKX,-4.790848715265916,0.8460807093647646,-14.46935356424664,11.439221745461284,-13.627935032729521,4.0606716379509855,20.0,17.697073292482546,-42.85565476096542,-62.22709849468017,FLAT
2026-10-02T01:51:58.941534+00:00,2,PERP,ARB|GATE|HTX,ARB,GATE,HTX,33.96297549509208,0.13626847475113296,32.14064557046222,13.373085212540776,3.3096707874369358,64.65292629424636,20.0,61.135598929821754,-115.96657371284704,-119.64787965360588,FLAT
2026-10-02T01:51:59.841232+00:00,2,PERP,ICP|BITGET|HTX,ICP,BITGET,HTX,20.887274685204016,-0.3852961349880463,27.966502601682258,18.373472437500244,-11.450112274444812,53.24808462006114,21.999999999999996,64.5633332070533,-131.97994808318037,-117.84491522543219,FLAT
2026-10-02T02:27:26.219712+00:00,0,PERP,OP|GATE|OKX,OP,GATE,OKX,1.7538506396164166,-0.048879433091191866,2.1057277561630108,7.198878839083812,-10.099244101664517,13.63017814164147,20.0,23.725238444349475,-61.930210302177,-61.24968882982793,FLAT
2026-10-02T02:27:26.476869+00:00,0,PERP,OP|BITGET|GATE,OP,BITGET,GATE,-17.501689759560346,-1.005391778637809,-8.738445784407569,8.71624789594557,-32.37854838398224,-2.60868780733281,21.999999999999996,29.822045441324374,-81.46214804089905,-63.95180341839913,FLAT
2026-10-02T02:27:27.380644+00:00,0,PERP,DOT|GATE|HTX,DOT,GATE,HTX,-6.5236275847946334,-0.6012817490686114,0.09327704567673062,11.004665684133908,-37.83767721055153,24.81678066859505,20.0,62.69534689956158,-126.62630115578983,-113.41885052247989,FLAT
2026-10-02T02:27:28.094890+00:00,0,PERP,ICP|HTX|MEXC,ICP,HTX,MEXC,-13.772787816193066,1.2404202146690226,-35.667889609691684,17.651358414326406,-36.26473254759732,8.814066201032755,26.0,45.1407703510046,-77.73761328891023,-121.62272616172903,FLAT
2026-10-02T02:27:28.496808+00:00,0,PERP,DOT|BITGET|HTX,DOT,BITGET,HTX,-6.5236275847946334,-1.0762385374340493,3.307645179551236,9.134845503474939,-37.83767721055153,24.81678066859505,21.999999999999996,62.69534689956158,-131.84066928966433,-112.20448238860538,FLAT
2026-10-02T02:27:28.971046+00:00,0,PERP,ICP|HTX|OKX,ICP,HTX,OKX,-17.98610600614481,1.069294558328829,-35.562748626377676,16.437605974262993,-41.65160364470344,5.7792529608269305,20.0,47.51610933459101,-79.60496435291677,-114.85811092179561,FLAT
2026-10-02T02:27:29.569389+00:00,0,PERP,DOT|HTX|OKX,DOT,HTX,OKX,8.06914113195667,1.0189869159634344,-0.9777961113210325,8.878364482947243,-20.55701057756987,36.851102420496495,20.0,57.36140439336329,-102.94061885961213,-121.19030292518082,FLAT
2026-10-02T02:27:30.073046+00:00,0,PERP,UNI|HTX|OKX,UNI,HTX,OKX,-4.685488807374405,0.9026357987546278,-14.71071278264268,11.106610206575164,-14.819859964742,5.4672982777304036,20.0,20.29665149852001,-46.40579868061933,-66.47466255889309,FLAT
2026-10-02T02:27:30.523100+00:00,0,PERP,ICP|BITGET|HTX,ICP,BITGET,HTX,9.657619221954405,-1.0471331629699563,28.413702136278584,17.91184118467492,-14.861573172658682,34.19373521383218,21.999999999999996,49.00797251427799,-120.28324782321525,-82.78800559183158,FLAT
2026-10-02T02:27:40.822422+00:00,1,PERP,OP|GATE|OKX,OP,GATE,OKX,-0.09464316416130103,-0.30565466783218553,2.1057277561630108,7.198878839083812,-10.388356221859851,10.216387447126163,20.0,20.60492412572078,-59.09900810374364,-54.71558381668393,FLAT
2026-10-02T02:27:41.060183+00:00,1,PERP,OP|BITGET|GATE,OP,BITGET,GATE,-15.524057352871434,-0.7785014434502541,-8.738445784407569,8.71624789594557,-27.74966024948977,-3.289050146332295,21.999999999999996,24.498638314132318,-71.50985277921453,-57.94803395220759,FLAT
2026-10-02T02:27:41.495215+00:00,1,PERP,DOT|GATE|HTX,DOT,GATE,HTX,-7.075344416191953,-0.6514165598146356,0.09327704567673062,11.004665684133908,-38.940646855827325,24.81678066859505,20.0,63.80255874795637,-128.83648264946044,-114.52606237087468,FLAT
2026-10-02T02:27:42.159264+00:00,1,PERP,ICP|HTX|MEXC,ICP,HTX,MEXC,-17.393196463693084,1.0353136975093247,-35.667889609691684,17.651358414326406,-42.27053140096526,7.60115396295058,26.0,49.95830426693759,-88.56094605821116,-125.22734783957985,FLAT
2026-10-02T02:27:42.636240+00:00,1,PERP,DOT|BITGET|HTX,DOT,BITGET,HTX,-7.075344416191953,-1.136635490090495,3.307645179551236,9.134845503474939,-38.940646855827325,24.81678066859505,21.999999999999996,63.80255874795637,-134.05085078333494,-113.31169423700018,FLAT
2026-10-02T02:27:43.164249+00:00,1,PERP,ICP|HTX|OKX,ICP,HTX,OKX,-26.472420477823277,0.5530202003130799,-35.562748626377676,16.437605974262993,-51.32850241545861,-1.4994230185227941,20.0,49.96106410405194,-91.72681789313287,-110.02438971190682,FLAT
2026-10-02T02:27:44.163558+00:00,1,PERP,DOT|HTX|OKX,DOT,HTX,OKX,7.600959344260527,0.96625402933827,-0.9777961113210325,8.878364482947243,-21.69951212817822,37.06417270358919,20.0,58.71860235864361,-105.4403183755008,-122.76057117355384,FLAT
2026-10-02T02:27:44.670737+00:00,1,PERP,UNI|HTX|OKX,UNI,HTX,OKX,-8.319406785493033,0.5754506441007504,-14.71071278264268,11.106610206575164,-19.849960727326142,3.2349316337598744,20.0,23.104089087374152,-54.24333703205761,-67.04973350377671,FLAT
2026-10-02T02:27:45.131382+00:00,1,PERP,ICP|BITGET|HTX,ICP,BITGET,HTX,16.716192583505762,-0.6530601422918499,28.413702136278584,17.91184118467492,-10.62338199703805,44.07677816196332,21.999999999999996,54.60886685490966,-121.64595098822628,-98.27194288059438,FLAT
2026-10-02T02:27:55.415384+00:00,2,PERP,OP|GATE|OKX,OP,GATE,OKX,0.6617481144699511,-0.20058396230444578,2.1057277561630108,7.198878839083812,-9.11722284520411,10.456690937998836,20.0,19.572605537046993,-56.79555613841411,-53.92356871888282,FLAT
2026-10-02T02:27:55.656475+00:00,2,PERP,OP|BITGET|GATE,OP,BITGET,GATE,-16.295991926134068,-0.8670641578748524,-8.738445784407569,8.71624789594557,-31.612001568779302,-0.9594987595606952,21.999999999999996,30.702521926053144,-81.57607771042487,-66.48146895090001,FLAT
2026-10-02T02:27:56.038521+00:00,2,PERP,DOT|GATE|HTX,DOT,GATE,HTX,-3.831625032630903,-0.3566580022477559,0.09327704567673062,11.004665684133908,-39.55567591952924,31.94793028504339,20.0,71.53097110539726,-137.17992407060322,-129.38562434476393,FLAT
2026-10-02T02:27:56.742408+00:00,2,PERP,ICP|HTX|MEXC,ICP,HTX,MEXC,-26.472420477823277,0.520949658152376,-35.667889609691684,17.651358414326406,-51.32850241545861,-1.4994230185227941,26.0,49.96106410405194,-97.62167690981886,-116.12953069522084,FLAT
2026-10-02T02:27:57.189631+00:00,2,PERP,DOT|BITGET|HTX,DOT,BITGET,HTX,-7.3829883189013845,-1.1703135531286053,3.307645179551236,9.134845503474939,-39.55567591952924,24.81678066859505,21.999999999999996,64.42000641051192,-135.2833275095924,-113.92914189955573,FLAT
2026-10-02T02:27:57.666280+00:00,2,PERP,ICP|HTX|OKX,ICP,HTX,OKX,-26.472420477823277,0.5530202003130799,-35.562748626377676,16.437605974262993,-51.32850241545861,-1.4994230185227941,20.0,49.96106410405194,-91.72681789313287,-110.02438971190682,FLAT
2026-10-02T02:27:58.262062+00:00,2,PERP,DOT|HTX|OKX,DOT,HTX,OKX,5.955226816303227,0.78088964932005,-0.9777961113210325,8.878364482947243,-23.51562178771749,35.59159347113594,20.0,59.07157329659235,-107.6093989729888,-121.64096287904931,FLAT
2026-10-02T02:27:59.221496+00:00,2,PERP,UNI|HTX|OKX,UNI,HTX,OKX,-5.202240061878971,0.8561093388453167,-14.71071278264268,11.106610206575164,-15.581394108152846,5.196653557084652,20.0,20.78884376782528,-47.659525093335446,-66.69621010755262,FLAT
2026-10-02T02:27:59.619872+00:00,2,PERP,ICP|BITGET|HTX,ICP,BITGET,HTX,18.620984952071318,-0.5467175084483082,28.413702136278584,17.91184118467492,-8.235920985335543,45.49590536851555,21.999999999999996,53.631952336459776,-118.2815754580739,-98.71415556869674,FLAT
2026-10-02T02:47:06.286483+00:00,0,PERP,OP|GATE|OKX,OP,GATE,OKX,3.8058224933879004,0.22463826639068238,2.1802725426654637,7.236300283297868,-6.81642564183127,14.44593781132708,20.0,21.25425944514431,-56.25095762964105,-59.519924713805935,FLAT
2026-10-02T02:47:06.581227+00:00,0,PERP,OP|BITGET|GATE,OP,BITGET,GATE,-18.52275723602359,-1.106626900810937,-8.823079735435904,8.76508378160675,-30.597576732387388,-6.438677908754409,21.999999999999996,24.203727250852545,-73.97822424780402,-54.588129077534035,FLAT
2026-10-02T02:47:07.036142+00:00,0,PERP,DOT|HTX|OKX,DOT,HTX,OKX,-2.1772676804465707,-0.09217189503294958,-1.3506603434482949,8.968106131514173,-26.147895594851313,21.903822718980503,20.0,48.06192874833644,-98.85916399973947,-97.31641181076523,FLAT
2026-10-02T02:47:07.483223+00:00,0,PERP,DOT|GATE|HTX,DOT,GATE,HTX,4.873034050081326,0.3718592397404333,0.7114666992812102,11.191243637525291,-22.309934731898906,32.07880733607338,20.0,54.36224160089838,-103.38364303207851,-111.72958223769055,FLAT
2026-10-02T02:47:07.976376+00:00,0,PERP,DOT|BITGET|HTX,DOT,BITGET,HTX,4.873034050081326,0.1290938497172292,3.6924186853082452,9.145403652917116,-22.309934731898906,32.07880733607338,21.999999999999996,54.36224160089838,-108.36459501810552,-110.74863025166351,FLAT
2026-10-02T02:47:08.749673+00:00,0,PERP,ICP|HTX|MEXC,ICP,HTX,MEXC,-17.632447183203446,1.0611017722977623,-36.00238186613881,17.312132693131026,-39.14483589280482,3.9665195040838874,26.0,43.1873313613933,-78.32978538805929,-115.15623273161599,FLAT
2026-10-02T02:47:09.286097+00:00,0,PERP,ICP|HTX|OKX,ICP,HTX,OKX,-20.64963550202359,0.9351699952427861,-35.813014752510156,16.21456989384042,-42.15597711532793,0.9432597520420138,20.0,43.188245198960296,-75.53120756177806,-105.94451970351246,FLAT
2026-10-02T02:47:09.792699+00:00,0,PERP,UNI|HTX|OKX,UNI,HTX,OKX,-6.837873881117007,0.7125508730507408,-14.73812410197654,11.087278845137217,-15.290887306130818,1.6278949244408203,20.0,16.930349373433142,-43.48311257758742,-59.29636839985051,FLAT
2026-10-02T02:47:20.134092+00:00,1,PERP,OP|GATE|OKX,OP,GATE,OKX,2.8091790496342917,0.0869099515425596,2.1802725426654637,7.236300283297868,-7.99023456625414,13.628822534832441,20.0,21.61296670181309,-57.783473810732694,-59.06151669398007,FLAT
2026-10-02T02:47:20.424708+00:00,1,PERP,OP|BITGET|GATE,OP,BITGET,GATE,-16.092332705072153,-0.8293420976637491,-8.823079735435904,8.76508378160675,-32.22266437733046,0.06004206273502177,21.999999999999996,32.33472550479784,-83.7343101466924,-69.21784730296875,FLAT
2026-10-02T02:47:20.887789+00:00,1,PERP,DOT|HTX|OKX,DOT,HTX,OKX,-4.632888937891044,-0.3659890445440768,-1.3506603434482949,8.968106131514173,-29.44328514544514,20.29183961127945,20.0,49.75791421572825,-103.8505390177251,-97.40041417045599,FLAT
2026-10-02T02:47:21.338077+00:00,1,PERP,DOT|GATE|HTX,DOT,GATE,HTX,4.696824906831321,0.356113970585613,0.7114666992812102,11.191243637525291,-22.662205315846506,32.07880733607338,20.0,54.71530420799406,-104.08897622312176,-112.08264484478622,FLAT
2026-10-02T02:47:21.836411+00:00,1,PERP,DOT|BITGET|HTX,DOT,BITGET,HTX,4.696824906831321,0.10982634114817875,3.6924186853082452,9.145403652917116,-22.662205315846506,32.07880733607338,21.999999999999996,54.71530420799406,-109.0699282091488,-111.1016928587592,FLAT
2026-10-02T02:47:22.838622+00:00,1,PERP,ICP|HTX|MEXC,ICP,HTX,MEXC,-14.615258864383307,1.235383495543638,-36.00238186613881,17.312132693131026,-36.133694670280605,6.989779256125761,26.0,43.186418076074744,-75.31773088021654,-118.17857919833932,FLAT
2026-10-02T02:47:23.341523+00:00,1,PERP,ICP|HTX|OKX,ICP,HTX,OKX,-20.64963550202359,0.9351699952427861,-35.813014752510156,16.21456989384042,-42.15597711532793,0.9432597520420138,20.0,43.188245198960296,-75.53120756177806,-105.94451970351246,FLAT
2026-10-02T02:47:23.887583+00:00,1,PERP,UNI|HTX|OKX,UNI,HTX,OKX,-5.999074904950996,0.7882050518516917,-14.73812410197654,11.087278845137217,-15.091628881988006,3.1090413546364104,20.0,18.211582194839036,-44.5650869748505,-62.05874765145199,FLAT
2026-10-02T02:47:34.240547+00:00,2,PERP,OP|GATE|OKX,OP,GATE,OKX,1.16799830458314,-0.13988836815116112,2.1802725426654637,7.236300283297868,-12.528226886608929,14.893352614482325,20.0,27.41834609992908,-68.12684552920348,-66.13142617174594,FLAT
2026-10-02T02:47:34.530928+00:00,2,PERP,OP|BITGET|GATE,OP,BITGET,GATE,-14.45747449609458,-0.6428226929766804,-8.823079735435904,8.76508378160675,-32.2010260954142,3.3119606586318184,21.999999999999996,35.56438500779986,-86.94233136777815,-75.69942540186759,FLAT
2026-10-02T02:47:35.035958+00:00,2,PERP,DOT|HTX|OKX,DOT,HTX,OKX,-8.839642272020498,-0.8350683877675927,-1.3506603434482949,8.968106131514173,-37.15744476019189,19.629313347631072,20.0,56.83659729217337,-118.64338170891696,-103.81657098325273,FLAT
2026-10-02T02:47:35.479112+00:00,2,PERP,DOT|GATE|HTX,DOT,GATE,HTX,9.645314142197048,0.7982890670845381,0.7114666992812102,11.191243637525291,-21.18553250313959,40.50204730864593,20.0,61.62812668460257,-109.52512588702336,-127.41870729396729,FLAT
2026-10-02T02:47:35.974536+00:00,2,PERP,DOT|BITGET|HTX,DOT,BITGET,HTX,9.645314142197048,0.6509166443396954,3.6924186853082452,9.145403652917116,-21.18553250313959,40.50204730864593,21.999999999999996,61.62812668460257,-114.5060778730504,-126.43775530794025,FLAT
2026-10-02T02:47:36.736714+00:00,2,PERP,ICP|HTX|MEXC,ICP,HTX,MEXC,-14.615258864383307,1.235383495543638,-36.00238186613881,17.312132693131026,-36.133694670280605,6.989779256125761,26.0,43.186418076074744,-75.31773088021654,-118.17857919833932,FLAT
2026-10-02T02:47:37.288344+00:00,2,PERP,ICP|HTX|OKX,ICP,HTX,OKX,-20.64963550202359,0.9351699952427861,-35.813014752510156,16.21456989384042,-42.15597711532793,0.9432597520420138,20.0,43.188245198960296,-75.53120756177806,-105.94451970351246,FLAT
2026-10-02T02:47:37.789041+00:00,2,PERP,UNI|HTX|OKX,UNI,HTX,OKX,-6.734141808891758,0.7219068271738524,-14.73812410197654,11.087278845137217,-18.773067914628072,5.331213750805475,20.0,24.120495770416614,-54.155439583068144,-70.18983362319862,FLAT
2026-10-02T03:01:57.879578+00:00,0,PERP,OP|GATE|OKX,OP,GATE,OKX,-1.0362930328766673,-0.42389692677977403,1.9224497103772127,6.979863632724629,-11.73626626048807,9.682971560664999,20.0,21.421440335205766,-61.080156306071046,-55.18196218549355,FLAT
2026-10-02T03:01:58.184653+00:00,0,PERP,OP|BITGET|GATE,OP,BITGET,GATE,-16.849043219134828,-0.8815980152479495,-8.988953045309605,8.915730341809551,-30.41994914434798,-3.267817213372659,21.999999999999996,27.19795395865476,-76.62895005769313,-60.919089790591705,FLAT
2026-10-02T03:01:58.636152+00:00,0,PERP,DOT|HTX|OKX,DOT,HTX,OKX,14.232372485607492,1.5274214375196902,-0.38394596508637474,9.569276750775893,-16.583429592035294,45.23155025399017,20.0,61.72658428345329,-103.92606791040221,-133.34208050252983,FLAT
2026-10-02T03:01:59.028708+00:00,0,PERP,DOT|GATE|HTX,DOT,GATE,HTX,-13.25327793790132,-1.1125534661946939,-0.5723247829671515,11.398061792308539,-47.014229931446884,20.53573802238695,20.0,67.63960093760458,-140.08150608608432,-114.74766374295868,FLAT
2026-10-02T03:01:59.460012+00:00,0,PERP,DOT|BITGET|HTX,DOT,BITGET,HTX,-13.25327793790132,-1.6355247681627618,2.760678702741508,9.791326277884393,-47.014229931446884,20.53573802238695,21.999999999999996,67.63960093760458,-145.41450957179296,-113.41466025725003,FLAT
2026-10-02T03:02:00.212741+00:00,0,PERP,ICP|HTX|MEXC,ICP,HTX,MEXC,-22.815461271294968,0.8214123991832954,-36.34510227341508,16.47119159093801,-48.23635815495941,2.727881176114444,26.0,51.0804876347825,-94.97174351632682,-122.15347108431203,FLAT
2026-10-02T03:02:00.637347+00:00,0,PERP,ICP|HTX|OKX,ICP,HTX,OKX,-25.83747688199578,0.6499543277033178,-36.06773101574653,15.73995848277591,-51.25113053964569,-0.301412549256197,20.0,51.081405352173824,-92.26480487607299,-112.84772381866415,FLAT
2026-10-02T03:02:01.090748+00:00,0,PERP,UNI|HTX|OKX,UNI,HTX,OKX,-6.7447723598446085,0.7083828542698606,-14.640724613948992,11.146447442242012,-19.199659112970615,5.7395411182747935,20.0,24.955997761909096,-55.51493226093072,-71.33626349413288,FLAT
2026-10-02T03:02:11.427974+00:00,1,PERP,OP|GATE|OKX,OP,GATE,OKX,-0.3691607867695179,-0.32831737376682635,1.9224497103772127,6.979863632724629,-12.112523504049788,11.396056345260863,20.0,23.50942740853794,-63.54440062296494,-58.9830340434216,FLAT
2026-10-02T03:02:11.760141+00:00,1,PERP,OP|BITGET|GATE,OP,BITGET,GATE,-14.91980082862554,-0.6652116602835927,-8.988953045309605,8.915730341809551,-28.031437245861213,-1.7982011618333793,21.999999999999996,26.272430242686145,-73.31491444323774,-61.463182126162366,FLAT
2026-10-02T03:02:12.192550+00:00,1,PERP,DOT|HTX|OKX,DOT,HTX,OKX,24.727268733324426,2.6241496982909123,-0.38394596508637474,9.569276750775893,-11.569472498341726,61.27712458085854,20.0,72.66603434489517,-109.85156087815052,-160.32710489084008,FLAT
2026-10-02T03:02:12.593010+00:00,1,PERP,DOT|GATE|HTX,DOT,GATE,HTX,-23.70771719363951,-2.029765484012749,-0.5723247829671515,11.398061792308539,-63.52001064466095,16.137615505060765,20.0,79.84691124523495,-168.79459710692873,-122.55685153326286,FLAT
2026-10-02T03:02:13.072021+00:00,1,PERP,DOT|BITGET|HTX,DOT,BITGET,HTX,-15.425199731782246,-1.85734576893838,2.760678702741508,9.791326277884393,-55.27396915972038,24.456666680729988,21.999999999999996,79.85379818018744,-165.88844604264932,-129.54978615817592,FLAT
2026-10-02T03:02:13.744103+00:00,1,PERP,ICP|HTX|MEXC,ICP,HTX,MEXC,-19.793445660593044,1.0048851973726234,-36.34510227341508,16.47119159093801,-45.221585770274245,5.757174901486195,26.0,51.07957047316518,-91.95605397002434,-125.18184764806645,FLAT
2026-10-02T03:02:14.183896+00:00,1,PERP,ICP|HTX|OKX,ICP,HTX,OKX,-25.83747688199578,0.6499543277033178,-36.06773101574653,15.73995848277591,-51.25113053964569,-0.301412549256197,20.0,51.081405352173824,-92.26480487607299,-112.84772381866415,FLAT
2026-10-02T03:02:14.642655+00:00,1,PERP,UNI|HTX|OKX,UNI,HTX,OKX,-3.5711262789350773,0.9931055066983171,-14.640724613948992,11.146447442242012,-20.094043817917573,13.004765327042644,20.0,33.11054855589397,-64.56386775986255,-86.75603849688561,FLAT
2026-10-02T03:02:24.977032+00:00,2,PERP,OP|GATE|OKX,OP,GATE,OKX,-0.4925768717867207,-0.3459991067506306,1.9224497103772127,6.979863632724629,-11.365017408450084,10.399649855652449,20.0,21.765721405633695,-61.05318852446099,-56.24292155090893,FLAT
2026-10-02T03:02:25.284601+00:00,2,PERP,OP|BITGET|GATE,OP,BITGET,GATE,-15.45593195523054,-0.7253448300914388,-8.988953045309605,8.915730341809551,-31.50219112635466,0.6117277621475736,21.999999999999996,32.16361649408819,-82.67685457513323,-69.76429730154537,FLAT
2026-10-02T03:02:25.729626+00:00,2,PERP,DOT|HTX|OKX,DOT,HTX,OKX,3.7536491261613847,0.43238326145309536,-0.38394596508637474,9.569276750775893,-18.8390412438455,26.44047028849794,20.0,45.26232595644248,-89.71742123520161,-98.0867422100268,FLAT
2026-10-02T03:02:26.127710+00:00,2,PERP,DOT|GATE|HTX,DOT,GATE,HTX,-2.486491468181029,-0.1679379108565252,-0.5723247829671515,11.398061792308539,-31.406391389340314,26.480655141059017,20.0,57.90140510321812,-114.73547170959128,-110.95438502724429,FLAT
2026-10-02T03:02:26.571636+00:00,2,PERP,DOT|BITGET|HTX,DOT,BITGET,HTX,1.5300077838653614,-0.12568991002330862,2.760678702741508,9.791326277884393,-23.399950811008317,26.480655141059017,21.999999999999996,49.872966768343105,-104.03359628209293,-101.5929432066606,FLAT
2026-10-02T03:02:27.270100+00:00,2,PERP,ICP|HTX|MEXC,ICP,HTX,MEXC,-22.815461271294968,0.8214123991832954,-36.34510227341508,16.47119159093801,-48.23635815495941,2.727881176114444,26.0,51.0804876347825,-94.97174351632682,-122.15347108431203,FLAT
2026-10-02T03:02:27.747032+00:00,2,PERP,ICP|HTX|OKX,ICP,HTX,OKX,-22.815461271294968,0.8419507433233321,-36.06773101574653,15.73995848277591,-48.23635815495941,2.727881176114444,20.0,51.0804876347825,-89.24911477399539,-115.87609982664347,FLAT
2026-10-02T03:02:28.231215+00:00,2,PERP,UNI|HTX|OKX,UNI,HTX,OKX,-10.85528372347433,0.3396096298923788,-14.640724613948992,11.146447442242012,-20.214775508524685,-1.4793486231468034,20.0,18.755772376815138,-50.32982327139083,-57.91714836761733,FLAT
2026-10-02T03:24:26.889062+00:00,0,PERP,OP|GATE|OKX,OP,GATE,OKX,4.317817849543992,0.3546547496027419,1.8156438619117605,7.055238906105114,-6.703263986148622,15.361639843689545,20.0,22.055357292220226,-56.5742651402806,-61.60135327399801,FLAT
2026-10-02T03:24:27.232280+00:00,0,PERP,OP|BITGET|GATE,OP,BITGET,GATE,-16.33537577251376,-0.8384670797859602,-8.884552798323819,8.88624390130135,-32.42668300750928,-0.22529350054312225,21.999999999999996,32.254066790292256,-83.79619699947773,-68.91332608807295,FLAT
2026-10-02T03:24:27.756078+00:00,0,PERP,DOT|HTX|OKX,DOT,HTX,OKX,-2.750999860191561,-0.1976894445491516,-0.9520841441116529,9.099705450548942,-21.554363134564937,16.11959963447651,20.0,37.684209699014424,-84.28648868946772,-80.75589347760258,FLAT
2026-10-02T03:24:28.234056+00:00,0,PERP,DOT|GATE|HTX,DOT,GATE,HTX,-0.44707567273261084,-0.0472155612014981,0.06387638341586059,10.821687662843228,-22.476592754400173,21.600922547426737,20.0,44.079478239161844,-92.61994737697788,-91.61652440317272,FLAT
2026-10-02T03:24:28.638560+00:00,0,PERP,DOT|BITGET|HTX,DOT,BITGET,HTX,7.94533131369235,0.5020543853250277,3.281811320488733,9.288874132997515,-14.106187211408994,30.01536496770152,21.999999999999996,44.08651621166086,-89.47451474355857,-98.82006985887364,FLAT
2026-10-02T03:24:29.346002+00:00,0,PERP,ICP|HTX|MEXC,ICP,HTX,MEXC,-38.296709010596786,-0.09671291166321323,-36.72786775532914,16.22163192367606,-57.87389582698754,-18.648302233099656,26.0,39.376262409687065,-92.52229048134546,-89.45582793191655,FLAT
2026-10-02T03:24:29.840614+00:00,0,PERP,ICP|HTX|OKX,ICP,HTX,OKX,-41.348233988692805,-0.31473747463721546,-36.45085534830996,15.560201866739407,-60.91989034419765,-21.70537779137338,20.0,39.37720105109702,-89.8462360469847,-80.1226786080336,FLAT
2026-10-02T03:24:30.336244+00:00,0,PERP,UNI|HTX|OKX,UNI,HTX,OKX,-11.359613122752243,0.3069586854640825,-14.763101006147934,11.087771887770662,-21.916537616024634,-0.7815045724579583,20.0,21.159047669929077,-54.31248427980578,-61.14064410361905,FLAT
2026-10-02T03:24:40.689414+00:00,1,PERP,OP|GATE|OKX,OP,GATE,OKX,2.9144047766060943,0.15573688280683767,1.8156438619117605,7.055238906105114,-8.858444989567893,14.709530182199781,20.0,23.561087463016495,-60.235176314496144,-62.45497378330451,FLAT
2026-10-02T03:24:41.033454+00:00,1,PERP,OP|BITGET|GATE,OP,BITGET,GATE,-13.37793761905015,-0.5056562559652786,-8.884552798323819,8.88624390130135,-29.136081585958706,2.4007997532571324,21.999999999999996,31.579114233865546,-79.83064302150044,-70.8644667854465,FLAT
2026-10-02T03:24:41.565574+00:00,1,PERP,DOT|HTX|OKX,DOT,HTX,OKX,-1.964528567162116,-0.11126123021810415,-0.9520841441116529,9.099705450548942,-25.59779659688788,21.773217231315645,20.0,47.380091354581445,-98.02580380735768,-96.10539273000875,FLAT
2026-10-02T03:24:42.041042+00:00,1,PERP,DOT|GATE|HTX,DOT,GATE,HTX,1.9607694116974272,0.17528624807705712,0.06387638341586059,10.821687662843228,-24.284965914251888,28.228541459163203,20.0,52.503203458409395,-102.85204575607713,-106.66786853415672,FLAT
2026-10-02T03:24:42.450050+00:00,1,PERP,DOT|BITGET|HTX,DOT,BITGET,HTX,1.9607694116974272,-0.14221765629254,3.281811320488733,9.288874132997515,-24.284965914251888,28.228541459163203,21.999999999999996,52.503203458409395,-108.06998069315,-105.44993359708386,FLAT
2026-10-02T03:24:43.517523+00:00,1,PERP,ICP|HTX|MEXC,ICP,HTX,MEXC,-38.296709010596786,-0.09671291166321323,-36.72786775532914,16.22163192367606,-57.87389582698754,-18.648302233099656,26.0,39.376262409687065,-92.52229048134546,-89.45582793191655,FLAT
2026-10-02T03:24:44.037068+00:00,1,PERP,ICP|HTX|OKX,ICP,HTX,OKX,-41.348233988692805,-0.31473747463721546,-36.45085534830996,15.560201866739407,-60.91989034419765,-21.70537779137338,20.0,39.37720105109702,-89.8462360469847,-80.1226786080336,FLAT
2026-10-02T03:24:44.539576+00:00,1,PERP,UNI|HTX|OKX,UNI,HTX,OKX,-11.359613122752243,0.3069586854640825,-14.763101006147934,11.087771887770662,-21.916537616024634,-0.7815045724579583,20.0,21.159047669929077,-54.31248427980578,-61.14064410361905,FLAT
2026-10-02T03:24:54.890311+00:00,2,PERP,OP|GATE|OKX,OP,GATE,OKX,2.856859871087636,0.14758054589404185,1.8156438619117605,7.055238906105114,-8.97634753526888,14.712324643142427,20.0,23.68188568298095,-60.473877080161586,-62.57856646421161,FLAT
2026-10-02T03:24:55.261459+00:00,2,PERP,OP|BITGET|GATE,OP,BITGET,GATE,-14.273454556988918,-0.6064318983947671,-8.884552798323819,8.88624390130135,-28.04940873076367,-0.4853558291417759,21.999999999999996,27.603447205736117,-74.76830313817597,-64.00264417491816,FLAT
2026-10-02T03:24:55.737315+00:00,2,PERP,DOT|HTX|OKX,DOT,HTX,OKX,3.317861547760259,0.4692399896981639,-0.9520841441116529,9.099705450548942,-15.053412943724087,21.75154271409907,20.0,36.79264255134498,-76.89397135095741,-85.49626940955571,FLAT
2026-10-02T03:24:56.216758+00:00,2,PERP,DOT|GATE|HTX,DOT,GATE,HTX,-0.44707567273261084,-0.0472155612014981,0.06387638341586059,10.821687662843228,-22.476592754400173,21.600922547426737,20.0,44.079478239161844,-92.61994737697788,-91.61652440317272,FLAT
2026-10-02T03:24:56.715327+00:00,2,PERP,DOT|BITGET|HTX,DOT,BITGET,HTX,-0.44707567273261084,-0.40143584032159063,3.281811320488733,9.288874132997515,-22.476592754400173,21.600922547426737,21.999999999999996,44.079478239161844,-97.83788231405074,-90.39858946609985,FLAT
2026-10-02T03:24:57.496516+00:00,2,PERP,ICP|HTX|MEXC,ICP,HTX,MEXC,-26.090609098220476,0.6557452855025765,-36.72786775532914,16.22163192367606,-45.68991775814823,-6.420000000000314,26.0,39.37251358760796,-80.33456359042705,-101.68038134293678,FLAT
2026-10-02T03:24:57.986295+00:00,2,PERP,ICP|HTX|OKX,ICP,HTX,OKX,-29.142134076313162,0.4697060703061634,-36.45085534830996,15.560201866739407,-48.73591227535834,-9.47707555827515,20.0,39.373449932648306,-77.65850685969667,-92.34722972268311,FLAT
2026-10-02T03:24:58.489250+00:00,2,PERP,UNI|HTX|OKX,UNI,HTX,OKX,-9.597216658748797,0.4659082455598574,-14.763101006147934,11.087771887770662,-18.426836578379067,-0.7529461277577809,20.0,17.690856604500976,-47.35459217673211,-57.70101148289113,FLAT
2026-10-02T04:00:57.184718+00:00,0,PERP,OP|GATE|OKX,OP,GATE,OKX,0.4416826193254231,-0.19226687662364667,1.7942744837179236,7.034970807999005,-9.892604142690553,10.794100999138578,20.0,20.68577559495486,-58.37265422136334,-55.68560211037551,FLAT
2026-10-02T04:00:57.489838+00:00,0,PERP,OP|BITGET|GATE,OP,BITGET,GATE,-11.999243878284549,-0.30948384239887605,-9.193125727142489,9.067090964721237,-25.667547524628187,1.6825340625215013,21.999999999999996,27.382932397295612,-71.8573541947813,-66.25859218695959,FLAT
2026-10-02T04:00:58.387207+00:00,0,PERP,DOT|HTX|OKX,DOT,HTX,OKX,5.7386281239035775,0.7067582308890918,-0.5827849316513707,8.944236910552425,-10.51446630716213,22.03790632465452,20.0,32.53363726388727,-68.46531863939803,-81.15432852019316,FLAT
2026-10-02T04:00:58.882851+00:00,0,PERP,DOT|GATE|HTX,DOT,GATE,HTX,-5.7973648475440065,-0.5065858616680743,-0.5246216585355818,10.408389945282835,-24.145432746099928,12.566044244906038,20.0,36.73276590472471,-86.35357699228905,-75.82343180816633,FLAT
2026-10-02T04:00:59.391682+00:00,0,PERP,DOT|BITGET|HTX,DOT,BITGET,HTX,-5.7973648475440065,-0.9571976056575681,2.978671435968693,9.168468696162071,-24.145432746099928,12.566044244906038,21.999999999999996,36.73276590472471,-91.85687008679332,-74.32013871366205,FLAT
2026-10-02T04:01:00.502529+00:00,0,PERP,ICP|HTX|MEXC,ICP,HTX,MEXC,-26.727722399204623,0.5700696754704395,-36.13236574649704,16.497357694971942,-54.86132276744882,1.5568098159479682,26.0,56.56892465647716,-107.29788167742893,-126.25810021892215,FLAT
2026-10-02T04:01:01.445178+00:00,0,PERP,ICP|HTX|OKX,ICP,HTX,OKX,-29.783727386977212,0.38619418566183916,-35.85530035638662,15.721554582714052,-57.90917403230678,-1.5073926380382296,20.0,56.56986387329947,-104.62373754921963,-116.91777159164786,FLAT
2026-10-02T04:01:01.983249+00:00,0,PERP,UNI|HTX|OKX,UNI,HTX,OKX,-8.489817276005063,0.5319892795323296,-14.506799821067055,11.3103454835622,-19.80482621145363,2.849624740630663,20.0,22.673674135769748,-53.97170052615632,-66.03009869746747,FLAT
2026-10-02T04:01:02.488190+00:00,0,PERP,ARB|GATE|HTX,ARB,GATE,HTX,35.22752819501651,0.1805068453443581,32.865972420588534,13.082915331674924,-2.4587239627260615,72.9626859661603,20.0,75.15662002186221,-136.4813164051768,-141.25333356743397,FLAT
2026-10-02T04:01:12.834669+00:00,1,PERP,OP|GATE|OKX,OP,GATE,OKX,-1.1222416446987626,-0.4145740199945829,1.7942744837179236,7.034970807999005,-11.32934278810338,9.103014318985192,20.0,20.434634235687152,-59.55825150750846,-53.743374070954424,FLAT
2026-10-02T04:01:13.140381+00:00,1,PERP,OP|BITGET|GATE,OP,BITGET,GATE,-9.562927447479552,-0.04078504580751528,-9.193125727142489,9.067090964721237,-24.675183180260518,5.568888796134708,21.999999999999996,30.273009184578306,-73.75506663769633,-73.0350237078555,FLAT
2026-10-02T04:01:13.733794+00:00,1,PERP,DOT|HTX|OKX,DOT,HTX,OKX,12.360582019961264,1.4471180807321897,-0.5827849316513707,8.944236910552425,-8.713604718417756,33.5157378326989,20.0,42.177054010279576,-76.30787379704596,-102.27557677462985,FLAT
2026-10-02T04:01:14.228158+00:00,1,PERP,DOT|GATE|HTX,DOT,GATE,HTX,-9.154616634838852,-0.8291383222257592,-0.5246216585355818,10.408389945282835,-32.47252336985085,14.182770389845611,20.0,46.69803588757868,-104.64593759889395,-87.40542793595988,FLAT
2026-10-02T04:01:14.725516+00:00,1,PERP,DOT|BITGET|HTX,DOT,BITGET,HTX,-9.154616634838852,-1.3233712709175252,2.978671435968693,9.168468696162071,-32.47252336985085,14.182770389845611,21.999999999999996,46.69803588757868,-110.14923069339822,-85.9021348414556,FLAT
2026-10-02T04:01:15.848885+00:00,1,PERP,ICP|HTX|MEXC,ICP,HTX,MEXC,-23.671717411429817,0.7553117635841144,-36.13236574649704,16.497357694971942,-51.81347150259086,4.6210122699363865,26.0,56.567986015067206,-104.24909177116103,-129.32136403150062,FLAT
2026-10-02T04:01:16.731461+00:00,1,PERP,ICP|HTX|OKX,ICP,HTX,OKX,-26.727722399204623,0.5805773156312307,-35.85530035638662,15.721554582714052,-54.86132276744882,1.5568098159479682,20.0,56.56892465647716,-101.57494706753934,-119.98103482881174,FLAT
2026-10-02T04:01:17.293774+00:00,1,PERP,UNI|HTX|OKX,UNI,HTX,OKX,-4.7141694643715315,0.8658117801023465,-14.506799821067055,11.3103454835622,-13.605330309668373,4.191854564707942,20.0,17.80556630720062,-42.90409679580194,-62.50422069297562,FLAT
2026-10-02T04:01:17.798654+00:00,1,PERP,ARB|GATE|HTX,ARB,GATE,HTX,47.650120210465104,1.130034660859022,32.865972420588534,13.082915331674924,26.134654069076557,69.19062990055514,20.0,42.85177205590509,-75.58309040741706,-105.17642953587169,FLAT
2026-10-02T04:01:28.130854+00:00,2,PERP,OP|GATE|OKX,OP,GATE,OKX,-1.0131427316106834,-0.3990659367252067,1.7942744837179236,7.034970807999005,-10.721024557243108,8.711838312942533,20.0,19.43481684871105,-57.950115889672084,-52.352380677935656,FLAT
2026-10-02T04:01:28.437479+00:00,2,PERP,OP|BITGET|GATE,OP,BITGET,GATE,-10.167579942756966,-0.10747153849078388,-9.193125727142489,9.067090964721237,-25.8648404640438,5.551266532026755,21.999999999999996,31.448067238166477,-76.11978197506778,-74.19245949733572,FLAT
2026-10-02T04:01:29.335772+00:00,2,PERP,DOT|HTX|OKX,DOT,HTX,OKX,12.061547611725842,1.413684886684901,-0.5827849316513707,8.944236910552425,-11.719703226428235,35.9495893168682,20.0,47.611626315883946,-84.7485446106608,-110.14400056440351,FLAT
2026-10-02T04:01:29.921255+00:00,2,PERP,DOT|GATE|HTX,DOT,GATE,HTX,-14.02668646084404,-1.297228954073507,-0.5246216585355818,10.408389945282835,-40.55267095564696,12.521439924189082,20.0,53.14865158966793,-119.17670088677932,-92.1947131723926,FLAT
2026-10-02T04:01:30.417285+00:00,2,PERP,DOT|BITGET|HTX,DOT,BITGET,HTX,-5.687669080016722,-0.9452331466881871,2.978671435968693,9.168468696162071,-32.23927585627617,20.886119489704758,21.999999999999996,53.15561924147161,-116.37356653371648,-99.06306729520767,FLAT
2026-10-02T04:01:31.172845+00:00,2,PERP,ICP|HTX|MEXC,ICP,HTX,MEXC,-23.671717411429817,0.7553117635841144,-36.13236574649704,16.497357694971942,-51.81347150259086,4.6210122699363865,26.0,56.567986015067206,-104.24909177116103,-129.32136403150062,FLAT
2026-10-02T04:01:32.132180+00:00,2,PERP,ICP|HTX|OKX,ICP,HTX,OKX,-23.671717411429817,0.7749604456007633,-35.85530035638662,15.721554582714052,-51.81347150259086,4.6210122699363865,20.0,56.567986015067206,-98.52615716127144,-123.04429864139021,FLAT
2026-10-02T04:01:32.680234+00:00,2,PERP,UNI|HTX|OKX,UNI,HTX,OKX,-5.58473584501451,0.7888409765218362,-14.506799821067055,11.3103454835622,-12.454258972075527,1.2934850889378957,20.0,13.755420597205182,-37.702879748213654,-55.555705507210135,FLAT
2026-10-02T04:01:33.205253+00:00,2,PERP,ARB|GATE|HTX,ARB,GATE,HTX,46.242461706256236,1.0224394904767142,32.865972420588534,13.082915331674924,23.611167424386625,68.89522804758519,20.0,45.075609726261504,-80.33041472246342,-107.10486535325816,FLAT
2026-10-02T04:23:58.991522+00:00,0,PERP,OP|GATE|OKX,OP,GATE,OKX,-1.309345950268881,-0.44682162522510166,1.8264123758124515,7.017919789584014,-13.326457094545718,10.730896798325507,20.0,24.060482000860464,-65.21335147121863,-58.96496642337352,FLAT
2026-10-02T04:23:59.298411+00:00,0,PERP,OP|BITGET|GATE,OP,BITGET,GATE,-12.916117867521892,-0.42033079022946485,-9.117142744997766,9.038060524783848,-26.303183543461284,0.4811126266957011,21.999999999999996,26.81893196116932,-72.00497275963284,-64.41718733286278,FLAT
2026-10-02T04:23:59.742064+00:00,0,PERP,DOT|HTX|OKX,DOT,HTX,OKX,20.981334762879555,1.9600134129864082,0.11390072090703793,10.646577163049866,-5.616932080410031,47.71061148806099,20.0,53.215568350818934,-84.94640115213599,-126.81227911797288,FLAT
2026-10-02T04:24:00.188464+00:00,0,PERP,DOT|GATE|HTX,DOT,GATE,HTX,-17.27341702136398,-1.3734317311651585,-1.1797986969038714,11.717814551151369,-45.889292065425245,11.365990814671267,20.0,57.35434375753203,-128.06383712605341,-95.90013326910717,FLAT
2026-10-02T04:24:00.676283+00:00,0,PERP,DOT|BITGET|HTX,DOT,BITGET,HTX,-17.27341702136398,-1.7990639171325047,2.2748375490656216,10.865792140163208,-45.889292065425245,11.365990814671267,21.999999999999996,57.35434375753203,-133.5184733720229,-94.44549702313766,FLAT
2026-10-02T04:24:01.392180+00:00,0,PERP,ICP|HTX|MEXC,ICP,HTX,MEXC,-24.3448617146802,0.6926264895880457,-35.96203275030608,16.77263461658164,-42.27053140096526,-6.36000000000192,26.0,35.998070638760396,-74.30656928941957,-97.60010338906456,FLAT
2026-10-02T04:24:01.841969+00:00,0,PERP,ICP|HTX|OKX,ICP,HTX,OKX,-24.3448617146802,0.70982559519772,-35.68458100076079,15.975359810633398,-42.27053140096526,-6.36000000000192,20.0,35.998070638760396,-68.58402103896486,-91.32265163951926,FLAT
2026-10-02T04:24:02.387681+00:00,0,PERP,UNI|HTX|OKX,UNI,HTX,OKX,-5.31462783344927,0.8279185358590829,-14.590591549433116,11.203957049178417,-17.24442933411341,6.641143880021794,20.0,23.898246005683315,-52.55208379036361,-71.12998143513823,FLAT
2026-10-02T04:24:12.736680+00:00,1,PERP,OP|GATE|OKX,OP,GATE,OKX,-0.5746494201375185,-0.3421329778538681,1.8264123758124515,7.017919789584014,-12.99466361671775,11.86984290106663,20.0,24.865911338190095,-65.6869873307203,-60.909341863444276,FLAT
2026-10-02T04:24:13.045067+00:00,1,PERP,OP|BITGET|GATE,OP,BITGET,GATE,-12.831104411514804,-0.4109246288330051,-9.117142744997766,9.038060524783848,-29.656310393805228,4.016940505024991,21.999999999999996,33.71649739813882,-82.25566504694628,-74.85058064816157,FLAT
2026-10-02T04:24:13.538846+00:00,1,PERP,DOT|HTX|OKX,DOT,HTX,OKX,6.116853072861694,0.5638387117306182,0.11390072090703793,10.646577163049866,-8.992688413921313,21.26848698517314,20.0,30.2426178847259,-65.34920701955426,-77.397204148992,FLAT
2026-10-02T04:24:13.945992+00:00,1,PERP,DOT|GATE|HTX,DOT,GATE,HTX,-6.5023943036623955,-0.4542310840920022,-1.1797986969038714,11.717814551151369,-24.50314325457392,11.513157894738058,20.0,36.03972951814429,-85.36307407581434,-74.73268610978621,FLAT
2026-10-02T04:24:14.501211+00:00,1,PERP,DOT|BITGET|HTX,DOT,BITGET,HTX,1.7193231835399558,-0.05112506832081934,2.2748375490656216,10.865792140163208,-16.29960965527588,19.753086419753707,21.999999999999996,36.046492417485325,-82.62093962182684,-81.5247412881734,FLAT
2026-10-02T04:24:15.191958+00:00,1,PERP,ICP|HTX|MEXC,ICP,HTX,MEXC,-29.949598203420358,0.3584669125828182,-35.96203275030608,16.77263461658164,-45.317220543806826,-14.539138872042834,26.0,30.870477892082853,-72.2256656855836,-84.2933717703461,FLAT
2026-10-02T04:24:15.687849+00:00,1,PERP,ICP|HTX|OKX,ICP,HTX,OKX,-38.57277681924454,-0.18079065840891625,-35.68458100076079,15.975359810633398,-54.38066465256908,-22.719381255688063,20.0,31.783816995171513,-76.47990064697981,-70.74901674024423,FLAT
2026-10-02T04:24:16.137474+00:00,1,PERP,UNI|HTX|OKX,UNI,HTX,OKX,-5.534959383080018,0.8082530240525284,-14.590591549433116,11.203957049178417,-14.376774580073803,3.3215607541903225,20.0,17.708124491412878,-43.49430752205356,-61.62027679503631,FLAT
2026-10-02T04:24:26.488188+00:00,2,PERP,OP|GATE|OKX,OP,GATE,OKX,-1.8517569266907064,-0.5241110489695666,1.8264123758124515,7.017919789584014,-14.565476279961853,10.8882974277269,20.0,25.45846074905633,-67.85034940483064,-60.52034580097078,FLAT
2026-10-02T04:24:26.802707+00:00,2,PERP,OP|BITGET|GATE,OP,BITGET,GATE,-11.93627580770018,-0.31191792254232953,-9.117142744997766,9.038060524783848,-26.562927006887893,2.7029720988380745,21.999999999999996,29.30086800801159,-74.74665226990172,-69.12098285184743,FLAT
2026-10-02T04:24:27.287838+00:00,2,PERP,DOT|HTX|OKX,DOT,HTX,OKX,12.64008452848353,1.176545627363695,0.11390072090703793,10.646577163049866,-6.571381632989315,31.92095242790849,20.0,38.4436158740335,-71.12889822792985,-96.25066758103495,FLAT
2026-10-02T04:24:27.674312+00:00,2,PERP,DOT|GATE|HTX,DOT,GATE,HTX,-10.612607210440661,-0.8049972520353585,-1.1797986969038714,11.717814551151369,-32.720191736239634,11.513157894738058,20.0,44.28033513888037,-101.82072817821611,-82.97329173052229,FLAT
2026-10-02T04:24:28.089845+00:00,2,PERP,DOT|BITGET|HTX,DOT,BITGET,HTX,-10.612607210440661,-1.1860566255331209,2.2748375490656216,10.865792140163208,-32.720191736239634,11.513157894738058,21.999999999999996,44.28033513888037,-107.27536442418563,-81.5186554845528,FLAT
2026-10-02T04:24:28.752726+00:00,2,PERP,ICP|HTX|MEXC,ICP,HTX,MEXC,-31.325748736855672,0.27641954406297725,-35.96203275030608,16.77263461658164,-51.35951661631388,-11.217252047317494,26.0,40.26826882101478,-87.66575268702258,-97.01304952400335,FLAT
2026-10-02T04:24:29.289414+00:00,2,PERP,ICP|HTX|OKX,ICP,HTX,OKX,-31.325748736855672,0.2728472044181328,-35.68458100076079,15.975359810633398,-51.35951661631388,-11.217252047317494,20.0,40.26826882101478,-81.94320443656787,-90.73559777445806,FLAT
2026-10-02T04:24:29.791094+00:00,2,PERP,UNI|HTX|OKX,UNI,HTX,OKX,-1.3239523916563911,1.1841030003546438,-14.590591549433116,11.203957049178417,-13.164909532047409,10.542695310582495,20.0,23.710716189193352,-48.28503417180764,-74.84400304920896,FLAT
2026-10-02T05:00:00.771532+00:00,0,PERP,OP|GATE|OKX,OP,GATE,OKX,-5.1805669617321914,-1.0004211865735337,1.836976678610732,7.014589189557427,-15.164379940592054,4.8193073256208585,20.0,19.99403239977055,-62.995389018973334,-48.976363046780676,FLAT
2026-10-02T05:00:01.067343+00:00,0,PERP,OP|BITGET|GATE,OP,BITGET,GATE,-9.414606969375683,-0.0466714166400642,-8.990346136907856,9.09037828741688,-23.364814657854673,4.55024532860504,21.999999999999996,27.941357994073776,-70.31582651502059,-69.48194945958667,FLAT
2026-10-02T05:00:01.573032+00:00,0,PERP,DOT|HTX|OKX,DOT,HTX,OKX,16.76587476703295,1.9522895578224555,-0.5746906964895461,8.882168833020762,-1.5934589743304972,35.18500964634575,20.0,36.71681243716922,-63.735580715010165,-98.47651278000451,FLAT
2026-10-02T05:00:02.025252+00:00,0,PERP,DOT|GATE|HTX,DOT,GATE,HTX,-13.284188494310234,-1.2388184992307658,-0.34823351500973565,10.442171300584366,-37.60221491050153,11.07331523749533,20.0,48.740245591678224,-111.99422698717001,-86.16179434418328,FLAT
2026-10-02T05:00:02.484904+00:00,0,PERP,DOT|BITGET|HTX,DOT,BITGET,HTX,-3.4162644717283808,-0.7039617610072327,2.9936225276990123,9.105447702523056,-37.60221491050153,30.79741179870643,21.999999999999996,68.4229905736995,-137.01882801190004,-124.22677984470691,FLAT
2026-10-02T05:00:03.405008+00:00,0,PERP,ICP|HTX|MEXC,ICP,HTX,MEXC,-30.143180105500768,0.3732481035150464,-36.25490715996139,16.374435655275196,-54.13533834586537,-6.042296072508169,26.0,48.2382017531119,-98.11863293901587,-110.45081284056512,FLAT
2026-10-02T05:00:03.919815+00:00,0,PERP,ICP|HTX|OKX,ICP,HTX,OKX,-33.15749811605207,0.18053125916112409,-35.977226949338146,15.619061465524211,-57.14285714285894,-9.063444108761143,20.0,48.23911614343378,-95.40474633695459,-101.15289898401079,FLAT
2026-10-02T05:00:04.423060+00:00,0,PERP,UNI|HTX|OKX,UNI,HTX,OKX,-4.533975098219845,0.916206591516521,-14.77376775863084,11.176292285195103,-16.271387919974956,7.228883233403316,20.0,23.51090338666078,-51.008523548004895,-71.51355437869493,FLAT
2026-10-02T05:00:14.677949+00:00,1,PERP,OP|GATE|OKX,OP,GATE,OKX,-1.1719413381883204,-0.4289514233104925,1.836976678610732,7.014589189557427,-11.891752346656626,9.567070943876654,20.0,21.461321250261786,-61.190050275529146,-55.19141551552771,FLAT
2026-10-02T05:00:14.921371+00:00,1,PERP,OP|BITGET|GATE,OP,BITGET,GATE,-8.994252205369868,-0.0004296926198790512,-8.990346136907856,9.09037828741688,-23.231867685628018,5.2582761970243475,21.999999999999996,28.515783891826466,-70.75730544054662,-70.76440622575866,FLAT
2026-10-02T05:00:15.421232+00:00,1,PERP,DOT|HTX|OKX,DOT,HTX,OKX,3.423433041351842,0.450129221027389,-0.5746906964895461,8.882168833020762,-28.26526912697358,35.30384687983057,20.0,63.54678302729212,-117.23736145777616,-125.42532060361225,FLAT
2026-10-02T05:00:15.853952+00:00,1,PERP,DOT|GATE|HTX,DOT,GATE,HTX,-9.232782485584234,-0.8508334823119882,-0.34823351500973565,10.442171300584366,-29.52241135406264,11.07331523749533,20.0,40.633235693164806,-95.80741353221771,-78.05478444566987,FLAT
2026-10-02T05:00:16.322268+00:00,1,PERP,DOT|BITGET|HTX,DOT,BITGET,HTX,-9.232782485584234,-1.3427571507434384,2.9936225276990123,9.105447702523056,-29.52241135406264,11.07331523749533,21.999999999999996,40.633235693164806,-101.14926957492645,-76.71292840296113,FLAT
2026-10-02T05:00:17.026933+00:00,1,PERP,ICP|HTX|MEXC,ICP,HTX,MEXC,-33.15749811605207,0.18916126998926283,-36.25490715996139,16.374435655275196,-57.14285714285894,-9.063444108761143,26.0,48.23911614343378,-101.12706612633133,-107.43057919463403,FLAT
2026-10-02T05:00:17.520283+00:00,1,PERP,ICP|HTX|OKX,ICP,HTX,OKX,-37.67399547354388,-0.10863447384152987,-35.977226949338146,15.619061465524211,-63.14795788480154,-12.084592145016337,20.0,51.25620737050476,-104.42693830596816,-101.14884217482657,FLAT
2026-10-02T05:00:18.022456+00:00,1,PERP,UNI|HTX|OKX,UNI,HTX,OKX,-8.37798759785402,0.5722631439452525,-14.77376775863084,11.176292285195103,-18.30318690783761,1.5658957542274976,20.0,19.885725328403073,-49.41514447760984,-62.225388841261406,FLAT
2026-10-02T05:00:28.269026+00:00,2,PERP,OP|GATE|OKX,OP,GATE,OKX,-2.9963562858204007,-0.6890400611950995,1.836976678610732,7.014589189557427,-13.355402770784952,7.379676424952297,20.0,20.74128010708242,-61.933659556478105,-52.283979853423986,FLAT
2026-10-02T05:00:28.510349+00:00,2,PERP,OP|BITGET|GATE,OP,BITGET,GATE,-8.411058520871872,0.06372535858467493,-8.990346136907856,9.09037828741688,-20.33809723457236,3.524927708740133,21.999999999999996,23.883109811842672,-63.23086090950717,-64.39838365749065,FLAT
2026-10-02T05:00:29.074481+00:00,2,PERP,DOT|HTX|OKX,DOT,HTX,OKX,14.009808888939546,1.6419975638392597,-0.5746906964895461,8.882168833020762,-6.959721867171309,35.060586453985465,20.0,41.961364160141116,-74.34639533082287,-103.59664131061612,FLAT
2026-10-02T05:00:29.509224+00:00,2,PERP,DOT|GATE|HTX,DOT,GATE,HTX,0.09076469889901517,0.04204089372525267,-0.34823351500973565,10.442171300584366,-29.52241135406264,29.727977420732632,20.0,59.24984124421104,-114.42401908326394,-115.32605217995341,FLAT
2026-10-02T05:00:29.961547+00:00,2,PERP,DOT|BITGET|HTX,DOT,BITGET,HTX,4.694553974948779,0.1868037138666394,2.9936225276990123,9.105447702523056,-29.52241135406264,38.93929281477915,21.999999999999996,68.42956827152351,-128.94560215328517,-132.37523855860366,FLAT
2026-10-02T05:00:30.667748+00:00,2,PERP,ICP|HTX|MEXC,ICP,HTX,MEXC,-35.26555146367238,0.06042075080433559,-36.25490715996139,16.374435655275196,-60.15037593984918,-10.263397823458975,26.0,50.06325299246041,-105.95872177234818,-108.05476232896282,FLAT
2026-10-02T05:00:31.120618+00:00,2,PERP,ICP|HTX|OKX,ICP,HTX,OKX,-38.2801436429292,-0.14744270637990986,-35.977226949338146,15.619061465524211,-63.15789473684275,-13.285096735187185,20.0,50.06416848979363,-103.24483627729823,-98.7562987039446,FLAT
2026-10-02T05:00:31.627593+00:00,2,PERP,UNI|HTX|OKX,UNI,HTX,OKX,-6.346998631050482,0.7539861085006737,-14.77376775863084,11.176292285195103,-18.06362043472842,5.394907207594279,20.0,23.473398953824955,-52.763251629922536,-69.64207392005008,FLAT
2026-10-02T05:21:56.756386+00:00,0,PERP,OP|GATE|OKX,OP,GATE,OKX,-1.6730901475092708,-0.4827187825627042,1.7205330829277783,7.030228267523906,-11.84108377393911,8.512051791156328,20.0,20.356526947440216,-59.91814380430711,-53.14804565566877,FLAT
2026-10-02T05:21:57.113620+00:00,0,PERP,OP|BITGET|GATE,OP,BITGET,GATE,-8.836679183744645,0.06493562195513745,-9.44205069852587,9.322641356996057,-20.6689777972191,3.0045765066488705,21.999999999999996,23.69448897463544,-62.921416073328665,-64.14111617981017,FLAT
2026-10-02T05:21:57.606653+00:00,0,PERP,DOT|HTX|OKX,DOT,HTX,OKX,10.234238523250117,1.205308486732359,-0.6685528939422918,9.045643946928745,-2.6560660846408624,23.155258927838318,20.0,25.78489957904233,-53.7724127697409,-75.60871140082294,FLAT
2026-10-02T05:21:58.060015+00:00,0,PERP,DOT|GATE|HTX,DOT,GATE,HTX,-4.667648590179763,-0.42124313521274787,-0.1483123245225253,10.728569531168164,-20.65043984268433,11.328243310890773,20.0,31.99361128011443,-78.49573879827624,-69.47016691552773,FLAT
2026-10-02T05:21:58.531843+00:00,0,PERP,DOT|BITGET|HTX,DOT,BITGET,HTX,-4.667648590179763,-0.8245002010124047,3.1883288607118287,9.528169236642063,-20.65043984268433,11.328243310890773,21.999999999999996,31.99361128011443,-83.83237998351058,-68.13352573029337,FLAT
2026-10-02T05:21:59.240151+00:00,0,PERP,ICP|HTX|MEXC,ICP,HTX,MEXC,-30.837465642280513,0.37201322472346576,-36.716890158987034,15.804342765171757,-48.29459704195571,-13.324301726750365,26.0,35.0783783636851,-78.65608524665376,-90.47096679592175,FLAT
2026-10-02T05:21:59.748910+00:00,0,PERP,ICP|HTX|OKX,ICP,HTX,OKX,-36.88396300959407,-0.021430158561405732,-36.566075036227254,14.833673416645183,-54.33142167220129,-19.38050287791593,20.0,35.080218813059766,-78.8455654490338,-78.26579097137109,FLAT
2026-10-02T05:22:00.253336+00:00,0,PERP,UNI|HTX|OKX,UNI,HTX,OKX,-8.367442803369762,0.5801476871549405,-14.783495807663384,11.059344277933976,-21.10336994329387,4.398285739104502,20.0,25.522977061356645,-57.84285119698713,-70.70475860812454,FLAT
2026-10-02T05:22:10.597571+00:00,1,PERP,OP|GATE|OKX,OP,GATE,OKX,-1.714226593272361,-0.4885701495735194,1.7205330829277783,7.030228267523906,-11.543503596487259,8.130698980510775,20.0,19.677563310587317,-58.94159999000235,-52.087729208170316,FLAT
2026-10-02T05:22:10.931276+00:00,1,PERP,OP|BITGET|GATE,OP,BITGET,GATE,-8.04955465923518,0.149367114529801,-9.44205069852587,9.322641356996057,-19.77310263566956,3.6828680696432414,21.999999999999996,23.474863567219398,-61.805915504363085,-64.59978233538851,FLAT
2026-10-02T05:22:11.461343+00:00,1,PERP,DOT|HTX|OKX,DOT,HTX,OKX,11.824640950610643,1.3811281891981533,-0.6685528939422918,9.045643946928745,-1.5622231933587472,25.243404123349578,20.0,26.77393014538903,-53.66760044480549,-78.6858871626809,FLAT
2026-10-02T05:22:11.915797+00:00,1,PERP,DOT|GATE|HTX,DOT,GATE,HTX,-4.667648590179763,-0.42124313521274787,-0.1483123245225253,10.728569531168164,-20.65043984268433,11.328243310890773,20.0,31.99361128011443,-78.49573879827624,-69.47016691552773,FLAT
2026-10-02T05:22:12.866283+00:00,1,PERP,DOT|BITGET|HTX,DOT,BITGET,HTX,-4.667648590179763,-0.8245002010124047,3.1883288607118287,9.528169236642063,-20.65043984268433,11.328243310890773,21.999999999999996,31.99361128011443,-83.83237998351058,-68.13352573029337,FLAT
2026-10-02T05:22:13.641904+00:00,1,PERP,ICP|HTX|MEXC,ICP,HTX,MEXC,-32.796064308541204,0.24808534645845612,-36.716890158987034,15.804342765171757,-51.29752564876355,-14.231302241065613,26.0,37.18807756269731,-83.76871305247383,-91.67366548061874,FLAT
2026-10-02T05:22:14.140016+00:00,1,PERP,ICP|HTX|OKX,ICP,HTX,OKX,-37.330046386945256,-0.05150250576911942,-36.566075036227254,14.833673416645183,-57.332528666266256,-17.25912780133121,20.0,40.223438272856804,-86.9898919028958,-85.53038550775285,FLAT
2026-10-02T05:22:14.645360+00:00,1,PERP,UNI|HTX|OKX,UNI,HTX,OKX,-5.368170385688931,0.8513457204474834,-14.783495807663384,11.059344277933976,-16.568662486599052,5.856262887156127,20.0,22.436944347835382,-50.222111026771046,-69.07670304265488,FLAT
2026-10-02T05:22:25.011235+00:00,2,PERP,OP|GATE|OKX,OP,GATE,OKX,0.11891654181805933,-0.22781856863857125,1.7205330829277783,7.030228267523906,-8.957810685938927,9.210927148701753,20.0,18.168508924775082,-54.846852693641786,-51.65890299054906,FLAT
2026-10-02T05:22:25.360428+00:00,2,PERP,OP|BITGET|GATE,OP,BITGET,GATE,-10.601872992506145,-0.12440919365732128,-9.44205069852587,9.322641356996057,-22.758540352373345,1.5639900310238097,21.999999999999996,24.348340708353273,-65.66483036220075,-63.35438143790295,FLAT
2026-10-02T05:22:25.905992+00:00,2,PERP,DOT|HTX|OKX,DOT,HTX,OKX,12.00577429740779,1.4011525620189127,-0.6685528939422918,9.045643946928745,-5.8809028646655825,29.949752215912007,20.0,35.78759766259369,-66.99994763331698,-92.40590277244799,FLAT
2026-10-02T05:22:26.354074+00:00,2,PERP,DOT|GATE|HTX,DOT,GATE,HTX,-8.757215393562223,-0.8024278580690086,-0.1483123245225253,10.728569531168164,-28.81684701138809,11.31884507898695,20.0,40.1708638562399,-94.83939854310546,-77.63802125974937,FLAT
2026-10-02T05:22:26.839048+00:00,2,PERP,DOT|BITGET|HTX,DOT,BITGET,HTX,-8.757215393562223,-1.2537082368704784,3.1883288607118287,9.528169236642063,-28.81684701138809,11.31884507898695,21.999999999999996,40.1708638562399,-100.17603972833982,-76.30138007451501,FLAT
2026-10-02T05:22:27.570400+00:00,2,PERP,ICP|HTX|MEXC,ICP,HTX,MEXC,-28.2578115497667,0.5352376074670894,-36.716890158987034,15.804342765171757,-48.26546003016685,-8.175651120533312,26.0,40.203276079726336,-83.75184595090616,-100.74451511818006,FLAT
2026-10-02T05:22:28.050896+00:00,2,PERP,ICP|HTX|OKX,ICP,HTX,OKX,-31.983878605180706,0.30890503669204195,-36.566075036227254,14.833673416645183,-52.68717785674948,-11.203476680800017,20.0,41.61666410420653,-83.73776692472876,-92.97926245963377,FLAT
2026-10-02T05:22:28.545148+00:00,2,PERP,UNI|HTX|OKX,UNI,HTX,OKX,-3.638862436513568,1.0077119484729318,-14.783495807663384,11.059344277933976,-14.615925945974384,7.360624024692619,20.0,21.984526959178407,-47.81695709748941,-70.12864679153441,FLAT
2026-10-02T05:41:13.709005+00:00,0,PERP,OP|GATE|OKX,OP,GATE,OKX,-0.47181688019759527,-0.31009451153389617,1.7099104406362153,7.035685056281068,-11.631840845996999,10.709361962371045,20.0,22.342236921274445,-61.68398820790766,-57.341688443009275,FLAT
2026-10-02T05:41:14.040122+00:00,0,PERP,OP|BITGET|GATE,OP,BITGET,GATE,-10.703411720434097,-0.18371178759138834,-9.04355453847543,9.035115295108449,-23.925506064981228,2.5287298082643517,21.999999999999996,26.482577450362225,-69.36452897686802,-66.054861797102,FLAT
2026-10-02T05:41:14.668864+00:00,0,PERP,DOT|HTX|OKX,DOT,HTX,OKX,19.44669572344626,2.24082587155451,-0.2933420124040828,8.809268933581281,-0.8552868220035315,39.82498806306411,20.0,40.60117586858952,-67.16312067818897,-106.71950594405772,FLAT
2026-10-02T05:41:15.211695+00:00,0,PERP,DOT|GATE|HTX,DOT,GATE,HTX,-11.628463272479461,-1.072224342099964,-0.4782811988992799,10.399112980164597,-34.464432954515175,11.226301446332076,20.0,45.743919818601114,-105.730071574217,-83.44850246383247,FLAT
2026-10-02T05:41:15.737252+00:00,0,PERP,DOT|BITGET|HTX,DOT,BITGET,HTX,-11.628463272479461,-1.6001008124845706,2.7442648927317643,8.982389142652734,-34.464432954515175,11.226301446332076,21.999999999999996,45.743919818601114,-110.95261766584805,-82.22595637220142,FLAT
2026-10-02T05:41:16.508392+00:00,0,PERP,ICP|HTX|MEXC,ICP,HTX,MEXC,-36.47131838919293,0.012910566102656134,-36.67552765932205,15.817220446058283,-57.40181268882094,-15.458913505312921,26.0,42.09626986587701,-94.8225548953759,-95.31288401988616,FLAT
2026-10-02T05:41:17.009709+00:00,0,PERP,ICP|HTX|OKX,ICP,HTX,OKX,-33.44427033158737,0.2048220134960971,-36.48277767758459,14.83486708353799,-54.38066465256908,-12.42594233687444,20.0,42.09534712373458,-85.99323409871906,-92.15218246444472,FLAT
2026-10-02T05:41:17.506448+00:00,0,PERP,UNI|HTX|OKX,UNI,HTX,OKX,-5.741789184184887,0.7829158039361456,-14.56909186068326,11.274906742358118,-20.142929519024744,8.69939121865837,20.0,28.858835287284865,-60.432672945626344,-78.1273183666265,FLAT
2026-10-02T05:41:27.896848+00:00,1,PERP,OP|GATE|OKX,OP,GATE,OKX,0.5502268214452322,-0.1648288133869327,1.7099104406362153,7.035685056281068,-10.340751610697918,11.462058511224615,20.0,21.801590594872945,-59.85225264620708,-57.55373866546135,FLAT
2026-10-02T05:41:28.225279+00:00,1,PERP,OP|BITGET|GATE,OP,BITGET,GATE,-9.422280255030335,-0.04191708729604646,-9.04355453847543,9.035115295108449,-24.713854451789974,5.886709192555184,21.999999999999996,30.629413624979946,-74.2997135382945,-73.55967735601055,FLAT
2026-10-02T05:41:28.767695+00:00,1,PERP,DOT|HTX|OKX,DOT,HTX,OKX,16.762007762882725,1.9360686912702982,-0.2933420124040828,8.809268933581281,-2.992489312726443,36.59075677928003,20.0,39.51686860122345,-68.21601590154582,-102.40096739290756,FLAT
2026-10-02T05:41:29.291943+00:00,1,PERP,DOT|GATE|HTX,DOT,GATE,HTX,-11.628463272479461,-1.072224342099964,-0.4782811988992799,10.399112980164597,-34.464432954515175,11.226301446332076,20.0,45.743919818601114,-105.730071574217,-83.44850246383247,FLAT
2026-10-02T05:41:29.872601+00:00,1,PERP,DOT|BITGET|HTX,DOT,BITGET,HTX,-11.628463272479461,-1.6001008124845706,2.7442648927317643,8.982389142652734,-34.464432954515175,11.226301446332076,21.999999999999996,45.743919818601114,-110.95261766584805,-82.22595637220142,FLAT
2026-10-02T05:41:30.599846+00:00,1,PERP,ICP|HTX|MEXC,ICP,HTX,MEXC,-39.49836644679961,-0.17846617217635233,-36.67552765932205,15.817220446058283,-60.42296072507614,-18.49188467374807,26.0,42.09719316887708,-97.84462623463116,-92.28083615445107,FLAT
2026-10-02T05:41:31.099371+00:00,1,PERP,ICP|HTX|OKX,ICP,HTX,OKX,-39.49836644679961,-0.2032771006463121,-36.48277767758459,14.83486708353799,-60.42296072507614,-18.49188467374807,20.0,42.09719316887708,-92.03737621636863,-86.0880861727136,FLAT
2026-10-02T05:41:31.607293+00:00,1,PERP,UNI|HTX|OKX,UNI,HTX,OKX,-7.911111470289001,0.5905131228608069,-14.56909186068326,11.274906742358118,-16.990760855306597,1.184072143496362,20.0,18.18920940784682,-46.610878402470156,-59.94237341202644,FLAT
2026-10-02T05:41:42.018493+00:00,2,PERP,OP|GATE|OKX,OP,GATE,OKX,2.170479204417486,0.06546182213913916,1.7099104406362153,7.035685056281068,-9.190673823258333,13.554242020823448,20.0,22.739957708085576,-59.64054197198013,-60.584289288272814,FLAT
2026-10-02T05:41:42.359477+00:00,2,PERP,OP|BITGET|GATE,OP,BITGET,GATE,-6.402427793117393,0.29231799031805655,-9.04355453847543,9.035115295108449,-20.65133485347537,7.861097943948625,21.999999999999996,28.530691871706424,-68.13847218670637,-73.43534435413048,FLAT
2026-10-02T05:41:42.918205+00:00,2,PERP,DOT|HTX|OKX,DOT,HTX,OKX,10.723189540782219,1.2505613844062413,-0.2933420124040828,8.809268933581281,-9.553381540152728,31.075130320359357,20.0,40.58485213646106,-75.8448916642097,-97.9533244692245,FLAT
2026-10-02T05:41:43.388172+00:00,2,PERP,DOT|GATE|HTX,DOT,GATE,HTX,-7.725740487852795,-0.6969305269379621,-0.4782811988992799,10.399112980164597,-34.464432954515175,19.057002543001467,20.0,53.56278045606863,-113.54893221168452,-99.09806419796936,FLAT
2026-10-02T05:41:43.850241+00:00,2,PERP,DOT|BITGET|HTX,DOT,BITGET,HTX,-3.612000570394347,-0.7076363940795534,2.7442648927317643,8.982389142652734,-26.262346068058882,19.057002543001467,21.999999999999996,45.33571619314231,-102.34232715393296,-89.648453843412,FLAT
2026-10-02T05:41:44.557112+00:00,2,PERP,ICP|HTX|MEXC,ICP,HTX,MEXC,-36.47131838919293,0.012910566102656134,-36.67552765932205,15.817220446058283,-57.40181268882094,-15.458913505312921,26.0,42.09626986587701,-94.8225548953759,-95.31288401988616,FLAT
2026-10-02T05:41:45.062203+00:00,2,PERP,ICP|HTX|OKX,ICP,HTX,OKX,-36.47131838919293,0.0007724564249300936,-36.48277767758459,14.83486708353799,-57.40181268882094,-15.458913505312921,20.0,42.09626986587701,-89.01530487711337,-89.12013403814869,FLAT
2026-10-02T05:41:45.616893+00:00,2,PERP,UNI|HTX|OKX,UNI,HTX,OKX,-5.5835735011289245,0.7969483530889975,-14.56909186068326,11.274906742358118,-18.780983162630662,7.646771419624887,20.0,26.442477888985085,-56.654369190932485,-74.65834116929324,FLAT
2026-10-02T06:25:19.559869+00:00,0,PERP,OP|GATE|OKX,OP,GATE,OKX,-3.273820663148852,-0.6954730270315287,1.6464586401660548,7.074723407054361,-11.060213440553524,4.523490973438182,20.0,15.588800257236436,-54.295472337956014,-44.46583259050856,FLAT
2026-10-02T06:25:19.925940+00:00,0,PERP,OP|BITGET|GATE,OP,BITGET,GATE,-8.209184756200472,0.13768494644662205,-9.444946883136678,8.97528857604843,-21.97748266046795,5.57780215617365,21.999999999999996,27.577911358021208,-68.11044713535247,-70.60066039733154,FLAT
2026-10-02T06:25:20.513112+00:00,0,PERP,DOT|HTX|OKX,DOT,HTX,OKX,12.295179372716625,1.4096795305004826,-0.08273123621475705,8.780655703028344,-11.159706855988771,35.853017453324476,20.0,46.95476712950236,-84.03174274927638,-108.89051581904158,FLAT
2026-10-02T06:25:20.981242+00:00,0,PERP,DOT|GATE|HTX,DOT,GATE,HTX,-11.60501191243335,-1.0458032437433713,-0.9568656274764238,10.181787395153524,-41.01591735658494,17.85044737408148,20.0,58.93472482782866,-124.99377655693718,-103.74203782938656,FLAT
2026-10-02T06:25:21.463137+00:00,0,PERP,DOT|BITGET|HTX,DOT,BITGET,HTX,-6.84219571834177,-1.0587038807891438,2.612772854446166,8.930701723451065,-32.82596334125309,19.162957721545748,21.999999999999996,52.024508452568355,-115.46324464826762,-96.57469331966794,FLAT
2026-10-02T06:25:22.191205+00:00,0,PERP,ICP|HTX|MEXC,ICP,HTX,MEXC,-33.3480432878186,0.23099385799294853,-37.009774754945596,15.852072860044524,-51.23568414707513,-15.40140998487205,26.0,35.95407685658704,-82.17998624871657,-89.56244162666059,FLAT
2026-10-02T06:25:22.699324+00:00,0,PERP,ICP|HTX|OKX,ICP,HTX,OKX,-33.3480432878186,0.2272411505325373,-36.73311611619499,14.896390114393942,-51.23568414707513,-15.40140998487205,20.0,35.95407685658704,-76.45664488746718,-83.28578298790998,FLAT
2026-10-02T06:25:23.266665+00:00,0,PERP,UNI|HTX|OKX,UNI,HTX,OKX,-10.692594299431812,0.36528862082883945,-14.744489779929305,11.092312350994527,-20.923690097061076,-0.4416156996001064,20.0,20.5039791694766,-52.683179486608374,-60.8068532498058,FLAT
2026-10-02T06:25:33.656271+00:00,1,PERP,OP|GATE|OKX,OP,GATE,OKX,-4.703425641580106,-0.8975452348306016,1.6464586401660548,7.074723407054361,-15.537840928485647,6.15005879857744,20.0,21.69808849503028,-64.88238806368199,-52.201688653441664,FLAT
2026-10-02T06:25:33.995957+00:00,1,PERP,OP|BITGET|GATE,OP,BITGET,GATE,-7.320786906240828,0.23666759669036277,-9.444946883136678,8.97528857604843,-19.89727339064329,5.265256178832445,21.999999999999996,25.180960384434005,-63.633286891940614,-67.89116344640313,FLAT
2026-10-02T06:25:34.491596+00:00,1,PERP,DOT|HTX|OKX,DOT,HTX,OKX,12.422330091514944,1.4241603076882803,-0.08273123621475705,8.780655703028344,-10.951922729173225,35.899180835348155,20.0,46.792751387830755,-83.66194288078921,-108.77466345939365,FLAT
2026-10-02T06:25:34.949361+00:00,1,PERP,DOT|GATE|HTX,DOT,GATE,HTX,-11.659914000007321,-1.0511954293629713,-0.9568656274764238,10.181787395153524,-41.01591735658494,17.74023658154933,20.0,58.82470987334394,-124.88376160245247,-103.5218120823697,FLAT
2026-10-02T06:25:35.416584+00:00,1,PERP,DOT|BITGET|HTX,DOT,BITGET,HTX,-6.84219571834177,-1.0587038807891438,2.612772854446166,8.930701723451065,-32.82596334125309,19.162957721545748,21.999999999999996,52.024508452568355,-115.46324464826762,-96.57469331966794,FLAT
2026-10-02T06:25:36.138090+00:00,1,PERP,ICP|HTX|MEXC,ICP,HTX,MEXC,-33.3480432878186,0.23099385799294853,-37.009774754945596,15.852072860044524,-51.23568414707513,-15.40140998487205,26.0,35.95407685658704,-82.17998624871657,-89.56244162666059,FLAT
2026-10-02T06:25:36.651165+00:00,1,PERP,ICP|HTX|OKX,ICP,HTX,OKX,-33.3480432878186,0.2272411505325373,-36.73311611619499,14.896390114393942,-51.23568414707513,-15.40140998487205,20.0,35.95407685658704,-76.45664488746718,-83.28578298790998,FLAT
2026-10-02T06:25:37.214185+00:00,1,PERP,UNI|HTX|OKX,UNI,HTX,OKX,-10.446961715665504,0.3874330192188005,-14.744489779929305,11.092312350994527,-22.010617045095103,1.1422634233460016,20.0,23.177065220704375,-56.44319248587018,-65.06381842397968,FLAT
2026-10-02T06:25:47.605278+00:00,2,PERP,OP|GATE|OKX,OP,GATE,OKX,-5.673193985546998,-1.0346203242962781,1.6464586401660548,7.074723407054361,-16.33086252985194,5.002983167456954,20.0,21.345939605409296,-65.3232607754273,-50.7024641327002,FLAT
2026-10-02T06:25:47.957707+00:00,2,PERP,OP|BITGET|GATE,OP,BITGET,GATE,-6.592658553604691,0.31779349548087404,-9.444946883136678,8.97528857604843,-19.05335366293226,5.877505169027408,21.999999999999996,24.947302140311933,-62.55570892010751,-68.26975419247601,FLAT
2026-10-02T06:25:48.513347+00:00,2,PERP,DOT|HTX|OKX,DOT,HTX,OKX,10.68239244307767,1.226004531253818,-0.08273123621475705,8.780655703028344,-12.553538630090122,34.02031429596164,20.0,46.52393089051448,-84.99473828438984,-106.62697642269087,FLAT
2026-10-02T06:25:48.973543+00:00,2,PERP,DOT|GATE|HTX,DOT,GATE,HTX,-6.84219571834177,-0.5780252388364279,-0.9568656274764238,10.181787395153524,-32.82596334125309,19.162957721545748,20.0,52.024508452568355,-109.89360616634502,-98.14433180159052,FLAT
2026-10-02T06:25:49.451571+00:00,2,PERP,DOT|BITGET|HTX,DOT,BITGET,HTX,-6.84219571834177,-1.0587038807891438,2.612772854446166,8.930701723451065,-32.82596334125309,19.162957721545748,21.999999999999996,52.024508452568355,-115.46324464826762,-96.57469331966794,FLAT
2026-10-02T06:25:50.223138+00:00,2,PERP,ICP|HTX|MEXC,ICP,HTX,MEXC,-36.36686865710948,0.04055659493318226,-37.009774754945596,15.852072860044524,-54.24954792043302,-18.42521331316238,26.0,35.95499457397837,-85.19476773946579,-86.53955601576158,FLAT
2026-10-02T06:25:50.757217+00:00,2,PERP,ICP|HTX|OKX,ICP,HTX,OKX,-36.36686865710948,0.024586323013360126,-36.73311611619499,14.896390114393942,-54.24954792043302,-18.42521331316238,20.0,35.95499457397837,-79.47142637821639,-80.26289737701097,FLAT
2026-10-02T06:25:51.262825+00:00,2,PERP,UNI|HTX|OKX,UNI,HTX,OKX,-11.169212493382652,0.32232028574511756,-14.744489779929305,11.092312350994527,-22.698681398709564,0.38455194064646037,20.0,23.10901872192531,-57.06321034070557,-64.23806044250108,FLAT
2026-10-02T06:51:47.012259+00:00,0,PERP,OP|GATE|OKX,OP,GATE,OKX,-4.3631200802951575,-0.8284661591402841,1.5731752452592518,7.165404718177773,-14.322806496289697,5.613012332665868,20.0,19.944507289901544,-61.840489031450495,-49.98434437730816,FLAT
2026-10-02T06:51:47.362551+00:00,0,PERP,OP|BITGET|GATE,OP,BITGET,GATE,-6.12063357633974,0.3676665955054845,-9.423503852431422,8.983329778846914,-20.737673639336094,8.51411231072019,21.999999999999996,29.269690137715084,-68.58385992461976,-75.20730630086669,FLAT
2026-10-02T06:51:47.853157+00:00,0,PERP,DOT|HTX|OKX,DOT,HTX,OKX,2.338291847987506,0.20962593129021448,0.29280944734726,9.757773706958034,-16.448589897537502,21.191040452712695,20.0,37.63071592798215,-80.37211527286692,-84.52894693334758,FLAT
2026-10-02T06:51:48.303848+00:00,0,PERP,DOT|GATE|HTX,DOT,GATE,HTX,-2.625819315148492,-0.13911638422202335,-1.1606631480782441,10.531873547920323,-24.200643265545054,18.966659974000155,20.0,43.17863394765148,-92.21861406511829,-89.30595706972987,FLAT
2026-10-02T06:51:48.786110+00:00,0,PERP,DOT|BITGET|HTX,DOT,BITGET,HTX,-2.625819315148492,-0.4854807554056856,2.181528390111669,9.902241544555077,-24.200643265545054,18.966659974000155,21.999999999999996,43.17863394765148,-97.5608056033082,-87.96376553153996,FLAT
2026-10-02T06:51:49.499989+00:00,0,PERP,ICP|HTX|MEXC,ICP,HTX,MEXC,-38.10959639452549,-0.06677495522326,-37.05044777580071,15.861465053530113,-54.15162454873723,-22.020609535305937,26.0,32.25386456047071,-81.35504133340723,-79.28370280096547,FLAT
2026-10-02T06:51:50.548307+00:00,0,PERP,ICP|HTX|OKX,ICP,HTX,OKX,-38.10959639452549,-0.08960855783841415,-36.77378913705011,14.907139336894176,-54.15162454873723,-22.020609535305937,20.0,32.25386456047071,-75.63169997215783,-73.00704416221488,FLAT
2026-10-02T06:51:51.565026+00:00,0,PERP,UNI|HTX|OKX,UNI,HTX,OKX,-17.452436983287356,-0.22421733651420186,-14.985990616950183,11.000248262163035,-29.2751227699084,-5.603837537149214,20.0,23.712641201934794,-64.001773354893,-59.09479428173576,FLAT
2026-10-02T06:52:01.994539+00:00,1,PERP,OP|GATE|OKX,OP,GATE,OKX,-2.929001862687075,-0.6283213977467097,1.5731752452592518,7.165404718177773,-12.815115824943435,6.972881409355036,20.0,19.793782270045817,-60.18207334024851,-51.1934884341416,FLAT
2026-10-02T06:52:02.347217+00:00,1,PERP,OP|BITGET|GATE,OP,BITGET,GATE,-6.598800549840744,0.31443833991734543,-9.423503852431422,8.983329778846914,-20.5200712598419,7.339101112071589,21.999999999999996,27.877558288512077,-66.97412569592255,-72.64016325301509,FLAT
2026-10-02T06:52:02.864660+00:00,1,PERP,DOT|HTX|OKX,DOT,HTX,OKX,2.9069633867062628,0.2679047514183397,0.29280944734726,9.757773706958034,-20.312274431850685,26.2271492393773,20.0,46.52567986142401,-93.13076374062196,-98.46001965345405,FLAT
2026-10-02T06:52:03.325155+00:00,1,PERP,DOT|GATE|HTX,DOT,GATE,HTX,1.3739067222284795,0.2406570738600648,-1.1606631480782441,10.531873547920323,-24.403276895108572,27.172201874061663,20.0,51.568385112430654,-100.810998859461,-105.90125013457057,FLAT
2026-10-02T06:52:03.819077+00:00,1,PERP,DOT|BITGET|HTX,DOT,BITGET,HTX,1.3739067222284795,-0.08155947966420538,2.181528390111669,9.902241544555077,-24.403276895108572,27.172201874061663,21.999999999999996,51.568385112430654,-106.15319039765089,-104.55905859638064,FLAT
2026-10-02T06:52:04.547689+00:00,1,PERP,ICP|HTX|MEXC,ICP,HTX,MEXC,-42.48855069208357,-0.3428499762115328,-37.05044777580071,15.861465053530113,-63.17689530685789,-21.720181433324548,26.0,41.633453912220155,-99.75990144327733,-88.96372025469631,FLAT
2026-10-02T06:52:05.050703+00:00,1,PERP,ICP|HTX|OKX,ICP,HTX,OKX,-44.16130709927968,-0.4955691226381683,-36.77378913705011,14.907139336894176,-66.18531889289957,-22.046132930512165,20.0,44.334785890683605,-99.74631564653308,-85.06244209722155,FLAT
2026-10-02T06:52:05.559034+00:00,1,PERP,UNI|HTX|OKX,UNI,HTX,OKX,-18.414793289380782,-0.3117022989585124,-14.985990616950183,11.000248262163035,-29.93958807626207,-6.865267068294489,20.0,23.116863727116332,-64.07046118642822,-57.23758727577203,FLAT
2026-10-02T06:52:15.950125+00:00,2,PERP,OP|GATE|OKX,OP,GATE,OKX,-2.9808124573982298,-0.6355520562717917,1.5731752452592518,7.165404718177773,-13.11328722354621,7.168673951414295,20.0,20.287994376958668,-60.974456845764124,-51.883493083113706,FLAT
2026-10-02T06:52:16.298095+00:00,2,PERP,OP|BITGET|GATE,OP,BITGET,GATE,-5.752508354736063,0.4086453005810237,-9.423503852431422,8.983329778846914,-20.876722601169682,9.392154242673367,21.999999999999996,30.28628524070447,-69.73950398944272,-77.10194333580925,FLAT
2026-10-02T06:52:16.752058+00:00,2,PERP,DOT|HTX|OKX,DOT,HTX,OKX,-1.131071865084765,-0.1459227642691375,0.29280944734726,9.757773706958034,-27.854520451612295,25.726646772865625,20.0,53.58689181720468,-107.73422171616423,-105.02072914272304,FLAT
2026-10-02T06:52:17.206430+00:00,2,PERP,DOT|GATE|HTX,DOT,GATE,HTX,6.2052777586463215,0.6993951145738054,-1.1606631480782441,10.531873547920323,-22.95673667434439,35.391195482155084,20.0,58.31173831080155,-106.10781183706771,-120.86359694103488,FLAT
2026-10-02T06:52:17.615473+00:00,2,PERP,DOT|BITGET|HTX,DOT,BITGET,HTX,6.2052777586463215,0.40634732554541475,2.181528390111669,9.902241544555077,-22.95673667434439,35.391195482155084,21.999999999999996,58.31173831080155,-111.45000337525761,-119.52140540284496,FLAT
2026-10-02T06:52:18.275915+00:00,2,PERP,ICP|HTX|MEXC,ICP,HTX,MEXC,-44.16130709927968,-0.44831037356769154,-37.05044777580071,15.861465053530113,-66.18531889289957,-22.046132930512165,26.0,44.334785890683605,-105.46965700778247,-91.33910073597215,FLAT
2026-10-02T06:52:18.763396+00:00,2,PERP,ICP|HTX|OKX,ICP,HTX,OKX,-47.1759440994024,-0.6977968560747032,-36.77378913705011,14.907139336894176,-69.19374247894017,-25.06700906344306,20.0,44.33570305230092,-102.75565639419096,-82.04248312590796,FLAT
2026-10-02T06:52:19.310370+00:00,2,PERP,UNI|HTX|OKX,UNI,HTX,OKX,-16.602855621357104,-0.1469844103399344,-14.985990616950183,11.000248262163035,-28.091748865929354,-5.089258032170418,20.0,23.040718473870847,-62.14647672285002,-58.93745105865061,FLAT
2026-10-02T07:08:55.952316+00:00,0,PERP,OP|GATE|OKX,OP,GATE,OKX,-2.861394115760696,-0.6112745624551956,1.5204804334698525,7.168422863255864,-12.28442411022268,6.575316452444024,20.0,18.865128695808718,-58.67003323950125,-49.91996471478289,FLAT
2026-10-02T07:08:56.299215+00:00,0,PERP,OP|BITGET|GATE,OP,BITGET,GATE,-5.135354764969069,0.4889330567426994,-9.528316921006203,8.984792693918683,-16.162943984813218,5.900582364954943,21.999999999999996,22.074859414718954,-56.70948647852597,-65.5037587006801,FLAT
2026-10-02T07:08:56.873954+00:00,0,PERP,DOT|HTX|OKX,DOT,HTX,OKX,-0.057753016028394555,0.037827174719353276,-0.38210580552920487,8.574597281114515,-27.59219238111732,27.621862063267333,20.0,55.21399160765116,-108.42407818323929,-109.2179594764477,FLAT
2026-10-02T07:08:57.328939+00:00,0,PERP,DOT|GATE|HTX,DOT,GATE,HTX,1.1018761687231482,0.1692058223057781,-0.5888876386186341,9.992350052153292,-33.05819120861586,35.3158906924711,20.0,68.3665061944007,-126.83580976439792,-130.27128452549044,FLAT
2026-10-02T07:08:57.847280+00:00,0,PERP,DOT|BITGET|HTX,DOT,BITGET,HTX,0.9969400542808593,-0.21493310983089847,2.8665706096265042,8.69866237368734,-33.05819120861586,35.10513641350688,21.999999999999996,68.15649151735353,-132.0812533355959,-128.3950573212339,FLAT
2026-10-02T07:08:58.561019+00:00,0,PERP,ICP|HTX|MEXC,ICP,HTX,MEXC,-37.36830231611199,-0.04017179314397052,-36.73077331137532,15.870065905493657,-57.38447598912843,-17.277489387506062,26.0,40.257282327326095,-92.9109850050792,-91.71056625119536,FLAT
2026-10-02T07:08:59.073042+00:00,0,PERP,ICP|HTX|OKX,ICP,HTX,OKX,-37.36830231611199,-0.05555435499741301,-36.53659025985091,14.971140539743693,-57.38447598912843,-17.277489387506062,20.0,40.257282327326095,-87.10516805660362,-85.51638319967094,FLAT
2026-10-02T07:08:59.612784+00:00,0,PERP,UNI|HTX|OKX,UNI,HTX,OKX,-13.84709272079454,0.0786970784010173,-14.706619638159525,10.921967305890147,-22.42029857275729,-5.260083253000314,20.0,17.18399905900611,-50.89767799360388,-52.630535444165325,FLAT
2026-10-02T07:09:10.009576+00:00,1,PERP,OP|GATE|OKX,OP,GATE,OKX,-3.179307474366899,-0.6556236981954676,1.5204804334698525,7.168422863255864,-13.515987272985086,7.174759990571378,20.0,20.697312963845143,-61.73378067030008,-52.35159252094667,FLAT
2026-10-02T07:09:10.338931+00:00,1,PERP,OP|BITGET|GATE,OP,BITGET,GATE,-6.1183952100341,0.3795214677885772,-9.528316921006203,8.984792693918683,-19.424753905221692,7.2019143431756305,21.999999999999996,26.642962156146087,-64.53939914036157,-71.37319342032791,FLAT
2026-10-02T07:09:10.857406+00:00,1,PERP,DOT|HTX|OKX,DOT,HTX,OKX,-5.762094193074718,-0.627433360560839,-0.38210580552920487,8.574597281114515,-36.453528321298556,25.11166061303083,20.0,61.60014358831771,-123.67156610408705,-113.09391000687773,FLAT
2026-10-02T07:09:11.313935+00:00,1,PERP,DOT|GATE|HTX,DOT,GATE,HTX,10.321735383052033,1.0918975981350345,-0.5888876386186341,9.992350052153292,-23.413521111146363,44.084666410879606,20.0,67.42857818122899,-116.25321165375672,-138.10213223072722,FLAT
2026-10-02T07:09:12.268239+00:00,1,PERP,DOT|BITGET|HTX,DOT,BITGET,HTX,10.354866785635686,0.8608560551402241,2.8665706096265042,8.69866237368734,-23.413521111146363,44.15095639521249,21.999999999999996,67.49457641379183,-121.7746681345647,-136.77896219937782,FLAT
2026-10-02T07:09:13.486028+00:00,1,PERP,ICP|HTX|MEXC,ICP,HTX,MEXC,-42.966876460510676,-0.39294752688938955,-36.73077331137532,15.870065905493657,-63.42494714587809,-22.430646041855518,26.0,41.17105123188096,-99.86522506638374,-87.47117850140077,FLAT
2026-10-02T07:09:13.999509+00:00,1,PERP,ICP|HTX|OKX,ICP,HTX,OKX,-42.966876460510676,-0.42951211256011973,-36.53659025985091,14.971140539743693,-63.42494714587809,-22.430646041855518,20.0,41.17105123188096,-94.05940811790815,-81.27699544987635,FLAT
2026-10-02T07:09:14.507070+00:00,1,PERP,UNI|HTX|OKX,UNI,HTX,OKX,-13.826006187865891,0.08062773176575291,-14.706619638159525,10.921967305890147,-22.379094831795896,-5.260083253000314,20.0,17.14270346922592,-50.815178662862294,-52.589239854385134,FLAT
2026-10-02T07:09:24.905997+00:00,2,PERP,OP|GATE|OKX,OP,GATE,OKX,-3.405277861066036,-0.6871467250885132,1.5204804334698525,7.168422863255864,-13.205166754877151,6.410312835987142,20.0,19.622148908808047,-60.34779609715505,-50.51198131132533,FLAT
2026-10-02T07:09:25.239079+00:00,2,PERP,OP|BITGET|GATE,OP,BITGET,GATE,-5.354958947126898,0.46449129279343576,-9.528316921006203,8.984792693918683,-20.04715178397398,9.357060898667058,21.999999999999996,29.419953577823083,-67.93878844079086,-76.30533139749633,FLAT
2026-10-02T07:09:25.757860+00:00,2,PERP,DOT|HTX|OKX,DOT,HTX,OKX,1.5970781170770998,0.23081946098686662,-0.38210580552920487,8.574597281114515,-29.283643271823536,32.66144965430095,20.0,61.93465700545059,-116.83619447174492,-120.97821246528075,FLAT
2026-10-02T07:09:26.216948+00:00,2,PERP,DOT|GATE|HTX,DOT,GATE,HTX,2.153019291342151,0.27440060803013205,-0.5888876386186341,9.992350052153292,-31.584353608189453,35.9180457752184,20.0,67.48785778863935,-124.48332375821016,-129.9947912024764,FLAT
2026-10-02T07:09:26.714692+00:00,2,PERP,DOT|BITGET|HTX,DOT,BITGET,HTX,2.153019291342151,-0.0820300050318979,2.8665706096265042,8.69866237368734,-31.584353608189453,35.9180457752184,21.999999999999996,67.48785778863935,-129.9387820064553,-128.53933295423124,FLAT
2026-10-02T07:09:27.436935+00:00,2,PERP,ICP|HTX|MEXC,ICP,HTX,MEXC,-39.94088250107053,-0.20227447124740566,-36.73077331137532,15.870065905493657,-60.404711567502154,-19.39887170154808,26.0,41.170127928880895,-96.84406618500773,-90.50202953870814,FLAT
2026-10-02T07:09:27.956655+00:00,2,PERP,ICP|HTX|OKX,ICP,HTX,OKX,-39.94088250107053,-0.227390306849521,-36.53659025985091,14.971140539743693,-60.404711567502154,-19.39887170154808,20.0,41.170127928880895,-91.03824923653215,-84.30784648718372,FLAT
2026-10-02T07:09:28.504566+00:00,2,PERP,UNI|HTX|OKX,UNI,HTX,OKX,-14.366598140614917,0.031131891171404337,-14.706619638159525,10.921967305890147,-22.64101414243047,-6.079584727053389,20.0,16.585247191332034,-50.51964169560298,-51.21228210243817,FLAT
2026-10-02T07:51:40.294901+00:00,0,PERP,OP|GATE|OKX,OP,GATE,OKX,-3.02527016716847,-0.6571943184922735,1.6156255722218287,7.0616796414755685,-14.439994441733939,8.411329578588145,20.0,22.858218307623467,-64.91383832157923,-55.65392231398978,FLAT
2026-10-02T07:51:40.603777+00:00,0,PERP,OP|BITGET|GATE,OP,BITGET,GATE,-5.213425802891303,0.4686415692223522,-9.422333111832357,8.981079753392708,-22.15268432875339,11.750879520815438,21.999999999999996,33.92122992738492,-74.65158114430595,-83.09444256003272,FLAT
2026-10-02T07:51:41.145961+00:00,0,PERP,DOT|HTX|OKX,DOT,HTX,OKX,22.929233422339657,2.685939803210144,-0.2572845353018363,8.632553093680563,-1.120184951763914,47.08668389270976,20.0,48.09634551012111,-74.9592459265832,-121.4403139381327,FLAT
2026-10-02T07:51:41.875468+00:00,0,PERP,ICP|HTX|MEXC,ICP,HTX,MEXC,-28.24959347910827,0.552152389303826,-36.9808093791543,15.813054637062546,-48.25090470446325,-8.173817741446987,26.0,40.190485092123126,-83.46058041743208,-100.99747672983044,FLAT
2026-10-02T07:51:42.330016+00:00,0,PERP,DOT|GATE|HTX,DOT,GATE,HTX,-23.319823838754417,-2.2281201227839413,-0.7587057013421864,10.12562918251601,-49.73734293703957,3.119260581243566,20.0,52.98014348099607,-127.95878071669347,-82.85810976358182,FLAT
2026-10-02T07:51:42.809655+00:00,0,PERP,DOT|BITGET|HTX,DOT,BITGET,HTX,-15.172269591173793,-2.0854577552957183,2.9233619810820373,8.677054966136135,-41.61467954352016,11.291743637276141,21.999999999999996,52.986807372153876,-125.52484889675608,-89.35518902834798,FLAT
2026-10-02T07:51:43.337308+00:00,0,PERP,ICP|HTX|OKX,ICP,HTX,OKX,-25.2283087020988,0.7750005057078196,-36.78662632762989,14.913948494749308,-45.235223160433605,-5.146908870724554,20.0,40.1895673747318,-74.63816420753552,-97.82928483163715,FLAT
2026-10-02T07:51:43.888232+00:00,0,PERP,UNI|HTX|OKX,UNI,HTX,OKX,-11.842300235953562,0.279313272748119,-14.900925725733437,10.950519678805605,-20.218891477297163,-3.452559846792713,20.0,16.786200040235983,-48.10416579179971,-54.2345659191767,FLAT
2026-10-02T07:51:54.243995+00:00,1,PERP,OP|GATE|OKX,OP,GATE,OKX,-1.9925141081078568,-0.5109463843612918,1.6156255722218287,7.0616796414755685,-12.876987519117034,8.912510929537376,20.0,21.79382151425941,-62.28643460559827,-55.09070687157495,FLAT
2026-10-02T07:51:54.548242+00:00,1,PERP,OP|BITGET|GATE,OP,BITGET,GATE,-6.931168202637394,0.27737922138525667,-9.422333111832357,8.981079753392708,-20.01225396468298,6.159686854230184,21.999999999999996,26.190089964172543,-64.78001081702317,-69.77210993023509,FLAT
2026-10-02T07:51:55.081732+00:00,1,PERP,DOT|HTX|OKX,DOT,HTX,OKX,23.691797081211163,2.774275623516855,-0.2572845353018363,8.632553093680563,-3.1232338551845373,50.644887344777345,20.0,53.64068229178007,-82.50663161166277,-130.54285417185923,FLAT
2026-10-02T07:51:55.831347+00:00,1,PERP,ICP|HTX|MEXC,ICP,HTX,MEXC,-28.24959347910827,0.552152389303826,-36.9808093791543,15.813054637062546,-48.25090470446325,-8.173817741446987,26.0,40.190485092123126,-83.46058041743208,-100.99747672983044,FLAT
2026-10-02T07:51:56.296404+00:00,1,PERP,DOT|GATE|HTX,DOT,GATE,HTX,-23.940643137697613,-2.2894317991008233,-0.7587057013421864,10.12562918251601,-57.64792339075675,9.820994176907849,20.0,67.63078622612703,-150.5200039155416,-104.21048610437707,FLAT
2026-10-02T07:51:56.782957+00:00,1,PERP,DOT|BITGET|HTX,DOT,BITGET,HTX,-19.970324183639086,-2.6384166349145084,2.9233619810820373,8.677054966136135,-49.73734293703957,9.820994176907849,21.999999999999996,59.67750511214248,-140.33821003026407,-94.57513730796828,FLAT
2026-10-02T07:51:57.286826+00:00,1,PERP,ICP|HTX|OKX,ICP,HTX,OKX,-25.2283087020988,0.7750005057078196,-36.78662632762989,14.913948494749308,-45.235223160433605,-5.146908870724554,20.0,40.1895673747318,-74.63816420753552,-97.82928483163715,FLAT
2026-10-02T07:51:57.794072+00:00,1,PERP,UNI|HTX|OKX,UNI,HTX,OKX,-12.736307498802946,0.19767264846069757,-14.900925725733437,10.950519678805605,-22.41906059740062,-3.036201999303545,20.0,19.40756113008819,-52.92569600175537,-57.272284856518084,FLAT
2026-10-02T07:52:08.144115+00:00,2,PERP,OP|GATE|OKX,OP,GATE,OKX,0.24140435778807756,-0.1946025994102731,1.6156255722218287,7.0616796414755685,-11.02236021837677,11.526051588288677,20.0,22.54784815183125,-61.185833942429845,-58.4582741678981,FLAT
2026-10-02T07:52:08.446845+00:00,2,PERP,OP|BITGET|GATE,OP,BITGET,GATE,-9.453800443780525,-0.0035037359440306276,-9.422333111832357,8.981079753392708,-25.34293842377466,6.456495297240128,21.999999999999996,31.829510627862525,-75.75011593980483,-75.708339036935,FLAT
2026-10-02T07:52:08.980001+00:00,2,PERP,DOT|HTX|OKX,DOT,HTX,OKX,26.636048822228364,3.115339467441838,-0.2572845353018363,8.632553093680563,0.1714405396069374,53.23298704616563,20.0,52.920257832408964,-78.4915327575002,-132.41052941387642,FLAT
2026-10-02T07:52:09.725234+00:00,2,PERP,ICP|HTX|MEXC,ICP,HTX,MEXC,-31.27087825611885,0.36108969797982926,-36.9808093791543,15.813054637062546,-51.2665862484929,-11.200726612171641,26.0,40.19140336578975,-86.47718023512834,-97.97148613277241,FLAT
2026-10-02T07:52:10.180102+00:00,2,PERP,DOT|GATE|HTX,DOT,GATE,HTX,-26.68807081287583,-2.5607658195014733,-0.7587057013421864,10.12562918251601,-56.61437465687369,3.2626427406201586,20.0,60.03723524509405,-141.89290420062557,-90.0585836870564,FLAT
2026-10-02T07:52:10.670451+00:00,2,PERP,DOT|BITGET|HTX,DOT,BITGET,HTX,-23.77721784158848,-3.077147710470273,2.9233619810820373,8.677054966136135,-56.61437465687369,9.105919999998768,21.999999999999996,65.8768994252068,-153.41463606316253,-100.05945744412354,FLAT
2026-10-02T07:52:11.336945+00:00,2,PERP,ICP|HTX|OKX,ICP,HTX,OKX,-31.27087825611885,0.36983821376699455,-36.78662632762989,14.913948494749308,-51.2665862484929,-11.200726612171641,20.0,40.19140336578975,-80.67136328665276,-91.777303081248,FLAT
2026-10-02T07:52:11.835703+00:00,2,PERP,UNI|HTX|OKX,UNI,HTX,OKX,-13.992314698161312,0.0829742381387354,-14.900925725733437,10.950519678805605,-22.414134089261406,-5.557195681600291,20.0,16.880547708231163,-50.39375607175913,-52.22427775236431,FLAT
2026-10-02T08:50:49.168004+00:00,0,PERP,OP|GATE|OKX,OP,GATE,OKX,-2.007142698409181,-0.5002437989495406,1.5722702043790036,7.155336878347268,-11.8587524867797,7.860347682535629,20.0,19.72304607682178,-59.15406876798048,-52.011123554978404,FLAT
2026-10-02T08:50:49.401416+00:00,0,PERP,OP|BITGET|GATE,OP,BITGET,GATE,-3.839636741024277,0.6089129747568285,-9.356624304576748,9.060387596036525,-18.686575071185096,11.026912497040797,21.999999999999996,29.724887902195153,-67.0548386688035,-78.10842470381269,FLAT
2026-10-02T08:50:50.100057+00:00,0,PERP,ICP|HTX|MEXC,ICP,HTX,MEXC,-29.834298144361114,0.448448619503779,-36.90358186116359,15.763865489484246,-48.38221953431976,-11.222773899849381,26.0,37.270530783284315,-80.74916845644049,-94.95133874459853,FLAT
2026-10-02T08:50:50.544359+00:00,0,PERP,DOT|GATE|HTX,DOT,GATE,HTX,5.479858671433302,0.6170793813092037,-0.7445711154438484,10.086919082713992,-29.00095423225779,40.016875019142084,20.0,68.97998342708775,-123.23636654390168,-135.74142956167367,FLAT
2026-10-02T08:50:51.018608+00:00,0,PERP,DOT|BITGET|HTX,DOT,BITGET,HTX,1.4076242967209218,-0.1622187501001553,2.820414777771171,8.70916882405998,-29.00095423225779,31.840965511797936,21.999999999999996,60.833346615956735,-120.65471562598569,-117.8538973499835,FLAT
2026-10-02T08:50:51.265331+00:00,0,SPOT,ICP|BITGET|HTX,ICP,BITGET,HTX,-11.493341577977212,-0.5044158615345851,-0.2592039085967514,22.271578921413827,-73.48980463558807,50.57643476842344,60.0,124.20895367484643,-263.43955440183777,-241.04459235186664,FLAT
2026-10-02T08:50:51.769156+00:00,0,PERP,ICP|HTX|OKX,ICP,HTX,OKX,-35.89242708366247,0.057822268957360735,-36.75298125620148,14.882746527529047,-54.42999697611084,-17.29128983308015,20.0,37.27237795064412,-80.94939367055349,-82.73406937376545,FLAT
2026-10-02T08:50:52.221308+00:00,0,PERP,UNI|HTX|OKX,UNI,HTX,OKX,-12.71870366971517,0.1296984053625728,-14.156017813791012,11.08197236548761,-22.549436120438138,-2.8696675710848663,20.0,19.704813493969215,-54.09823180061634,-56.99116373667536,FLAT
2026-10-02T08:51:02.519687+00:00,1,PERP,OP|GATE|OKX,OP,GATE,OKX,-2.50635539896904,-0.5700116811677105,1.5722702043790036,7.155336878347268,-11.607310070727017,6.6083170189501494,20.0,18.220183384674453,-57.399763659780476,-49.2562301992456,FLAT
2026-10-02T08:51:02.759421+00:00,1,PERP,OP|BITGET|GATE,OP,BITGET,GATE,-3.6818448222764033,0.6263285562731093,-9.356624304576748,9.060387596036525,-17.997725980201107,10.653108800326994,21.999999999999996,28.6613747576782,-65.30247643330256,-76.67110786258193,FLAT
2026-10-02T08:51:03.863512+00:00,1,PERP,ICP|HTX|MEXC,ICP,HTX,MEXC,-31.344083216746643,0.35267356525755517,-36.90358186116359,15.763865489484246,-51.39056831922395,-11.222773899849381,26.0,40.29395273826234,-86.78093919632269,-97.97476069957654,FLAT
2026-10-02T08:51:04.333108+00:00,1,PERP,DOT|GATE|HTX,DOT,GATE,HTX,4.824990491807402,0.5521568639125735,-0.7445711154438484,10.086919082713992,-29.00095423225779,38.70163280851324,20.0,67.66989841535114,-121.92628153216509,-133.1161023393082,FLAT
2026-10-02T08:51:04.787667+00:00,1,PERP,DOT|BITGET|HTX,DOT,BITGET,HTX,1.4076242967209218,-0.1622187501001553,2.820414777771171,8.70916882405998,-29.00095423225779,31.840965511797936,21.999999999999996,60.833346615956735,-120.65471562598569,-117.8538973499835,FLAT
2026-10-02T08:51:05.041424+00:00,1,SPOT,ICP|BITGET|HTX,ICP,BITGET,HTX,-17.584074008544228,-0.777891417625979,-0.2592039085967514,22.271578921413827,-89.30409593256971,54.20969080823346,60.0,143.76654901265317,-298.81144103662615,-264.2354437294834,FLAT
2026-10-02T08:51:06.018574+00:00,1,PERP,ICP|HTX|OKX,ICP,HTX,OKX,-37.40129477183274,-0.04356141619640261,-36.75298125620148,14.882746527529047,-57.436517533251404,-17.29128983308015,20.0,40.295799905622154,-86.97933618267207,-85.75749132874347,FLAT
2026-10-02T08:51:06.473381+00:00,1,PERP,UNI|HTX|OKX,UNI,HTX,OKX,-9.988235389941647,0.3760867006697306,-14.156017813791012,11.08197236548761,-16.32846514494468,-3.6406483411044466,20.0,12.700498094014112,-40.87294542516778,-49.21586756670067,FLAT
2026-10-02T08:51:16.719829+00:00,2,PERP,OP|GATE|OKX,OP,GATE,OKX,-3.118138336081211,-0.6555119095306104,1.5722702043790036,7.155336878347268,-11.296626295852485,5.071079908247622,20.0,16.37280443649606,-55.241700936727554,-45.87161414036468,FLAT
2026-10-02T08:51:16.953557+00:00,2,PERP,OP|BITGET|GATE,OP,BITGET,GATE,-3.9859523191121404,0.5927640433190753,-9.356624304576748,9.060387596036525,-16.15659959578575,8.198398505248061,21.999999999999996,24.36470204467897,-59.164677335887966,-69.91972485450377,FLAT
2026-10-02T08:51:17.673048+00:00,2,PERP,ICP|HTX|MEXC,ICP,HTX,MEXC,-34.37268899428969,0.16055027039923714,-36.90358186116359,15.763865489484246,-54.413542926239344,-14.257031866463654,26.0,40.294876041262405,-89.80483710633816,-94.94142603596234,FLAT
2026-10-02T08:51:18.110717+00:00,2,PERP,DOT|GATE|HTX,DOT,GATE,HTX,13.864037430442178,1.44827260198021,-0.7445711154438484,10.086919082713992,-20.881248168928003,48.63764029598761,20.0,69.42262913749848,-115.55930619098262,-144.80484054892992,FLAT
2026-10-02T08:51:18.558325+00:00,2,PERP,DOT|BITGET|HTX,DOT,BITGET,HTX,5.71274395268162,0.3321016314346888,2.820414777771171,8.70916882405998,-29.00095423225779,40.45471062148032,21.999999999999996,69.41599776630679,-129.23736677633576,-135.05029361001593,FLAT
2026-10-02T08:51:18.802541+00:00,2,SPOT,ICP|BITGET|HTX,ICP,BITGET,HTX,-14.957498820022952,-0.6599574715061619,-0.2592039085967514,22.271578921413827,-84.00914431263561,54.18879299115886,60.0,138.40489158451854,-288.1548319885574,-258.85288848427416,FLAT
2026-10-02T08:51:19.270517+00:00,2,PERP,ICP|HTX|OKX,ICP,HTX,OKX,-40.429900549376896,-0.24705918940258184,-36.75298125620148,14.882746527529047,-60.45949214026458,-20.325547799696643,20.0,40.296724331859096,-90.00323521592219,-82.72415778836393,FLAT
2026-10-02T08:51:19.773589+00:00,2,PERP,UNI|HTX|OKX,UNI,HTX,OKX,-14.406818894860951,-0.022631447976806423,-14.156017813791012,11.08197236548761,-23.452209242152968,-5.346012264526578,20.0,18.132306737565703,-53.42849816592766,-52.94231228683013,FLAT
2026-10-02T09:07:57.399559+00:00,0,PERP,OP|GATE|OKX,OP,GATE,OKX,-2.287254189261567,-0.5531208399863858,1.6238051414632175,7.070894907559529,-12.381870221264135,7.824226389094857,20.0,20.210705236780033,-60.21638059950738,-52.41112648441167,FLAT
2026-10-02T09:07:57.731411+00:00,0,PERP,OP|BITGET|GATE,OP,BITGET,GATE,-3.682236226560942,0.6304646548459274,-9.136823630993968,8.651694210781752,-16.159447039727493,8.804355948119902,21.999999999999996,24.97299510907323,-59.99561851780675,-70.9141746881871,FLAT
2026-10-02T09:07:58.461707+00:00,0,PERP,ICP|HTX|MEXC,ICP,HTX,MEXC,-30.372057706908873,0.431266389895399,-37.20052484306117,15.833524930631615,-51.530766899058335,-9.12964090079127,26.0,42.5301335109836,-88.86037556698076,-102.6010174532535,FLAT
2026-10-02T09:07:58.931666+00:00,0,PERP,DOT|GATE|HTX,DOT,GATE,HTX,-11.804823971959255,-0.964840920227372,-1.1984587801996187,10.992864180408276,-30.936950834530297,7.342959295573159,20.0,38.32514588675476,-94.06363794108545,-72.86656396252755,FLAT
2026-10-02T09:07:59.406998+00:00,0,PERP,DOT|BITGET|HTX,DOT,BITGET,HTX,-3.627832423839239,-0.5498953096972182,2.1407759370774886,10.490375639124878,-22.778961432593505,15.53898137525822,21.999999999999996,38.33184253767411,-91.2515799073451,-79.73004797585483,FLAT
2026-10-02T09:08:00.023459+00:00,0,SPOT,ICP|BITGET|HTX,ICP,BITGET,HTX,-8.728467718138733,-0.35816065325890306,-0.804927733976298,22.12286556902932,-73.01675419194909,55.63590508036454,60.0,128.7650063943396,-266.9768328523124,-251.20583920868043,FLAT
2026-10-02T09:08:00.554261+00:00,0,PERP,ICP|HTX|OKX,ICP,HTX,OKX,-36.4464692482902,0.04004013186754696,-37.050217105251754,15.078568146547486,-57.593210063653366,-15.21606816798693,20.0,42.53199082449666,-89.07498378289827,-90.36613976176149,FLAT
2026-10-02T09:08:01.116435+00:00,0,PERP,UNI|HTX|OKX,UNI,HTX,OKX,-10.637787838836399,0.30164531786565113,-13.863285824544688,10.693015255568739,-19.115388440162917,-2.1467143283993018,20.0,16.98673354119502,-48.23883615681325,-54.70330503734041,FLAT
2026-10-02T09:08:11.500766+00:00,1,PERP,OP|GATE|OKX,OP,GATE,OKX,-0.4705964802498297,-0.29620036064655864,1.6238051414632175,7.070894907559529,-11.022331161679721,10.098649760010847,20.0,21.12196039475164,-59.76809669789458,-55.59680501329927,FLAT
2026-10-02T09:08:11.833876+00:00,1,PERP,OP|BITGET|GATE,OP,BITGET,GATE,-4.7768098815070825,0.5039491275654924,-9.136823630993968,8.651694210781752,-20.253076851644014,10.719370765321923,21.999999999999996,30.987236827412918,-70.10349004806297,-78.8434312237288,FLAT
2026-10-02T09:08:12.549956+00:00,1,PERP,ICP|HTX|MEXC,ICP,HTX,MEXC,-30.372057706908873,0.431266389895399,-37.20052484306117,15.833524930631615,-51.530766899058335,-9.12964090079127,26.0,42.5301335109836,-88.86037556698076,-102.6010174532535,FLAT
2026-10-02T09:08:13.016153+00:00,1,PERP,DOT|GATE|HTX,DOT,GATE,HTX,-9.826342483300055,-0.7848622125685168,-1.1984587801996187,10.992864180408276,-30.936950834530297,11.31884507898695,20.0,42.29733042177584,-98.03582247610652,-80.81463428096241,FLAT
2026-10-02T09:08:13.512284+00:00,1,PERP,DOT|BITGET|HTX,DOT,BITGET,HTX,-5.737036851897193,-0.7509562154851359,2.1407759370774886,10.490375639124878,-22.778961432593505,11.31884507898695,21.999999999999996,34.11737406160762,-87.03711143127862,-71.29544320351708,FLAT
2026-10-02T09:08:13.838761+00:00,1,SPOT,ICP|BITGET|HTX,ICP,BITGET,HTX,-7.2141407913395295,-0.28970989483097276,-0.804927733976298,22.12286556902932,-72.26189170307707,57.920437998417725,60.0,130.27625491426366,-267.73321888336443,-255.00162064665767,FLAT
2026-10-02T09:08:14.357046+00:00,1,PERP,ICP|HTX|OKX,ICP,HTX,OKX,-39.48367501897976,-0.16138521178386495,-37.050217105251754,15.078568146547486,-60.624431645950324,-18.25928180158143,20.0,42.53292033076589,-92.10713487146447,-87.32385563443621,FLAT
2026-10-02T09:08:14.858754+00:00,1,PERP,UNI|HTX|OKX,UNI,HTX,OKX,-11.045727808773886,0.26349518339118294,-13.863285824544688,10.693015255568739,-21.29644744705006,-0.7761905393910418,20.0,20.54293081359786,-53.97609243610324,-59.63002609875151,FLAT
2026-10-02T09:08:25.251547+00:00,2,PERP,OP|GATE|OKX,OP,GATE,OKX,-2.841521715101214,-0.631508021960633,1.6238051414632175,7.070894907559529,-13.184724389866398,7.520367982958298,20.0,20.71096057159452,-61.51949010292414,-52.6075234130896,FLAT
2026-10-02T09:08:25.589974+00:00,2,PERP,OP|BITGET|GATE,OP,BITGET,GATE,-4.619556657219359,0.5221251310691477,-9.136823630993968,8.651694210781752,-17.392164304431688,8.162654454388907,21.999999999999996,25.566625797494364,-61.82196647093208,-70.86610388287724,FLAT
2026-10-02T09:08:26.300648+00:00,2,PERP,ICP|HTX|MEXC,ICP,HTX,MEXC,-36.4464692482902,0.04762398758801763,-37.20052484306117,15.833524930631615,-57.593210063653366,-15.21606816798693,26.0,42.53199082449666,-94.92467604508886,-96.5164474995709,FLAT
2026-10-02T09:08:26.761418+00:00,2,PERP,DOT|GATE|HTX,DOT,GATE,HTX,-9.826342483300055,-0.7848622125685168,-1.1984587801996187,10.992864180408276,-30.936950834530297,11.31884507898695,20.0,42.29733042177584,-98.03582247610652,-80.81463428096241,FLAT
2026-10-02T09:08:27.292541+00:00,2,PERP,DOT|BITGET|HTX,DOT,BITGET,HTX,-5.737036851897193,-0.7509562154851359,2.1407759370774886,10.490375639124878,-22.778961432593505,11.31884507898695,21.999999999999996,34.11737406160762,-87.03711143127862,-71.29544320351708,FLAT
2026-10-02T09:08:27.630690+00:00,2,SPOT,ICP|BITGET|HTX,ICP,BITGET,HTX,1.9374551534379059,0.12396146777899221,-0.804927733976298,22.12286556902932,-72.50827225056878,76.4703268590905,60.0,148.9496898006173,-286.6530343172098,-292.2249443936841,FLAT
2026-10-02T09:08:28.156803+00:00,2,PERP,ICP|HTX|OKX,ICP,HTX,OKX,-36.4464692482902,0.04004013186754696,-37.050217105251754,15.078568146547486,-57.593210063653366,-15.21606816798693,20.0,42.53199082449666,-89.07498378289827,-90.36613976176149,FLAT
2026-10-02T09:08:28.710670+00:00,2,PERP,UNI|HTX|OKX,UNI,HTX,OKX,-11.123406241748679,0.2562307746983833,-13.863285824544688,10.693015255568739,-20.347253967023526,-1.8836337675876003,20.0,18.484167154476456,-50.96813529695529,-56.46381921143354,FLAT
2026-10-02T09:51:15.218996+00:00,0,PERP,OP|GATE|OKX,OP,GATE,OKX,-1.0533524770006686,-0.3865233271844944,1.6760772325471864,7.061487671208651,-12.30159011457399,10.215978566525674,20.0,22.51992106324678,-62.49758841036796,-57.059822397225275,FLAT
2026-10-02T09:51:15.473052+00:00,0,PERP,OP|BITGET|GATE,OP,BITGET,GATE,-4.256194535500191,0.5739008252496774,-9.220554308161578,8.650204973135605,-17.37684335202494,8.874334287660712,21.999999999999996,26.262351688977372,-62.41864073284073,-72.35724028479966,FLAT
2026-10-02T09:51:16.177557+00:00,0,PERP,ICP|HTX|MEXC,ICP,HTX,MEXC,-33.18091267868306,0.2505594207953301,-37.15786095608129,15.87227598457296,-51.45278450363278,-14.847387606317097,26.0,36.72715711613057,-83.02208066368206,-91.03763046589475,FLAT
2026-10-02T09:51:16.618978+00:00,0,PERP,DOT|GATE|HTX,DOT,GATE,HTX,-22.9600551479503,-1.7998183795897653,-1.7448696030317639,11.787403543325377,-49.03305355804521,3.134332104153259,20.0,52.287429118297254,-125.5756130733107,-83.16663082548227,FLAT
2026-10-02T09:51:16.888536+00:00,0,SPOT,ICP|BITGET|HTX,ICP,BITGET,HTX,-3.26329558990035,-0.10065209718945073,-1.015683798225031,22.33050134509159,-57.965148094633044,51.51054114723719,60.0,109.51137870954906,-232.4608430059571,-228.03760365501128,FLAT
2026-10-02T09:51:17.367694+00:00,0,PERP,ICP|HTX|OKX,ICP,HTX,OKX,-42.27610880399468,-0.34433810900545897,-37.09179197409552,15.055890400492878,-60.532687651331244,-23.957928311056918,20.0,36.72993546147407,-86.17083113870979,-75.86379912451267,FLAT
2026-10-02T09:51:17.870851+00:00,0,PERP,UNI|HTX|OKX,UNI,HTX,OKX,-14.292059092310128,-0.028358315356647675,-13.990563293752452,10.631654058639286,-25.544183933841058,-3.016824620964975,20.0,22.5595778879533,-60.113198528041906,-59.53331656074077,FLAT
2026-10-02T09:51:18.338803+00:00,0,PERP,DOT|BITGET|HTX,DOT,BITGET,HTX,-14.772086379094551,-1.4811972838995737,1.7078722590129707,11.126106439191172,-40.869832108955116,11.347086071400447,21.999999999999996,52.294158771151615,-122.87186313911971,-89.9333725835391,FLAT
2026-10-02T09:51:28.613001+00:00,1,PERP,OP|GATE|OKX,OP,GATE,OKX,-2.3596149917470832,-0.5715073667477658,1.6760772325471864,7.061487671208651,-12.26330546526877,7.561280181149765,20.0,19.82924965485528,-59.76863235267123,-51.71445260345786,FLAT
2026-10-02T09:51:28.862318+00:00,1,PERP,OP|BITGET|GATE,OP,BITGET,GATE,-5.492787053935633,0.4309455401118282,-9.220554308161578,8.650204973135605,-21.505629832332396,10.54370815718464,21.999999999999996,32.06693421812044,-72.35200974229126,-79.83119668346666,FLAT
2026-10-02T09:51:29.561696+00:00,1,PERP,ICP|HTX|MEXC,ICP,HTX,MEXC,-31.665046657797234,0.34606343183692034,-37.15786095608129,15.87227598457296,-51.45278450363278,-11.810540704738637,26.0,39.768057081900444,-86.06298062945194,-97.1153773332431,FLAT
2026-10-02T09:51:30.010048+00:00,1,PERP,DOT|GATE|HTX,DOT,GATE,HTX,-22.9600551479503,-1.7998183795897653,-1.7448696030317639,11.787403543325377,-49.03305355804521,3.134332104153259,20.0,52.287429118297254,-125.5756130733107,-83.16663082548227,FLAT
2026-10-02T09:51:30.270557+00:00,1,SPOT,ICP|BITGET|HTX,ICP,BITGET,HTX,-1.0667503251471366,-0.002286850892101908,-1.015683798225031,22.33050134509159,-59.712303381295186,57.6493575854542,60.0,117.37413944110119,-242.07075902417134,-242.03918082478043,FLAT
2026-10-02T09:51:30.770623+00:00,1,PERP,ICP|HTX|OKX,ICP,HTX,OKX,-39.24437676222414,-0.1429729315815259,-37.09179197409552,15.055890400492878,-57.50605326876435,-20.92108140947735,20.0,36.729008782598754,-83.14327007726757,-78.89971934721693,FLAT
2026-10-02T09:51:31.269085+00:00,1,PERP,UNI|HTX|OKX,UNI,HTX,OKX,-13.664257994285833,0.030691865787474754,-13.990563293752452,10.631654058639286,-24.669433070036995,-2.6371707581251957,20.0,22.062387134176042,-58.741256910460585,-59.4157796698033,FLAT
2026-10-02T09:51:31.730191+00:00,1,PERP,DOT|BITGET|HTX,DOT,BITGET,HTX,-17.299672714444768,-1.7083734617623807,1.7078722590129707,11.126106439191172,-45.90844993686449,11.347086071400447,21.999999999999996,57.354732622761645,-132.97105481863912,-94.99394643514913,FLAT
2026-10-02T09:51:42.014219+00:00,2,PERP,OP|GATE|OKX,OP,GATE,OKX,-3.032432606052682,-0.6667872349048448,1.6760772325471864,7.061487671208651,-13.033575103392758,6.985123093066203,20.0,20.02475711201959,-60.73440944795953,-51.33380297253861,FLAT
2026-10-02T09:51:42.259340+00:00,2,PERP,OP|BITGET|GATE,OP,BITGET,GATE,-4.437658405446188,0.5529228402759621,-9.220554308161578,8.650204973135605,-16.581130254674783,7.714957624389562,21.999999999999996,24.30687099655942,-59.66744694307262,-69.24238292911056,FLAT
2026-10-02T09:51:42.947979+00:00,2,PERP,ICP|HTX|MEXC,ICP,HTX,MEXC,-39.2145368579544,-0.12957662176943602,-37.15786095608129,15.87227598457296,-57.50605326876435,-20.86119076549209,26.0,36.7890246363237,-89.13721694900676,-85.0856948269129,FLAT
2026-10-02T09:51:43.386929+00:00,2,PERP,DOT|GATE|HTX,DOT,GATE,HTX,-14.772086379094551,-1.1051811985718818,-1.7448696030317639,11.787403543325377,-40.869832108955116,11.347086071400447,20.0,52.294158771151615,-117.41912127707496,-91.38611444558383,FLAT
2026-10-02T09:51:43.641545+00:00,2,SPOT,ICP|BITGET|HTX,ICP,BITGET,HTX,2.6247811572877033,0.1630265661864746,-1.015683798225031,22.33050134509159,-55.95434315378789,61.26883593206234,60.0,117.19238268478041,-238.13104204034326,-245.47690241506777,FLAT
2026-10-02T09:51:44.118026+00:00,2,PERP,ICP|HTX|OKX,ICP,HTX,OKX,-48.051391373709066,-0.7279276819957965,-37.09179197409552,15.055890400492878,-66.58595641646392,-29.45320777642757,20.0,37.31192865271282,-92.80609309508122,-70.95051285038078,FLAT
2026-10-02T09:51:44.622486+00:00,2,PERP,UNI|HTX|OKX,UNI,HTX,OKX,-15.31535722002375,-0.12460844934987056,-13.990563293752452,10.631654058639286,-24.612871538469694,-6.001526801114876,20.0,18.63987807255975,-55.262186317277,-52.62891456519733,FLAT
2026-10-02T09:51:45.106562+00:00,2,PERP,DOT|BITGET|HTX,DOT,BITGET,HTX,-14.772086379094551,-1.4811972838995737,1.7078722590129707,11.126106439191172,-40.869832108955116,11.347086071400447,21.999999999999996,52.294158771151615,-122.87186313911971,-89.9333725835391,FLAT
2026-10-02T10:06:38.763994+00:00,0,PERP,OP|GATE|OKX,OP,GATE,OKX,-3.7459691734698097,-0.7420820001121468,1.5399077546621946,7.123036170306218,-13.21865630299901,5.741411919493178,20.0,18.967161875110058,-59.72572593277126,-49.168666039941044,FLAT
2026-10-02T10:06:38.996388+00:00,0,PERP,OP|BITGET|GATE,OP,BITGET,GATE,0.9482124769721878,1.1667213050625609,-9.147153422691432,8.65276553694397,-10.573493145621393,12.478620294145149,21.999999999999996,23.04992453207523,-52.476264255005184,-72.6756982489118,FLAT
2026-10-02T10:06:39.699790+00:00,0,PERP,ICP|HTX|MEXC,ICP,HTX,MEXC,-48.701762484241186,-0.7153763453999258,-37.455659348941424,15.720540953884507,-78.6686838124051,-18.5624847746646,26.0,60.39986277760339,-133.61288724106709,-111.29303735188022,FLAT
2026-10-02T10:06:40.170305+00:00,0,PERP,DOT|GATE|HTX,DOT,GATE,HTX,-10.710021401854064,-0.8694991451683505,-1.0039671987760457,11.162810518000859,-32.74903444731913,11.347086071400447,20.0,44.143390759820285,-101.88845800836336,-82.49444402999677,FLAT
2026-10-02T10:06:40.404307+00:00,0,SPOT,ICP|BITGET|HTX,ICP,BITGET,HTX,17.085063382391574,0.8092764274432741,-0.8486387655915997,22.160168688763925,-23.124146084809727,57.3512952007027,60.0,80.3381426553499,-168.613649974568,-204.5380766216442,FLAT
2026-10-02T10:06:40.909322+00:00,0,PERP,ICP|HTX|OKX,ICP,HTX,OKX,-54.77055238362838,-1.1522086665358495,-37.47404687969017,15.011608579495135,-84.72012102874405,-24.648727161998842,20.0,60.401723491751106,-133.64779764080498,-99.22704320944244,FLAT
2026-10-02T10:06:41.409820+00:00,0,PERP,UNI|HTX|OKX,UNI,HTX,OKX,-16.718104828035152,-0.2903761074199397,-13.690847973134023,10.42529594393637,-29.021330125906797,-4.387467532522837,20.0,24.67508415429546,-66.00556630706824,-59.97846459490665,FLAT
2026-10-02T10:06:41.933126+00:00,0,PERP,DOT|BITGET|HTX,DOT,BITGET,HTX,-10.710021401854064,-1.229843196206492,2.335267518501062,10.607278196597681,-32.74903444731913,11.347086071400447,21.999999999999996,44.143390759820285,-107.22769272564048,-81.15520931271966,FLAT
2026-10-02T10:06:52.212607+00:00,1,PERP,OP|GATE|OKX,OP,GATE,OKX,-4.484306493777179,-0.84573686057534,1.5399077546621946,7.123036170306218,-13.671132264940766,4.716540298577154,20.0,18.39591116255762,-59.606951182160586,-47.57254370647259,FLAT
2026-10-02T10:06:52.439333+00:00,1,PERP,OP|BITGET|GATE,OP,BITGET,GATE,-1.8529664245769961,0.8429890960261284,-9.147153422691432,8.65276553694397,-15.046620105310105,11.35541492139236,21.999999999999996,26.406919924870405,-60.306386607489074,-74.90948826895419,FLAT
2026-10-02T10:06:53.153125+00:00,1,PERP,ICP|HTX|MEXC,ICP,HTX,MEXC,-48.701762484241186,-0.7153763453999258,-37.455659348941424,15.720540953884507,-78.6686838124051,-18.5624847746646,26.0,60.39986277760339,-133.61288724106709,-111.29303735188022,FLAT
2026-10-02T10:06:53.606205+00:00,1,PERP,DOT|GATE|HTX,DOT,GATE,HTX,-10.710021401854064,-0.8694991451683505,-1.0039671987760457,11.162810518000859,-32.74903444731913,11.347086071400447,20.0,44.143390759820285,-101.88845800836336,-82.49444402999677,FLAT
2026-10-02T10:06:53.883486+00:00,1,SPOT,ICP|BITGET|HTX,ICP,BITGET,HTX,17.890227257821856,0.845610260761002,-0.8486387655915997,22.160168688763925,-21.632973612319972,57.46400636976734,60.0,78.95569410894495,-165.74002895567332,-203.2683392443039,FLAT
2026-10-02T10:06:54.358596+00:00,1,PERP,ICP|HTX|OKX,ICP,HTX,OKX,-54.77055238362838,-1.1522086665358495,-37.47404687969017,15.011608579495135,-84.72012102874405,-24.648727161998842,20.0,60.401723491751106,-133.64779764080498,-99.22704320944244,FLAT
2026-10-02T10:06:54.862238+00:00,1,PERP,UNI|HTX|OKX,UNI,HTX,OKX,-16.28325965001509,-0.24866552382034612,-13.690847973134023,10.42529594393637,-26.769319037576178,-5.776291066825756,20.0,21.027246356266502,-60.10571742070866,-54.941803262574766,FLAT
2026-10-02T10:06:55.310787+00:00,1,PERP,DOT|BITGET|HTX,DOT,BITGET,HTX,-2.50526577261434,-0.4563407503225492,2.335267518501062,10.607278196597681,-24.56574137215228,19.5733367583939,21.999999999999996,44.150131467542224,-99.05114035819557,-89.38820070743506,FLAT
2026-10-02T10:07:05.560148+00:00,2,PERP,OP|GATE|OKX,OP,GATE,OKX,-4.384795141876285,-0.8317665044629106,1.5399077546621946,7.123036170306218,-14.200388941663089,5.4467719412687465,20.0,19.655766547505216,-61.3960632438305,-49.56263073411177,FLAT
2026-10-02T10:07:05.786395+00:00,2,PERP,OP|BITGET|GATE,OP,BITGET,GATE,-0.8927719006479595,0.9539587646054255,-9.147153422691432,8.65276553694397,-14.961082722000363,13.192284158320966,21.999999999999996,28.15587059749278,-61.96979989680171,-78.49530817850518,FLAT
2026-10-02T10:07:06.505135+00:00,2,PERP,ICP|HTX|MEXC,ICP,HTX,MEXC,-48.701762484241186,-0.7153763453999258,-37.455659348941424,15.720540953884507,-78.6686838124051,-18.5624847746646,26.0,60.39986277760339,-133.61288724106709,-111.29303735188022,FLAT
2026-10-02T10:07:06.968882+00:00,2,PERP,DOT|GATE|HTX,DOT,GATE,HTX,-10.710021401854064,-0.8694991451683505,-1.0039671987760457,11.162810518000859,-32.74903444731913,11.347086071400447,20.0,44.143390759820285,-101.88845800836336,-82.49444402999677,FLAT
2026-10-02T10:07:07.197487+00:00,2,SPOT,ICP|BITGET|HTX,ICP,BITGET,HTX,13.601433771923688,0.6520741218383433,-0.8486387655915997,22.160168688763925,-26.943125948312165,54.20633793173035,60.0,81.03919408353012,-173.13368126625068,-202.09417078085207,FLAT
2026-10-02T10:07:07.657982+00:00,2,PERP,ICP|HTX|OKX,ICP,HTX,OKX,-50.06975428324068,-0.8390644704629062,-37.47404687969017,15.011608579495135,-81.39684432590388,-18.5624847746646,20.0,63.150033547327595,-133.07283099354132,-108.06159565235316,FLAT
2026-10-02T10:07:08.159323+00:00,2,PERP,UNI|HTX|OKX,UNI,HTX,OKX,-14.89615225715668,-0.11561343586833091,-13.690847973134023,10.42529594393637,-25.346905879104487,-4.424636847404351,20.0,20.953461023734754,-58.60951892970522,-56.21967214946443,FLAT
2026-10-02T10:07:08.603215+00:00,2,PERP,DOT|BITGET|HTX,DOT,BITGET,HTX,-10.710021401854064,-1.229843196206492,2.335267518501062,10.607278196597681,-32.74903444731913,11.347086071400447,21.999999999999996,44.143390759820285,-107.22769272564048,-81.15520931271966,FLAT
2026-10-02T10:27:37.268954+00:00,0,PERP,OP|GATE|OKX,OP,GATE,OKX,-1.1772801805476352,-0.3850046726401413,1.5608052740058596,7.111823957297127,-10.554173954681056,8.21517788395898,20.0,18.771548869357346,-56.886528098044266,-51.42592147931047,FLAT
2026-10-02T10:27:37.523245+00:00,0,PERP,OP|BITGET|GATE,OP,BITGET,GATE,-2.3477088713108607,0.7663819385028293,-9.04223625496223,8.735236371474919,-13.62614627680614,8.939272804942,21.999999999999996,22.570714793243678,-55.15462481508759,-68.55222385314791,FLAT
2026-10-02T10:27:38.214687+00:00,0,PERP,ICP|HTX|MEXC,ICP,HTX,MEXC,-36.14612539657891,0.09899526560078827,-37.710404457537194,15.80155426085173,-60.86427267194217,-11.312348623853108,26.0,49.73141401919215,-104.88528223359714,-108.12946985287624,FLAT
2026-10-02T10:27:38.663573+00:00,0,PERP,DOT|GATE|HTX,DOT,GATE,HTX,-14.176674400281364,-1.1770629149045435,-1.2435437015823212,10.987629068024697,-39.43916713940898,11.106661979720656,20.0,50.61757941804793,-114.81320285587461,-88.96778509935092,FLAT
2026-10-02T10:27:38.921070+00:00,0,SPOT,ICP|BITGET|HTX,ICP,BITGET,HTX,-31.81304944583907,-1.379798679020375,-1.0196200850676338,22.3173350061721,-82.88835764013625,19.328322465494985,60.0,102.54285750757496,-250.41159506264358,-188.8908000581376,FLAT
2026-10-02T10:27:39.412598+00:00,0,PERP,ICP|HTX|OKX,ICP,HTX,OKX,-36.14612539657891,0.09898411605840052,-37.64447666479823,15.137289980296416,-60.86427267194217,-11.312348623853108,20.0,49.73141401919215,-98.9512100263361,-102.06354206013728,FLAT
2026-10-02T10:27:39.920166+00:00,0,PERP,UNI|HTX|OKX,UNI,HTX,OKX,-17.592082297668288,-0.375535079629825,-13.674061734513892,10.433167966669037,-28.56175065405364,-6.599664663469174,20.0,22.00076635513278,-62.88845527467253,-55.0751634261775,FLAT
2026-10-02T10:27:40.387327+00:00,0,PERP,DOT|BITGET|HTX,DOT,BITGET,HTX,-14.176674400281364,-1.5498614898891019,2.0956910156947863,10.499238494622185,-39.43916713940898,11.106661979720656,21.999999999999996,50.61757941804793,-120.15243757315169,-87.6285503820738,FLAT
2026-10-02T10:27:50.668775+00:00,1,PERP,OP|GATE|OKX,OP,GATE,OKX,0.12163194874181826,-0.2023634631432868,1.5608052740058596,7.111823957297127,-8.951669023852249,9.208416724451052,20.0,18.159854854772345,-54.672329152630454,-51.80746630521754,FLAT
2026-10-02T10:27:50.913906+00:00,1,PERP,OP|BITGET|GATE,OP,BITGET,GATE,-6.221905594270272,0.3228682706173587,-9.04223625496223,8.735236371474919,-20.394362335510728,7.969742040365713,21.999999999999996,28.381750248557548,-67.73387632910604,-73.39372854388549,FLAT
2026-10-02T10:27:51.627750+00:00,1,PERP,ICP|HTX|MEXC,ICP,HTX,MEXC,-36.1204133121118,0.10062245265104008,-37.710404457537194,15.80155426085173,-54.777845404747616,-17.398585827733683,26.0,37.51465311696856,-86.58209406417899,-89.82647174677207,FLAT
2026-10-02T10:27:52.073570+00:00,1,PERP,DOT|GATE|HTX,DOT,GATE,HTX,-17.983163873377393,-1.5234970227116011,-1.2435437015823212,10.987629068024697,-47.0268663938278,11.106661979720656,20.0,58.238222529088766,-130.02154522133426,-96.58842821039175,FLAT
2026-10-02T10:27:52.322963+00:00,1,SPOT,ICP|BITGET|HTX,ICP,BITGET,HTX,-35.339294142451294,-1.5378034181900384,-1.0196200850676338,22.3173350061721,-89.55899373140342,18.947413398904267,60.0,108.89117949181491,-263.4305531381507,-194.8582129757868,FLAT
2026-10-02T10:27:52.821278+00:00,1,PERP,ICP|HTX|OKX,ICP,HTX,OKX,-39.16886966416344,-0.10070448550232201,-37.64447666479823,15.137289980296416,-57.82105903834434,-20.452302993280156,20.0,37.515589462008904,-83.692171835555,-80.70776313352698,FLAT
2026-10-02T10:27:53.314746+00:00,1,PERP,UNI|HTX|OKX,UNI,HTX,OKX,-16.889406122979622,-0.30818485801607226,-13.674061734513892,10.433167966669037,-28.93742711104652,-4.8153551830265595,20.0,24.162853463812077,-65.4262188403447,-59.02156001529941,FLAT
2026-10-02T10:27:53.769506+00:00,1,PERP,DOT|BITGET|HTX,DOT,BITGET,HTX,-14.176674400281364,-1.5498614898891019,2.0956910156947863,10.499238494622185,-39.43916713940898,11.106661979720656,21.999999999999996,50.61757941804793,-120.15243757315169,-87.6285503820738,FLAT
2026-10-02T10:28:04.066231+00:00,2,PERP,OP|GATE|OKX,OP,GATE,OKX,-0.48335791329234823,-0.2874316349184632,1.5608052740058596,7.111823957297127,-9.963417802542063,9.011160053895573,20.0,18.975484034837383,-56.499707111385305,-52.42583881472709,FLAT
2026-10-02T10:28:04.320975+00:00,2,PERP,OP|BITGET|GATE,OP,BITGET,GATE,-4.460573316095173,0.5245036017375059,-9.04223625496223,8.735236371474919,-15.84804208854984,6.935515796078207,21.999999999999996,22.79372192983656,-57.59952776342417,-66.77147398087699,FLAT
2026-10-02T10:28:05.019749+00:00,2,PERP,ICP|HTX|MEXC,ICP,HTX,MEXC,-33.07195696005682,0.29354375024817025,-37.710404457537194,15.80155426085173,-51.734631771150895,-14.344868662184984,26.0,37.51371734470662,-83.53794465832033,-92.87925314005884,FLAT
2026-10-02T10:28:05.469501+00:00,2,PERP,DOT|GATE|HTX,DOT,GATE,HTX,-18.931754387775392,-1.6098296162606962,-1.2435437015823212,10.987629068024697,-47.455775746567674,9.61578224006665,20.0,57.17979968997483,-129.3920317349602,-94.0391256316238,FLAT
2026-10-02T10:28:05.750634+00:00,2,SPOT,ICP|BITGET|HTX,ICP,BITGET,HTX,-32.33338454239898,-1.4031139671771378,-1.0196200850676338,22.3173350061721,-77.43339404069683,12.823362412717199,60.0,90.54949796072232,-232.96327191635152,-170.39248045850715,FLAT
2026-10-02T10:28:06.219615+00:00,2,PERP,ICP|HTX|OKX,ICP,HTX,OKX,-34.61612196087982,0.20005923833528289,-37.64447666479823,15.137289980296416,-54.777845404747616,-14.384811122942764,20.0,40.53322470459971,-83.66659344454911,-89.79289024645519,FLAT
2026-10-02T10:28:06.712620+00:00,2,PERP,UNI|HTX|OKX,UNI,HTX,OKX,-15.86580456066855,-0.2100745270426629,-13.674061734513892,10.433167966669037,-26.588409218787355,-5.123085427767293,20.0,21.499415494823605,-60.41376297909707,-56.05039180157021,FLAT
2026-10-02T10:28:07.188308+00:00,2,PERP,DOT|BITGET|HTX,DOT,BITGET,HTX,-18.931754387775392,-2.0027590966945503,2.0956910156947863,10.499238494622185,-47.455775746567674,9.61578224006665,21.999999999999996,57.17979968997483,-134.7312664522373,-92.6998909143467,FLAT
2026-10-02T10:48:27.486836+00:00,0,PERP,OP|GATE|OKX,OP,GATE,OKX,-1.652497819749632,-0.44818617218189677,1.5399394133189401,7.123015905481615,-11.179803898756502,7.890267827403985,20.0,19.07321103749257,-57.792954349568014,-51.42353945157761,FLAT
2026-10-02T10:48:27.782979+00:00,0,PERP,OP|BITGET|GATE,OP,BITGET,GATE,-0.5515039537751232,0.9933891770577487,-9.147090181784693,8.652788279280681,-12.458888349469177,11.364860369815766,21.999999999999996,23.825059295904698,-55.13685746358918,-72.33700984750516,FLAT
2026-10-02T10:48:28.527165+00:00,0,PERP,ICP|HTX|MEXC,ICP,HTX,MEXC,-41.2751951395629,-0.24765301545342344,-37.372876751691685,15.7572011821723,-60.8272506082741,-21.65208002443464,26.0,39.337407606625604,-94.79178146320803,-87.05820433388266,FLAT
2026-10-02T10:48:28.990792+00:00,0,PERP,DOT|GATE|HTX,DOT,GATE,HTX,-11.723911527605768,-0.9616964134459247,-1.0837883992868989,11.063910585039478,-41.33864284615374,17.915134020272117,20.0,59.32331702133892,-125.57817146820577,-104.32223944089793,FLAT
2026-10-02T10:48:29.321057+00:00,0,SPOT,ICP|BITGET|HTX,ICP,BITGET,HTX,0.6758860708888648,0.07242563981237585,-0.9339207206369375,22.227028931965666,-49.330605756077176,50.755717868040676,60.0,100.0795056486125,-214.47619068405274,-217.7691442372901,FLAT
2026-10-02T10:48:29.835622+00:00,0,PERP,ICP|HTX|OKX,ICP,HTX,OKX,-47.36895362501991,-0.669847497650064,-37.30703930017327,15.021201631931898,-66.9099756691005,-27.75691203420805,20.0,39.339280870008004,-94.94221723893523,-74.88940813597321,FLAT
2026-10-02T10:48:30.336750+00:00,0,PERP,UNI|HTX|OKX,UNI,HTX,OKX,-16.709209617052913,-0.2821962549962118,-13.77039913823959,10.41406619252539,-26.601517599978976,-6.79870824446982,20.0,19.835936923537687,-58.667055385277074,-52.807627817307456,FLAT
2026-10-02T10:48:40.682804+00:00,1,PERP,OP|GATE|OKX,OP,GATE,OKX,-2.8779135486245444,-0.6202222514403857,1.5399394133189401,7.123015905481615,-11.926123448414705,6.184165530891406,20.0,18.115491839984422,-57.58155470171807,-48.75971795755689,FLAT
2026-10-02T10:48:40.976532+00:00,1,PERP,OP|BITGET|GATE,OP,BITGET,GATE,-3.509309621436696,0.6515565131586316,-9.147090181784693,8.652788279280681,-16.914538647517794,9.910767199681203,21.999999999999996,26.83471476122001,-62.60216322695311,-73.8925721426859,FLAT
2026-10-02T10:48:41.726117+00:00,1,PERP,ICP|HTX|MEXC,ICP,HTX,MEXC,-38.18354082807396,-0.051447212421166476,-37.372876751691685,15.7572011821723,-57.785888077860335,-18.50977397678477,26.0,39.42652867857625,-91.83954000474489,-90.28963145348317,FLAT
2026-10-02T10:48:42.185122+00:00,1,PERP,DOT|GATE|HTX,DOT,GATE,HTX,-19.914379824834683,-1.7019833340853587,-1.0837883992868989,11.063910585039478,-49.50148002414778,9.696991990721937,20.0,59.31658736848457,-133.73427899334544,-96.09736775849339,FLAT
2026-10-02T10:48:42.521415+00:00,1,SPOT,ICP|BITGET|HTX,ICP,BITGET,HTX,5.125401226342419,0.27261052142984254,-0.9339207206369375,22.227028931965666,-50.82374231762054,61.139365335469705,60.0,111.90571395714439,-227.79553555412798,-239.979000013251,FLAT
2026-10-02T10:48:43.031008+00:00,1,PERP,ICP|HTX|OKX,ICP,HTX,OKX,-41.23043376558,-0.2611904534365895,-37.30703930017327,15.021201631931898,-60.8272506082741,-21.562217470983967,20.0,39.427464450838194,-88.94767575893901,-81.17228628002749,FLAT
2026-10-02T10:48:43.528184+00:00,1,PERP,UNI|HTX|OKX,UNI,HTX,OKX,-16.4989755199052,-0.2620087419478882,-13.77039913823959,10.41406619252539,-26.683720725092506,-6.29453707693961,20.0,20.422860254243734,-59.336181841096646,-53.89872231554371,FLAT
2026-10-02T10:48:53.826691+00:00,2,PERP,OP|GATE|OKX,OP,GATE,OKX,-3.5158220316777733,-0.7097782051990061,1.5399394133189401,7.123015905481615,-13.390072115567753,6.375063240546819,20.0,19.772072864162492,-60.70208439304919,-50.60719669139037,FLAT
2026-10-02T10:48:54.118145+00:00,2,PERP,OP|BITGET|GATE,OP,BITGET,GATE,-2.1779136479571637,0.8054255239915435,-9.147090181784693,8.652788279280681,-13.939501751505379,9.592544431531458,21.999999999999996,23.537169031829308,-56.32958060154999,-70.27680364514546,FLAT
2026-10-02T10:48:54.852290+00:00,2,PERP,ICP|HTX|MEXC,ICP,HTX,MEXC,-38.18354082807396,-0.051447212421166476,-37.372876751691685,15.7572011821723,-57.785888077860335,-18.50977397678477,26.0,39.42652867857625,-91.83954000474489,-90.28963145348317,FLAT
2026-10-02T10:48:55.308632+00:00,2,PERP,DOT|GATE|HTX,DOT,GATE,HTX,-19.241483516214686,-1.641164304191003,-1.0837883992868989,11.063910585039478,-49.50148002414778,11.043336614777743,20.0,60.66152824070979,-135.07921986557068,-98.78865325477445,FLAT
2026-10-02T10:48:55.634177+00:00,2,SPOT,ICP|BITGET|HTX,ICP,BITGET,HTX,5.321493349617068,0.2814327587101765,-0.9339207206369375,22.227028931965666,-50.069014918512345,60.76993251739049,60.0,110.77996567277476,-225.91505987065017,-238.4838189108022,FLAT
2026-10-02T10:48:56.186860+00:00,2,PERP,ICP|HTX|OKX,ICP,HTX,OKX,-44.27732670308271,-0.46402994738397474,-37.30703930017327,15.021201631931898,-63.86861313868675,-24.614660965180946,20.0,39.428400795878524,-91.98997463439201,-78.12077913087086,FLAT
2026-10-02T10:48:56.678671+00:00,2,PERP,UNI|HTX|OKX,UNI,HTX,OKX,-17.966285425956574,-0.4029056672146512,-13.77039913823959,10.41406619252539,-29.495143068771768,-6.412760807360529,20.0,23.12390096154328,-64.84864489207547,-56.48153929242235,FLAT
2026-10-02T11:01:56.868851+00:00,0,PERP,OP|GATE|OKX,OP,GATE,OKX,-0.3120528345013085,-0.26158430289577905,1.5490649072164329,7.114791373621725,-10.899827928176897,10.294732467717171,20.0,21.19520474728547,-59.6440975826788,-55.94087230778621,FLAT
2026-10-02T11:01:57.112380+00:00,0,PERP,OP|BITGET|GATE,OP,BITGET,GATE,-4.215100743961697,0.5789472815286295,-9.211027843339243,8.629329921347066,-19.143993551277163,10.731641950716408,21.999999999999996,29.888223024276883,-67.82118873221481,-77.83089281833253,FLAT
2026-10-02T11:01:57.814036+00:00,0,PERP,ICP|HTX|MEXC,ICP,HTX,MEXC,-36.23193828973359,0.05347245218504363,-37.05962238101683,15.478700853647096,-61.01281269066394,-11.334843654201565,26.0,49.85834358523874,-105.81153389488586,-107.583122312054,FLAT
2026-10-02T11:01:58.263058+00:00,0,PERP,DOT|GATE|HTX,DOT,GATE,HTX,1.9405846318432118,0.2790290057482055,-1.1408316518646882,11.04335470588515,-31.743848074662353,35.65269559036466,20.0,67.38345596827911,-123.98647239107677,-130.17698321050847,FLAT
2026-10-02T11:01:58.511027+00:00,0,SPOT,ICP|BITGET|HTX,ICP,BITGET,HTX,9.343275189053202,0.48405337633591045,-1.352479111294639,22.096229100415336,-60.143579033242744,78.94926725523499,60.0,138.96290737431764,-263.75400729626574,-285.2646537408473,FLAT
2026-10-02T11:01:59.013782+00:00,0,PERP,ICP|HTX|OKX,ICP,HTX,OKX,-45.405270861509365,-0.5641120217698354,-37.07873230201892,14.760434520375766,-70.16473459426354,-20.529687308401545,20.0,49.86117162707406,-108.94717391931867,-92.41021662069143,FLAT
2026-10-02T11:01:59.512731+00:00,0,PERP,UNI|HTX|OKX,UNI,HTX,OKX,-21.080330532834424,-0.7202819006262406,-13.602190909537358,10.3822400879368,-32.67690038826765,-9.45917774943017,20.0,23.26674367513876,-68.34145315386905,-53.40975683524594,FLAT
2026-10-02T11:02:09.769893+00:00,1,PERP,OP|GATE|OKX,OP,GATE,OKX,-0.9230612666955018,-0.34746291831934906,1.5490649072164329,7.114791373621725,-11.704939311484308,9.878158730651787,20.0,21.585073143109845,-60.83907736181059,-55.914166966545196,FLAT
2026-10-02T11:02:10.021090+00:00,1,PERP,OP|BITGET|GATE,OP,BITGET,GATE,-2.068154340023609,0.8277437029781113,-9.211027843339243,8.629329921347066,-14.78939827468162,10.662712320754775,21.999999999999996,25.457371934780575,-59.035742366122946,-73.33111209887458,FLAT
2026-10-02T11:02:10.734867+00:00,1,PERP,ICP|HTX|MEXC,ICP,HTX,MEXC,-33.17416076580759,0.25101987899028,-37.05962238101683,15.478700853647096,-57.96217205613075,-8.269895769468238,26.0,49.85740206146773,-102.75995173658164,-110.64712867301631,FLAT
2026-10-02T11:02:11.174278+00:00,1,PERP,DOT|GATE|HTX,DOT,GATE,HTX,1.793132829732702,0.26567692152764427,-1.1408316518646882,11.04335470588515,-31.743848074662353,35.357670826079435,20.0,67.08947754918754,-123.6924939719852,-129.58798002713166,FLAT
2026-10-02T11:02:11.425121+00:00,1,SPOT,ICP|BITGET|HTX,ICP,BITGET,HTX,-2.915709624892182,-0.07074648377754915,-1.352479111294639,22.096229100415336,-64.92906905976258,59.17567834550663,60.0,124.1408942263017,-253.71748417476965,-250.66905168310296,FLAT
2026-10-02T11:02:12.014308+00:00,1,PERP,ICP|HTX|OKX,ICP,HTX,OKX,-39.28971581365737,-0.14979122115858684,-37.07873230201892,14.760434520375766,-64.06345332519714,-14.399791538933782,20.0,49.859285687075,-102.84400671025323,-98.53822645016014,FLAT
2026-10-02T11:02:12.514729+00:00,1,PERP,UNI|HTX|OKX,UNI,HTX,OKX,-19.713560132753607,-0.5886368617421103,-13.602190909537358,10.3822400879368,-29.99413398855677,-9.4137631836122,20.0,20.621004190226532,-63.01294726924594,-50.80943191615169,FLAT
2026-10-02T11:02:22.763177+00:00,2,PERP,OP|GATE|OKX,OP,GATE,OKX,0.777457161171835,-0.10845121178188775,1.5490649072164329,7.114791373621725,-9.543887266341144,11.116135310997866,20.0,20.65840193212475,-57.751354105682324,-56.225472335906176,FLAT
2026-10-02T11:02:22.998449+00:00,2,PERP,OP|BITGET|GATE,OP,BITGET,GATE,-5.252108317232995,0.458774848359054,-9.211027843339243,8.629329921347066,-18.286907233531213,7.79513682968247,21.999999999999996,26.095743891284485,-63.17162328147646,-71.1019085643062,FLAT
2026-10-02T11:02:23.764543+00:00,2,PERP,ICP|HTX|MEXC,ICP,HTX,MEXC,-30.285513826718848,0.4376406404095512,-37.05962238101683,15.478700853647096,-54.911531421597545,-5.544843654199383,26.0,49.5163844048518,-99.36829344543253,-113.03116313166925,FLAT
2026-10-02T11:02:24.233478+00:00,2,PERP,DOT|GATE|HTX,DOT,GATE,HTX,-1.382231751669849,-0.02185930871861931,-1.1408316518646882,11.04335470588515,-38.068677982143754,35.357670826079435,20.0,73.43646051131545,-136.3643068415945,-135.93496298925956,FLAT
2026-10-02T11:02:24.478666+00:00,2,SPOT,ICP|BITGET|HTX,ICP,BITGET,HTX,-4.891069480292831,-0.16014453655948374,-1.352479111294639,22.096229100415336,-67.4228718655956,57.72610888171714,60.0,125.21016366528222,-257.28055641958315,-250.288751658294,FLAT
2026-10-02T11:02:24.962698+00:00,2,PERP,ICP|HTX|OKX,ICP,HTX,OKX,-33.343239478053064,0.2530747193661044,-37.07873230201892,14.760434520375766,-57.96217205613075,-8.609687308400726,20.0,49.51732535108809,-96.40076510519992,-103.98637034470629,FLAT
2026-10-02T11:02:25.463257+00:00,2,PERP,UNI|HTX|OKX,UNI,HTX,OKX,-17.44238141690113,-0.3698807265905668,-13.602190909537358,10.3822400879368,-26.661946432718906,-8.206780525108481,20.0,18.487398399308443,-57.54715392249,-49.882808783737325,FLAT
2026-10-02T11:23:44.347976+00:00,0,PERP,OP|GATE|OKX,OP,GATE,OKX,0.08918543939584467,-0.2119000123781844,1.5910538360540096,7.087627696678633,-9.882022312819316,10.076778686618493,20.0,19.9586095457697,-57.43168569464303,-54.444334396334185,FLAT
2026-10-02T11:23:44.692007+00:00,0,PERP,OP|BITGET|GATE,OP,BITGET,GATE,-2.3589834458714876,0.7343838410254215,-8.937927966050331,8.95845490144861,-14.342001821822103,9.633099240502485,21.999999999999996,23.980754655690273,-57.38482851146204,-70.55178186224309,FLAT
2026-10-02T11:23:45.429891+00:00,0,PERP,ICP|HTX|MEXC,ICP,HTX,MEXC,-25.848240546411105,0.7241793331317405,-37.05822214672963,15.479565747672671,-45.676004872107214,-5.947429620561939,26.0,39.83139810098976,-80.44918082636734,-102.94219062715746,FLAT
2026-10-02T11:23:45.896226+00:00,0,PERP,DOT|GATE|HTX,DOT,GATE,HTX,-17.46793326193319,-1.4816003943603235,-1.1065944565757009,11.043017312654975,-45.946446720104284,11.03392324005359,20.0,57.08006747818402,-127.9199197417126,-95.22058517481331,FLAT
2026-10-02T11:23:46.232311+00:00,0,SPOT,ICP|BITGET|HTX,ICP,BITGET,HTX,0.3797629099921984,0.09725505600029259,-1.818689599968723,22.605020246498107,-72.00395518427993,72.87110807281837,60.0,144.86948169581402,-281.05474728012524,-285.5592793686011,FLAT
2026-10-02T11:23:46.793952+00:00,0,PERP,ICP|HTX|OKX,ICP,HTX,OKX,-27.398512503183923,0.6556861882023228,-37.07717648614425,14.761122251935888,-48.7210718635811,-5.997399633564937,20.0,42.84090550680569,-80.48480088424253,-99.920682359385,FLAT
2026-10-02T11:23:47.309045+00:00,0,PERP,UNI|HTX|OKX,UNI,HTX,OKX,-17.728951520981084,-0.3999912504434858,-13.574152756283743,10.387224120754528,-27.50803698671089,-7.931754756870246,20.0,19.6110337806113,-59.54491801103845,-51.2534317800248,FLAT
2026-10-02T11:23:57.692416+00:00,1,PERP,OP|GATE|OKX,OP,GATE,OKX,0.12039590164159009,-0.20749649916030316,1.5910538360540096,7.087627696678633,-9.138262141312747,9.39417418981181,20.0,18.532200874715112,-55.26151685208187,-52.335321228472914,FLAT
2026-10-02T11:23:58.037193+00:00,1,PERP,OP|BITGET|GATE,OP,BITGET,GATE,-7.419483235451274,0.16949850697507227,-8.937927966050331,8.95845490144861,-20.70911903806372,5.883841423222069,21.999999999999996,26.612698662037026,-66.3838897340504,-69.43446805130942,FLAT
2026-10-02T11:23:58.763537+00:00,1,PERP,ICP|HTX|MEXC,ICP,HTX,MEXC,-22.797574768934624,0.9212562942819682,-37.05822214672963,15.479565747672671,-42.6309378806311,-2.8911444308443723,26.0,39.8304629009713,-77.40317863487277,-105.99754061685655,FLAT
2026-10-02T11:23:59.239903+00:00,1,PERP,DOT|GATE|HTX,DOT,GATE,HTX,-17.46793326193319,-1.4816003943603235,-1.1065944565757009,11.043017312654975,-45.946446720104284,11.03392324005359,20.0,57.08006747818402,-127.9199197417126,-95.22058517481331,FLAT
2026-10-02T11:23:59.577742+00:00,1,SPOT,ICP|BITGET|HTX,ICP,BITGET,HTX,-1.7945940073771371,0.0010659398810013712,-1.818689599968723,22.605020246498107,-72.76197750475278,69.25824372828737,60.0,142.0456612440653,-278.9889491488493,-279.12259457232136,FLAT
2026-10-02T11:24:00.113459+00:00,1,PERP,ICP|HTX|OKX,ICP,HTX,OKX,-23.85415015241921,0.8958008820766237,-37.07717648614425,14.761122251935888,-44.74021045188903,-2.8911444308443723,20.0,41.94899029734076,-75.61202426308553,-102.13502235264065,FLAT
2026-10-02T11:24:00.655463+00:00,1,PERP,UNI|HTX|OKX,UNI,HTX,OKX,-18.03248681399139,-0.4292132340535071,-13.574152756283743,10.387224120754528,-27.72524497474782,-8.322156645710344,20.0,19.438124187119524,-59.589216405583606,-50.69012029769293,FLAT
2026-10-02T11:24:11.038557+00:00,2,PERP,OP|GATE|OKX,OP,GATE,OKX,-0.39917145930878917,-0.28080274254465254,1.5910538360540096,7.087627696678633,-10.313582586005676,9.531440804122493,20.0,19.845802351588063,-57.750438773647744,-53.78618931965654,FLAT
2026-10-02T11:24:11.390965+00:00,2,PERP,OP|BITGET|GATE,OP,BITGET,GATE,-2.8392362437279495,0.6807749538747139,-8.937927966050331,8.95845490144861,-14.740808519645432,9.071338734365497,21.999999999999996,23.818906600634897,-57.62178715422999,-69.82817330105073,FLAT
2026-10-02T11:24:12.124849+00:00,2,PERP,ICP|HTX|MEXC,ICP,HTX,MEXC,-25.848240546411105,0.7241793331317405,-37.05822214672963,15.479565747672671,-45.676004872107214,-5.947429620561939,26.0,39.83139810098976,-80.44918082636734,-102.94219062715746,FLAT
2026-10-02T11:24:12.668615+00:00,2,PERP,DOT|GATE|HTX,DOT,GATE,HTX,-15.153209944643864,-1.271990715071247,-1.1065944565757009,11.043017312654975,-45.946446720104284,15.679568580249104,20.0,61.71951480531632,-132.5593670688449,-104.50567784214113,FLAT
2026-10-02T11:24:13.049144+00:00,2,SPOT,ICP|BITGET|HTX,ICP,BITGET,HTX,-6.5491728944222505,-0.2092669346397227,-1.818689599968723,22.605020246498107,-72.11868790249598,59.11510523270991,60.0,131.31972826782416,-267.6197265703514,-258.2535231005028,FLAT
2026-10-02T11:24:13.544183+00:00,2,PERP,ICP|HTX|OKX,ICP,HTX,OKX,-27.37357343514768,0.6573756984990736,-37.07717648614425,14.761122251935888,-48.7210718635811,-5.947429620561939,20.0,42.890905377166696,-80.53480075460354,-100.02065224274901,FLAT
2026-10-02T11:24:14.053183+00:00,2,PERP,UNI|HTX|OKX,UNI,HTX,OKX,-18.846438314620293,-0.5075740637772598,-13.574152756283743,10.387224120754528,-29.748876624823282,-7.921373133005227,20.0,21.868694736942217,-64.04341860548175,-53.521474360220736,FLAT
2026-10-02T12:27:08.153977+00:00,0,PERP,OP|GATE|OKX,OP,GATE,OKX,-4.286191367836034,-0.8129901705945313,1.496763015791365,7.113191023451593,-13.671250107131216,5.113192560759483,20.0,18.79248656273728,-59.96049968565986,-48.4089161077054,FLAT
2026-10-02T12:27:08.503369+00:00,0,PERP,OP|BITGET|GATE,OP,BITGET,GATE,2.711372480608265,1.35640543160809,-9.054292460967226,8.674150565459382,-8.688517018499153,14.11987216816124,21.999999999999996,22.8022034096229,-50.43642796715483,-73.97636803875136,FLAT
2026-10-02T12:27:09.292170+00:00,0,PERP,ICP|HTX|MEXC,ICP,HTX,MEXC,-24.89490906598446,0.7810802152605684,-37.06492457169792,15.581005981125184,-39.42978465271585,-10.321995740797396,26.0,29.180383504004418,-63.54524358502235,-87.92331233490495,FLAT
2026-10-02T12:27:09.751558+00:00,0,PERP,DOT|GATE|HTX,DOT,GATE,HTX,-2.745979451015401,-0.1650593481594761,-0.9013124475632578,11.175780251294059,-33.355010004860745,27.888285258275136,20.0,61.26010676530867,-119.71380432260617,-116.04970447114707,FLAT
2026-10-02T12:27:10.116634+00:00,0,SPOT,ICP|BITGET|HTX,ICP,BITGET,HTX,-4.763859610862342,-0.13848844961310355,-1.6900513071248235,22.195412775035354,-76.28021923761663,66.83792283977752,60.0,143.18630303572027,-283.77647096621206,-277.7142771826226,FLAT
2026-10-02T12:27:10.682670+00:00,0,PERP,ICP|HTX|OKX,ICP,HTX,OKX,-29.724703504420134,0.5093870956101427,-37.29410540907355,14.859822657240278,-45.49590536851667,-13.912228438631713,20.0,31.677784269026652,-65.87958422846977,-81.05966123946848,FLAT
2026-10-02T12:27:21.063441+00:00,1,PERP,OP|GATE|OKX,OP,GATE,OKX,-3.087345845764755,-0.644451814444839,1.496763015791365,7.113191023451593,-10.893652694502487,4.728193210674636,20.0,15.626664941030215,-54.017080651324065,-44.85809513591349,FLAT
2026-10-02T12:27:21.422792+00:00,1,PERP,OP|BITGET|GATE,OP,BITGET,GATE,2.33634618143741,1.3131705008398582,-9.054292460967226,8.674150565459382,-7.347076355365134,12.027082481484985,21.999999999999996,19.369630659633852,-45.662414554031756,-68.45100560208606,FLAT
2026-10-02T12:27:22.149061+00:00,1,PERP,ICP|HTX|MEXC,ICP,HTX,MEXC,-24.89490906598446,0.7810802152605684,-37.06492457169792,15.581005981125184,-39.42978465271585,-10.321995740797396,26.0,29.180383504004418,-63.54524358502235,-87.92331233490495,FLAT
2026-10-02T12:27:22.622526+00:00,1,PERP,DOT|GATE|HTX,DOT,GATE,HTX,-2.745979451015401,-0.1650593481594761,-0.9013124475632578,11.175780251294059,-33.355010004860745,27.888285258275136,20.0,61.26010676530867,-119.71380432260617,-116.04970447114707,FLAT
2026-10-02T12:27:22.973667+00:00,1,SPOT,ICP|BITGET|HTX,ICP,BITGET,HTX,-4.190233678980082,-0.11264410340984414,-1.6900513071248235,22.195412775035354,-75.13365172479025,66.83792283977752,60.0,142.0310383107945,-281.4746387284599,-276.55901245769684,FLAT
2026-10-02T12:27:23.497963+00:00,1,PERP,ICP|HTX|OKX,ICP,HTX,OKX,-27.931932993806583,0.6300325805507079,-37.29410540907355,14.859822657240278,-42.46284501061681,-13.36299361119675,20.0,29.181310747322815,-60.35005034886607,-79.11242254519962,FLAT
2026-10-02T12:27:33.895774+00:00,2,PERP,OP|GATE|OKX,OP,GATE,OKX,-3.4124203724794633,-0.6901520530076675,1.496763015791365,7.113191023451593,-11.504724489858065,4.690860065070801,20.0,16.20110561417473,-55.20259311982416,-45.395202663454164,FLAT
2026-10-02T12:27:34.239236+00:00,2,PERP,OP|BITGET|GATE,OP,BITGET,GATE,1.140915965398559,1.1753552523013933,-9.054292460967226,8.674150565459382,-9.232213476285667,11.521880096991843,21.999999999999996,20.751723018465096,-48.92964403378353,-69.32789557642417,FLAT
2026-10-02T12:27:34.955815+00:00,2,PERP,ICP|HTX|MEXC,ICP,HTX,MEXC,-21.857885138161226,0.9759985620927487,-37.06492457169792,15.581005981125184,-36.39672429481378,-7.280997870399153,26.0,29.1794568251291,-60.51125654824496,-90.96338352642786,FLAT
2026-10-02T12:27:35.430200+00:00,2,PERP,DOT|GATE|HTX,DOT,GATE,HTX,0.7103128352725641,0.1442069588518627,-0.9013124475632578,11.175780251294059,-33.355010004860745,34.82731091511315,20.0,68.17743902441627,-126.63113658171376,-129.90606238709267,FLAT
2026-10-02T12:27:35.772946+00:00,2,SPOT,ICP|BITGET|HTX,ICP,BITGET,HTX,-2.5423649176248286,-0.038400439727737726,-1.6900513071248235,22.195412775035354,-77.34476850523863,72.35363259773919,60.0,149.73641104633376,-291.3911282444476,-289.7800949511978,FLAT
2026-10-02T12:27:36.288379+00:00,2,PERP,ICP|HTX|OKX,ICP,HTX,OKX,-26.243915924286654,0.7436286246258007,-37.29410540907355,14.859822657240278,-42.12427723604195,-10.321995740797396,20.0,31.88590829621732,-62.71608012318572,-84.85801796449348,FLAT
2026-10-02T12:53:05.214393+00:00,0,PERP,OP|GATE|OKX,OP,GATE,OKX,-3.3782692417960725,-0.6733265523828587,1.445510370585049,7.164101274946133,-14.159220875039624,7.421521851567192,20.0,21.5880192943761,-63.19275054000077,-53.56403077535824,FLAT
2026-10-02T12:53:05.442464+00:00,0,PERP,OP|BITGET|GATE,OP,BITGET,GATE,-0.5061907135639476,0.9853771447323554,-9.053823109610803,8.674478032843489,-15.683927745521187,14.691783149416437,21.999999999999996,30.377235080237497,-65.00733971614788,-82.12284133926474,FLAT
2026-10-02T12:53:06.168628+00:00,0,PERP,ICP|HTX|MEXC,ICP,HTX,MEXC,-29.783608487690127,0.46702567235383413,-37.06181959361049,15.584177780287302,-56.886227544910014,-2.5410602409658978,26.0,54.50714896951099,-106.33155692081053,-121.02790832215558,FLAT
2026-10-02T12:53:06.619773+00:00,0,PERP,DOT|GATE|HTX,DOT,GATE,HTX,-11.70342684260528,-0.960716337958697,-1.073062928464584,11.065039173506504,-34.84454507781454,11.456628477906072,20.0,46.35541753427811,-106.12689968362805,-84.88510894064876,FLAT
2026-10-02T12:53:06.850418+00:00,0,SPOT,ICP|BITGET|HTX,ICP,BITGET,HTX,-13.51217066281385,-0.532752613791794,-1.6880155623785447,22.19445722899133,-92.44371182509536,65.51792205107488,60.0,158.17530155722997,-314.9309978199468,-291.3812391706834,FLAT
2026-10-02T12:53:07.358311+00:00,0,PERP,ICP|HTX|OKX,ICP,HTX,OKX,-39.36351973978125,-0.13688200825562438,-37.331403166262426,14.845753648820601,-67.05447936434683,-11.529481927710084,20.0,55.74405697794584,-111.46713317603025,-107.54597821649817,FLAT
2026-10-02T12:53:17.615534+00:00,1,PERP,OP|GATE|OKX,OP,GATE,OKX,-0.9005252180538381,-0.32747102512960036,1.445510370585049,7.164101274946133,-8.511687778852695,6.7197553869502435,20.0,15.232809460346578,-51.190007609784324,-46.50705447671177,FLAT
2026-10-02T12:53:17.881425+00:00,1,PERP,OP|BITGET|GATE,OP,BITGET,GATE,0.9539366491528867,1.153701666068218,-9.053823109610803,8.674478032843489,-9.650536324613546,11.566335237995773,21.999999999999996,21.214844840176177,-49.811558055178914,-69.83500318778275,FLAT
2026-10-02T12:53:18.611468+00:00,1,PERP,ICP|HTX|MEXC,ICP,HTX,MEXC,-29.76370239829551,0.4683029992475119,-37.06181959361049,15.584177780287302,-56.886227544910014,-2.50103614457986,26.0,54.54718289308777,-106.3715908443873,-121.1079663421184,FLAT
2026-10-02T12:53:19.062790+00:00,1,PERP,DOT|GATE|HTX,DOT,GATE,HTX,-11.773477395640164,-0.9670471382330069,-1.073062928464584,11.065039173506504,-34.84454507781454,11.3164700473245,20.0,46.215419022474954,-105.9869011718249,-84.60495199826403,FLAT
2026-10-02T12:53:19.342802+00:00,1,SPOT,ICP|BITGET|HTX,ICP,BITGET,HTX,-15.749293966873523,-0.6335491000936733,-1.6880155623785447,22.19445722899133,-96.3323256000015,64.92212782309493,60.0,161.50876988234958,-322.1530799199725,-294.118913267823,FLAT
2026-10-02T12:53:19.809313+00:00,1,PERP,ICP|HTX|OKX,ICP,HTX,OKX,-35.767156438700766,0.10536660950762368,-37.331403166262426,14.845753648820601,-62.874251497005986,-8.52000000000186,20.0,54.548996833705324,-106.0918451644489,-109.36039999996589,FLAT
2026-10-02T12:53:30.078885+00:00,2,PERP,OP|GATE|OKX,OP,GATE,OKX,-3.3499283480453723,-0.6693705929871125,1.445510370585049,7.164101274946133,-14.6002332116979,7.921813458369176,20.0,22.529573511646138,-64.57531709392909,-55.00587659943026,FLAT
2026-10-02T12:53:30.319205+00:00,2,PERP,OP|BITGET|GATE,OP,BITGET,GATE,2.580472773523468,1.341209907856618,-9.053823109610803,8.674478032843489,-10.148114761527882,15.318573453222406,21.999999999999996,25.460114747799672,-54.55440639971674,-77.83251131063287,FLAT
2026-10-02T12:53:31.041055+00:00,2,PERP,ICP|HTX|MEXC,ICP,HTX,MEXC,-32.76542941849758,0.27568924300565173,-37.06181959361049,15.584177780287302,-59.88023952096078,-5.510518072288084,26.0,54.548089590258535,-109.36650951760883,-118.09939111158094,FLAT
2026-10-02T12:53:31.483829+00:00,2,PERP,DOT|GATE|HTX,DOT,GATE,HTX,-11.773477395640164,-0.9670471382330069,-1.073062928464584,11.065039173506504,-34.84454507781454,11.3164700473245,20.0,46.215419022474954,-105.9869011718249,-84.60495199826403,FLAT
2026-10-02T12:53:31.752027+00:00,2,SPOT,ICP|BITGET|HTX,ICP,BITGET,HTX,-14.158694292280005,-0.5618825728079414,-1.6880155623785447,22.19445722899133,-87.98225495646572,59.75358943128395,60.0,147.94526227899775,-300.23950167308493,-275.38686727266025,FLAT
2026-10-02T12:53:32.257962+00:00,2,PERP,ICP|HTX|OKX,ICP,HTX,OKX,-38.768883458901726,-0.09682770754811082,-37.331403166262426,14.845753648820601,-65.86826347305563,-11.529481927710084,20.0,54.54990462394204,-109.08676493073526,-106.35182586249438,FLAT
2026-10-02T13:35:53.211376+00:00,0,PERP,OP|GATE|OKX,OP,GATE,OKX,-1.349389283413771,-0.38642235171119355,1.4250339348730046,7.179768991107273,-12.31530682484494,9.63623405898284,20.0,21.95448570879138,-61.694826468509326,-56.16568583290122,FLAT
2026-10-02T13:35:53.464271+00:00,0,PERP,OP|BITGET|GATE,OP,BITGET,GATE,2.553835371501556,1.2668509595858137,-8.856859700617767,9.007132990490021,-10.327233358544685,15.444509671067586,21.999999999999996,25.765159451896675,-55.23553310982359,-78.06652882358202,FLAT
2026-10-02T13:35:54.190413+00:00,0,PERP,ICP|HTX|MEXC,ICP,HTX,MEXC,-25.51436482907676,0.7665951452668576,-37.26997723582209,15.334838055428998,-53.58737719559081,2.709092542678704,26.0,56.440070949646504,-104.75747090941522,-128.41914072814728,FLAT
2026-10-02T13:35:54.644308+00:00,0,PERP,DOT|GATE|HTX,DOT,GATE,HTX,-24.895307206788118,-2.1233598928428865,-1.1052674540687635,11.203960210846674,-60.701980988362436,10.940454043333325,20.0,71.82122436637981,-157.41793790067348,-109.8669458637819,FLAT
2026-10-02T13:35:54.906686+00:00,0,SPOT,ICP|BITGET|HTX,ICP,BITGET,HTX,-26.014733485013597,-1.0799755567783913,-1.8610246779328223,22.365051371284938,-97.94535324427423,45.970862231217154,60.0,144.29156513580423,-306.3758937021456,-258.1234520449542,FLAT
2026-10-02T13:35:55.419447+00:00,0,PERP,ICP|HTX|OKX,ICP,HTX,OKX,-31.48442955160924,0.4032119641665242,-37.416543677557904,14.712148083727833,-59.541530217325224,-3.2769691524392464,20.0,56.44186323469991,-104.56684977446723,-116.58143775981857,FLAT
2026-10-02T13:36:05.660872+00:00,1,PERP,OP|GATE|OKX,OP,GATE,OKX,-0.06781240389108767,-0.207924007111246,1.4250339348730046,7.179768991107273,-10.720534513880553,10.603460377134333,20.0,21.324123356985258,-59.46969180573881,-56.50254979924658,FLAT
2026-10-02T13:36:05.919121+00:00,1,PERP,OP|BITGET|GATE,OP,BITGET,GATE,0.5086826890177143,1.0397917294575176,-8.856859700617767,9.007132990490021,-14.803446593549818,15.841272915255722,21.999999999999996,30.643147083544918,-64.58973397647696,-83.34127969941841,FLAT
2026-10-02T13:36:06.631294+00:00,1,PERP,ICP|HTX|MEXC,ICP,HTX,MEXC,-31.48442955160924,0.37728130308911817,-37.26997723582209,15.334838055428998,-59.541530217325224,-3.2769691524392464,26.0,56.44186323469991,-110.71341621620304,-122.43487131808276,FLAT
2026-10-02T13:36:07.090908+00:00,1,PERP,DOT|GATE|HTX,DOT,GATE,HTX,-25.404112651369324,-2.168772892800582,-1.1052674540687635,11.203960210846674,-60.701980988362436,9.922429827244894,20.0,70.80427114167762,-156.4009846759713,-107.83196842299128,FLAT
2026-10-02T13:36:07.322621+00:00,1,SPOT,ICP|BITGET|HTX,ICP,BITGET,HTX,-28.045168255388386,-1.170761611174927,-1.8610246779328223,22.365051371284938,-120.7699682145047,64.80730131257495,60.0,186.09909975205687,-371.00804328862876,-318.7674257425646,FLAT
2026-10-02T13:36:07.816992+00:00,1,PERP,ICP|HTX|OKX,ICP,HTX,OKX,-31.48442955160924,0.4032119641665242,-37.416543677557904,14.712148083727833,-59.541530217325224,-3.2769691524392464,20.0,56.44186323469991,-104.56684977446723,-116.58143775981857,FLAT
2026-10-02T13:36:18.112126+00:00,2,PERP,OP|GATE|OKX,OP,GATE,OKX,-1.2354085257759717,-0.37054708361009253,1.4250339348730046,7.179768991107273,-11.603687176137134,9.151229590962373,20.0,20.75746492152338,-59.78618603253352,-54.483660577612746,FLAT
2026-10-02T13:36:18.345487+00:00,2,PERP,OP|BITGET|GATE,OP,BITGET,GATE,1.147693662950644,1.110736721011169,-8.856859700617767,9.007132990490021,-11.41930291151616,13.724054616386372,21.999999999999996,25.140468684579503,-55.7029118954779,-75.72138300158363,FLAT
2026-10-02T13:36:19.066697+00:00,2,PERP,ICP|HTX|MEXC,ICP,HTX,MEXC,-25.51436482907676,0.7665951452668576,-37.26997723582209,15.334838055428998,-53.58737719559081,2.709092542678704,26.0,56.440070949646504,-104.75747090941522,-128.41914072814728,FLAT
2026-10-02T13:36:19.512079+00:00,2,PERP,DOT|GATE|HTX,DOT,GATE,HTX,-33.49709105895382,-2.8911048410834397,-1.1052674540687635,11.203960210846674,-68.76304994133275,1.7974927900477056,20.0,70.79768276144095,-164.45546524870494,-99.70044300555742,FLAT
2026-10-02T13:36:19.741666+00:00,2,SPOT,ICP|BITGET|HTX,ICP,BITGET,HTX,-29.964220813827325,-1.2565674752697826,-1.8610246779328223,22.365051371284938,-109.46008585216882,49.61240849699067,60.0,159.55053408696526,-333.1495952612013,-277.02396726188874,FLAT
2026-10-02T13:36:20.317828+00:00,2,PERP,ICP|HTX|OKX,ICP,HTX,OKX,-29.60815343386991,0.5307444024659022,-37.416543677557904,14.712148083727833,-58.77605597363389,-0.28393830487916105,20.0,58.665397352264044,-106.02490964834004,-121.79800272494279,FLAT
2026-10-02T13:55:24.647195+00:00,0,PERP,OP|GATE|OKX,OP,GATE,OKX,-1.660969202729179,-0.4319180650778253,1.434703326239258,7.167268005821062,-10.484094708106406,7.176085383833186,20.0,17.66310289267348,-55.58190092701914,-49.40448495026741,FLAT
2026-10-02T13:55:25.005642+00:00,0,PERP,OP|BITGET|GATE,OP,BITGET,GATE,1.9307419192871045,1.2597221406567398,-9.032930626129406,8.703246685575236,-12.426170215528165,16.306736588491688,21.999999999999996,28.727347621208917,-60.120587210607674,-82.06701483583001,FLAT
2026-10-02T13:55:25.753981+00:00,0,PERP,ICP|HTX|MEXC,ICP,HTX,MEXC,-45.34406845517314,-0.514500885463391,-37.60670671358035,15.038578086457605,-72.13706041478862,-18.41424425634841,26.0,53.967176781983056,-120.49753048319133,-105.159639239215,FLAT
2026-10-02T13:55:26.266914+00:00,0,PERP,DOT|GATE|HTX,DOT,GATE,HTX,-7.496531470243539,-0.5980421634199165,-0.4698376959745102,11.749495610956151,-34.45787613878038,19.50873287764665,20.0,54.0070598356143,-113.99509827842016,-99.98563040923545,FLAT
2026-10-02T13:55:26.573181+00:00,0,SPOT,ICP|BITGET|HTX,ICP,BITGET,HTX,-28.692246186997615,-1.213548569747063,-1.4847702955871838,22.419766764737915,-91.17330068716845,33.87362935972193,60.0,125.4066924810284,-281.09522287260967,-226.76509213633753,FLAT
2026-10-02T13:55:36.939452+00:00,1,PERP,OP|GATE|OKX,OP,GATE,OKX,1.0222687908045813,-0.05754417653975104,1.434703326239258,7.167268005821062,-9.637654262228956,11.70022104591828,20.0,21.335678994696018,-58.40803658316423,-57.601196714375035,FLAT
2026-10-02T13:55:37.249199+00:00,1,PERP,OP|BITGET|GATE,OP,BITGET,GATE,2.4541411851597417,1.319860533233859,-9.032930626129406,8.703246685575236,-9.602021688270845,14.51934844183933,21.999999999999996,24.115448467363112,-52.68453952950455,-75.66772753533185,FLAT
2026-10-02T13:55:38.098940+00:00,1,PERP,ICP|HTX|MEXC,ICP,HTX,MEXC,-39.31733563752871,-0.11374937937043363,-37.60670671358035,15.038578086457605,-66.1256387135567,-12.372122128174734,26.0,53.96534523306296,-114.48427723303931,-111.19992981846858,FLAT
2026-10-02T13:55:38.551658+00:00,1,PERP,DOT|GATE|HTX,DOT,GATE,HTX,-11.628429206164137,-0.9497081304311039,-0.4698376959745102,11.749495610956151,-34.54756521069302,11.30946222881235,20.0,45.910406359589686,-105.9881338743082,-83.68970628437654,FLAT
2026-10-02T13:55:38.917699+00:00,1,SPOT,ICP|BITGET|HTX,ICP,BITGET,HTX,-9.385646947532855,-0.3524067281722247,-1.4847702955871838,22.419766764737915,-68.59960577421221,49.917213707977304,60.0,118.6280929349905,-251.74292841361552,-236.03007693855497,FLAT
2026-10-02T13:55:49.281324+00:00,2,PERP,OP|GATE|OKX,OP,GATE,OKX,-0.4187573658132049,-0.2586007235319137,1.434703326239258,7.167268005821062,-9.901102404156203,9.078454955855353,20.0,18.980340529742115,-56.31614626013758,-52.62409215935821,FLAT
2026-10-02T13:55:49.597382+00:00,2,PERP,OP|BITGET|GATE,OP,BITGET,GATE,-0.5619419118130242,0.9733136403402425,-9.032930626129406,8.703246685575236,-14.301792094886245,13.194178571731552,21.999999999999996,27.497506239049837,-60.76636770780667,-77.7246154369108,FLAT
2026-10-02T13:55:50.340905+00:00,2,PERP,ICP|HTX|MEXC,ICP,HTX,MEXC,-30.2772364110615,0.4873778797690397,-37.60670671358035,15.038578086457605,-57.10850616170937,-3.308938935911998,26.0,53.962602061602375,-105.4644015097314,-120.26036983927074,FLAT
2026-10-02T13:55:50.861137+00:00,2,PERP,DOT|GATE|HTX,DOT,GATE,HTX,-15.641075362895496,-1.2912245911879088,-0.4698376959745102,11.749495610956151,-42.68927471623884,11.429240261382478,20.0,54.203285707171275,-122.4227227274356,-92.10236366452827,FLAT
2026-10-02T13:55:51.168543+00:00,2,SPOT,ICP|BITGET|HTX,ICP,BITGET,HTX,-10.970051348828669,-0.4230767051582379,-1.4847702955871838,22.419766764737915,-68.29380954462505,46.43055209697211,60.0,114.85030153925561,-247.6593407882935,-228.7656239318149,FLAT
2026-10-02T14:17:50.874891+00:00,0,PERP,OP|GATE|OKX,OP,GATE,OKX,-0.599072559533953,-0.370652218709994,1.857970370928842,6.628971327931634,-10.55643560378794,9.374389581067177,20.0,19.932006252632654,-58.34641222734943,-53.44842546277099,FLAT
2026-10-02T14:17:51.190786+00:00,0,PERP,OP|BITGET|GATE,OP,BITGET,GATE,3.934604879398673,1.5851479902904297,-9.33289783966058,8.36988268623953,-7.919847159387761,15.797990190256073,21.999999999999996,23.70850562475567,-50.29545494448285,-76.83939365467232,FLAT
2026-10-02T14:17:51.886634+00:00,0,PERP,ICP|HTX|MEXC,ICP,HTX,MEXC,-18.199367041373815,1.1931019224310386,-36.63170571057468,15.449089740500568,-42.10526315789443,5.814316807737363,26.0,48.006706681222234,-85.48026412854198,-122.45272919953428,FLAT
2026-10-02T14:17:52.408593+00:00,0,PERP,DOT|GATE|HTX,DOT,GATE,HTX,-16.02593479645753,-1.30097566001701,-1.2570325543457797,11.352174138229957,-43.402354762410724,11.372998672756207,20.0,54.86326769685844,-123.00858990492338,-93.49329892396042,FLAT
2026-10-02T14:17:52.731065+00:00,0,SPOT,ICP|BITGET|HTX,ICP,BITGET,HTX,-15.320608305966488,-0.6020183328758753,-1.8175996125635276,22.429563945168134,-81.82843912932891,51.277603840640396,60.0,133.31022096733685,-279.32106048410225,-252.40542442054078,FLAT
2026-10-02T14:18:03.087187+00:00,1,PERP,OP|GATE|OKX,OP,GATE,OKX,-1.1168523044713385,-0.44876083003490413,1.857970370928842,6.628971327931634,-10.29932277529566,8.080669077756841,20.0,18.38203252978165,-56.53932567600616,-50.60473123660965,FLAT
2026-10-02T14:18:03.399965+00:00,1,PERP,OP|BITGET|GATE,OP,BITGET,GATE,2.372908711782973,1.3985627983398663,-9.33289783966058,8.36988268623953,-9.577820453410268,14.332636920020292,21.999999999999996,23.90478160006152,-52.1497042138112,-75.57031635974238,FLAT
2026-10-02T14:18:04.540200+00:00,1,PERP,ICP|HTX|MEXC,ICP,HTX,MEXC,-12.170799544493072,1.5833234563947225,-36.63170571057468,15.449089740500568,-36.090225563909506,11.856475211609041,26.0,48.00488396834965,-79.46340382168447,-128.49306489053336,FLAT
2026-10-02T14:18:05.018742+00:00,1,PERP,DOT|GATE|HTX,DOT,GATE,HTX,-24.34629731355664,-2.033906851503862,-1.2570325543457797,11.352174138229957,-51.95667812685656,3.2867707477390873,20.0,55.37826512820334,-132.0779107007141,-85.9220684302882,FLAT
2026-10-02T14:18:05.311691+00:00,1,SPOT,ICP|BITGET|HTX,ICP,BITGET,HTX,-16.60173155199951,-0.6591359500156863,-1.8175996125635276,22.429563945168134,-78.40469271487072,45.26973935727874,60.0,123.88005646522001,-266.4671495675272,-236.96739543506226,FLAT
2026-10-02T14:18:15.629507+00:00,2,PERP,OP|GATE|OKX,OP,GATE,OKX,-2.2396895081722157,-0.6181441548608427,1.857970370928842,6.628971327931634,-12.371348595420217,7.910042137748707,20.0,20.2859180446616,-60.515237011010655,-52.337989811481464,FLAT
2026-10-02T14:18:15.943809+00:00,2,PERP,OP|BITGET|GATE,OP,BITGET,GATE,-1.4149160842802377,0.9460086899901079,-9.33289783966058,8.36988268623953,-13.90955802595073,11.089120325014079,21.999999999999996,25.00221242378775,-57.578872610077894,-73.42423058846241,FLAT
2026-10-02T14:18:16.723603+00:00,2,PERP,ICP|HTX|MEXC,ICP,HTX,MEXC,-3.127948299174177,2.1686557573401046,-36.63170571057468,15.449089740500568,-27.06766917293324,20.919712817413227,26.0,48.002154020956425,-70.43811748331498,-137.55357254894432,FLAT
2026-10-02T14:18:17.177465+00:00,2,PERP,DOT|GATE|HTX,DOT,GATE,HTX,-27.417864260187443,-2.3044776610448197,-1.2570325543457797,11.352174138229957,-58.094614603831914,3.284072249589709,20.0,61.54742641682117,-144.3850084663073,-92.08853122075665,FLAT
2026-10-02T14:18:17.472845+00:00,2,SPOT,ICP|BITGET|HTX,ICP,BITGET,HTX,-20.78392545468155,-0.8455949428389947,-1.8175996125635276,22.429563945168134,-86.10083952100057,44.607549476360916,60.0,130.9805755168629,-281.2638154252999,-243.40572460578733,FLAT
2026-10-02T14:40:04.428964+00:00,0,PERP,OP|GATE|OKX,OP,GATE,OKX,4.333871123687327,0.39211615373874964,1.732417909211834,6.634394399902054,-6.236868549360786,14.922816390243732,20.0,21.150502920298276,-55.1197893788709,-60.34090140133018,FLAT
2026-10-02T14:40:04.763711+00:00,0,PERP,OP|BITGET|GATE,OP,BITGET,GATE,2.094051886416537,1.3515448787990458,-9.291063836983191,8.423779263265235,-13.736816281083586,17.946168732860812,21.999999999999996,31.676337573747222,-64.12209001784761,-86.91357014359122,FLAT
2026-10-02T14:40:05.790165+00:00,0,PERP,ICP|HTX|MEXC,ICP,HTX,MEXC,-38.91868024154421,-0.13085917440345876,-36.968712417008135,14.901269501548486,-69.44444444444309,-8.214034021871708,26.0,61.4691175193817,-125.94484954681666,-122.22379591451812,FLAT
2026-10-02T14:40:06.265033+00:00,0,PERP,DOT|GATE|HTX,DOT,GATE,HTX,-11.620258371796144,-0.9497932080410623,-1.0742840163340754,11.10344258747967,-43.322616902083944,20.108192634646915,20.0,63.504592781095546,-131.7529256668454,-110.68706943207653,FLAT
2026-10-02T14:40:06.575913+00:00,0,SPOT,ICP|BITGET|HTX,ICP,BITGET,HTX,6.7506727933652755,0.39754235264688875,-2.154301062326518,22.40006327980231,-48.74304635123949,62.30915750346622,60.0,110.9772489739416,-223.56599426285456,-241.44070753973432,FLAT
2026-10-02T14:40:16.927278+00:00,1,PERP,OP|GATE|OKX,OP,GATE,OKX,1.258023395962482,-0.0715053228153508,1.732417909211834,6.634394399902054,-10.075847085719847,12.613151087861318,20.0,22.6861242902941,-60.494389285225786,-59.56685746894359,FLAT
2026-10-02T14:40:17.244484+00:00,1,PERP,OP|BITGET|GATE,OP,BITGET,GATE,1.7201445869763354,1.3071577589856445,-9.291063836983191,8.423779263265235,-14.166299748509248,17.62799731803044,21.999999999999996,31.788814515672485,-64.66405042719855,-86.70787567068612,FLAT
2026-10-02T14:40:18.381000+00:00,1,PERP,ICP|HTX|MEXC,ICP,HTX,MEXC,-38.91868024154421,-0.13085917440345876,-36.968712417008135,14.901269501548486,-69.44444444444309,-8.214034021871708,26.0,61.4691175193817,-125.94484954681666,-122.22379591451812,FLAT
2026-10-02T14:40:18.891381+00:00,1,PERP,DOT|GATE|HTX,DOT,GATE,HTX,-11.881506253915708,-0.9733217560622092,-1.0742840163340754,11.10344258747967,-35.127820702004485,11.383956723372002,20.0,46.56709826901022,-106.62063495468063,-85.02533900871629,FLAT
2026-10-02T14:40:19.181585+00:00,1,SPOT,ICP|BITGET|HTX,ICP,BITGET,HTX,7.382944828868698,0.4257687030641007,-2.154301062326518,22.40006327980231,-47.873466271003416,62.701165809002646,60.0,110.49302114112484,-222.21218634980175,-241.34848801245403,FLAT
2026-10-02T14:40:29.527619+00:00,2,PERP,OP|GATE|OKX,OP,GATE,OKX,2.478475814295944,0.11245305300135976,1.732417909211834,6.634394399902054,-9.050107905798077,14.028931594816108,20.0,23.073300110782167,-59.85582592579208,-61.369813796386445,FLAT
2026-10-02T14:40:29.840410+00:00,2,PERP,OP|BITGET|GATE,OP,BITGET,GATE,2.1424226643373956,1.3572870494340001,-9.291063836983191,8.423779263265235,-11.446773342919103,15.741866934038118,21.999999999999996,27.182812706658872,-57.338522212594775,-80.21574347768018,FLAT
2026-10-02T14:40:30.564459+00:00,2,PERP,ICP|HTX|MEXC,ICP,HTX,MEXC,-47.11235916354806,-0.6807236622011186,-36.968712417008135,14.901269501548486,-78.50241545893644,-15.532686930093131,26.0,63.26722437263176,-136.80092741456008,-116.70324985954676,FLAT
2026-10-02T14:40:31.029630+00:00,2,PERP,DOT|GATE|HTX,DOT,GATE,HTX,-15.29030699525702,-1.2803257068175453,-1.0742840163340754,11.10344258747967,-33.862911925441885,3.2976092333059093,20.0,37.21742142993702,-96.00604933904484,-67.589314679577,FLAT
2026-10-02T14:40:31.349941+00:00,2,SPOT,ICP|BITGET|HTX,ICP,BITGET,HTX,9.545305184377462,0.5223023747996856,-2.154301062326518,22.40006327980231,-48.89599637428521,68.05499938412396,60.0,116.83942896186811,-229.58112427382682,-253.0487294083186,FLAT
2026-10-02T14:59:42.035577+00:00,0,PERP,OP|GATE|OKX,OP,GATE,OKX,3.0862328064684696,0.176015129212972,1.910951328069991,6.677161694302029,-8.094781979915977,14.287750882076011,20.0,22.375608446479696,-58.381341754465666,-60.752408000485715,FLAT
2026-10-02T14:59:42.326620+00:00,0,PERP,OP|BITGET|GATE,OP,BITGET,GATE,0.28493814176133725,1.1571559493370231,-9.36443960095253,8.338874071591082,-12.559747116963615,13.139346856394507,21.999999999999996,25.698358050172764,-56.89366556618384,-76.20214450751979,FLAT
2026-10-02T14:59:43.084498+00:00,0,PERP,ICP|HTX|MEXC,ICP,HTX,MEXC,-9.150526155253802,1.764166982542439,-36.589309834845466,15.553393726963481,-69.73923590054665,52.16324025774988,26.0,122.00980903066703,-187.15973509636822,-242.7623591232624,FLAT
2026-10-02T14:59:43.551017+00:00,0,PERP,DOT|GATE|HTX,DOT,GATE,HTX,-19.426060263127987,-1.6648129271564949,-1.0061501011076706,11.064252242131236,-41.9966477277256,3.163211462615667,20.0,45.247750011838995,-112.23824763845693,-75.41711157556234,FLAT
2026-10-02T14:59:43.958002+00:00,0,SPOT,ICP|BITGET|HTX,ICP,BITGET,HTX,-2.9914569732181207,-0.05957804235065103,-1.6460626097928064,22.582050539809533,-64.1358652638968,58.23044172376113,60.0,122.40287420878875,-250.89267686289276,-248.27937854234267,FLAT
2026-10-02T14:59:54.284755+00:00,1,PERP,OP|GATE|OKX,OP,GATE,OKX,0.7857229654195663,-0.1685189627219363,1.910951328069991,6.677161694302029,-10.719152238546359,12.312750606022771,20.0,23.030072012369555,-61.66017557898591,-59.431871290322334,FLAT
2026-10-02T14:59:54.573721+00:00,1,PERP,OP|BITGET|GATE,OP,BITGET,GATE,4.862197407400348,1.706062099776786,-9.36443960095253,8.338874071591082,-8.282594128224963,18.01695466822517,21.999999999999996,26.28676387660801,-53.20491840388044,-81.66815814578571,FLAT
2026-10-02T14:59:55.317509+00:00,1,PERP,ICP|HTX|MEXC,ICP,HTX,MEXC,-18.301052310508716,1.1758371095969935,-36.589309834845466,15.553393726963481,-78.83565797453085,42.957962565206564,26.0,122.01260777995398,-196.25895591963936,-233.55988018000602,FLAT
2026-10-02T14:59:55.765914+00:00,1,PERP,DOT|GATE|HTX,DOT,GATE,HTX,-9.023661042616427,-0.7246319738607474,-1.0061501011076706,11.064252242131236,-33.795133270647646,15.76833436041758,20.0,49.60822391260898,-108.39720708214895,-92.38270837413422,FLAT
2026-10-02T14:59:56.091175+00:00,1,SPOT,ICP|BITGET|HTX,ICP,BITGET,HTX,-2.652772540839843,-0.044580093790522864,-1.6460626097928064,22.582050539809533,-62.03937235045531,56.81324130062171,60.0,118.88409783584389,-245.2774075765064,-243.3434017462584,FLAT
2026-10-02T15:00:06.431977+00:00,2,PERP,OP|GATE|OKX,OP,GATE,OKX,2.3354090269478434,0.06356858172838083,1.910951328069991,6.677161694302029,-9.964113140638053,14.66036331465359,20.0,24.6187007154502,-62.49376518415825,-63.3681127020338,FLAT
2026-10-02T15:00:06.742230+00:00,2,PERP,OP|BITGET|GATE,OP,BITGET,GATE,2.066910956364243,1.370850603951576,-9.36443960095253,8.338874071591082,-13.542909831029126,17.696783067768784,21.999999999999996,31.233224399401646,-63.41169462947824,-86.29444706812296,FLAT
2026-10-02T15:00:07.483064+00:00,2,PERP,ICP|HTX|MEXC,ICP,HTX,MEXC,-6.100350770168461,1.9602769401909446,-36.589309834845466,15.553393726963481,-66.70709520921747,55.23166615526209,26.0,122.00887725315542,-184.12666262752742,-245.82985324326296,FLAT
2026-10-02T15:00:07.932707+00:00,2,PERP,DOT|GATE|HTX,DOT,GATE,HTX,-15.709877729196409,-1.3289400229053756,-1.0061501011076706,11.064252242131236,-41.9966477277256,10.617869096933852,20.0,52.69727168088204,-119.68776930749996,-90.32129087892356,FLAT
2026-10-02T15:00:08.267202+00:00,2,SPOT,ICP|BITGET|HTX,ICP,BITGET,HTX,6.193087715762324,0.3471407661467952,-1.6460626097928064,22.582050539809533,-68.59665190255049,81.09219153360047,60.0,149.59611734588182,-282.54670663863953,-298.3343714892751,FLAT
2026-10-02T15:24:08.239712+00:00,0,PERP,OP|GATE|OKX,OP,GATE,OKX,1.2429791551515912,-0.0727804888245688,1.7091915480105555,6.405733190151137,-8.79841091278033,11.300784672130249,20.0,20.09668420210248,-56.604286662893365,-55.68827732622218,FLAT
2026-10-02T15:24:08.536397+00:00,0,PERP,OP|BITGET|GATE,OP,BITGET,GATE,3.049169276825303,1.4291536531050781,-8.910227367485193,8.368167144468115,-11.424986308710139,17.54284829091457,21.999999999999996,28.958991354761533,-59.47375029598648,-83.41206701316129,FLAT
2026-10-02T15:24:09.218890+00:00,0,PERP,ICP|HTX|MEXC,ICP,HTX,MEXC,-29.107706700711724,0.48413471945396,-36.60083624687267,15.477364553841962,-54.694621695532405,-3.3966697219678377,26.0,51.447403236875125,-101.54118868553485,-116.65156976177994,FLAT
2026-10-02T15:24:09.671688+00:00,0,PERP,DOT|GATE|HTX,DOT,GATE,HTX,-10.504798999106946,-0.8601656795413402,-1.0435004340149379,10.999390919824872,-32.450853409569106,11.459452803075365,20.0,43.95647406372145,-101.36382703927563,-82.45942730081177,FLAT
2026-10-02T15:24:10.024781+00:00,0,SPOT,ICP|BITGET|HTX,ICP,BITGET,HTX,-4.233206359701702,-0.1341512683875822,-1.236360872657435,22.339300426038104,-64.05108498343081,55.65915203852523,60.0,119.76088793833564,-248.57561204910903,-242.65640084951832,FLAT
2026-10-02T15:24:20.339579+00:00,1,PERP,OP|GATE|OKX,OP,GATE,OKX,-0.17906318969695967,-0.2947757394283485,1.7091915480105555,6.405733190151137,-10.954439205298483,10.615154778006453,20.0,21.56996376271494,-60.23359451602398,-56.47592699271084,FLAT
2026-10-02T15:24:20.644870+00:00,1,PERP,OP|BITGET|GATE,OP,BITGET,GATE,2.702563647902778,1.3877341136839931,-8.910227367485193,8.368167144468115,-10.082151224843905,15.496963910701655,21.999999999999996,25.5722004183011,-54.74412427565981,-77.97939169648794,FLAT
2026-10-02T15:24:21.391264+00:00,1,PERP,ICP|HTX|MEXC,ICP,HTX,MEXC,-32.153649053943134,0.28733491270163325,-36.60083624687267,15.477364553841962,-57.73321178973112,-6.449999999997846,26.0,51.44833672328875,-104.5807122661472,-113.59917297016356,FLAT
2026-10-02T15:24:21.843280+00:00,1,PERP,DOT|GATE|HTX,DOT,GATE,HTX,-10.504798999106946,-0.8601656795413402,-1.0435004340149379,10.999390919824872,-32.450853409569106,11.459452803075365,20.0,43.95647406372145,-101.36382703927563,-82.45942730081177,FLAT
2026-10-02T15:24:22.163710+00:00,1,SPOT,ICP|BITGET|HTX,ICP,BITGET,HTX,1.7182278986571653,0.1322596820386913,-1.236360872657435,22.339300426038104,-61.10084861250531,64.60749038661007,60.0,125.6867039724766,-251.55119171232448,-257.5305552317441,FLAT
2026-10-02T15:24:32.493260+00:00,2,PERP,OP|GATE|OKX,OP,GATE,OKX,0.5735240741344683,-0.17728922516195095,1.7091915480105555,6.405733190151137,-10.370072977265998,11.536209002886988,20.0,21.905009043067743,-59.98427356834429,-57.732026497944176,FLAT
2026-10-02T15:24:32.787568+00:00,2,PERP,OP|BITGET|GATE,OP,BITGET,GATE,1.81477583833356,1.2816430432927783,-8.910227367485193,8.368167144468115,-10.45463070978303,14.094060625295945,21.999999999999996,24.5442331320107,-54.08863647430853,-75.54852112479183,FLAT
2026-10-02T15:24:33.528903+00:00,2,PERP,ICP|HTX|MEXC,ICP,HTX,MEXC,-35.199591407174545,0.09053510594930649,-36.60083624687267,15.477364553841962,-60.77180188392761,-9.503330278033406,26.0,51.449270780373496,-107.62023641742843,-110.54677674921275,FLAT
2026-10-02T15:24:34.001286+00:00,2,PERP,DOT|GATE|HTX,DOT,GATE,HTX,-3.9447876265974458,-0.2637679862212499,-1.0435004340149379,10.999390919824872,-27.325287915694886,19.45511556730617,20.0,46.79885659038446,-99.08064407206442,-93.29747259170557,FLAT
2026-10-02T15:24:34.402938+00:00,2,SPOT,ICP|BITGET|HTX,ICP,BITGET,HTX,6.815154659047806,0.36041932281463057,-1.236360872657435,22.339300426038104,-60.419099571719094,74.13000647677804,60.0,134.457422955693,-259.64016165475465,-275.82379030512845,FLAT
2026-10-02T15:45:50.016594+00:00,0,PERP,OP|GATE|OKX,OP,GATE,OKX,1.805283049842732,0.028074568785861856,1.6251103815781895,6.417646861784605,-7.840911761843872,11.467063607923933,20.0,19.30447778401945,-54.77049992744151,-55.1464310103652,FLAT
2026-10-02T15:45:50.258115+00:00,0,PERP,OP|BITGET|GATE,OP,BITGET,GATE,2.685182620962845,1.4279880110897272,-9.036394557144439,8.208456294505096,-9.647406301136474,15.027107340883639,21.999999999999996,24.667886331781013,-53.27889807577304,-76.73138822980908,FLAT
2026-10-02T15:45:50.884589+00:00,0,PERP,ICP|HTX|MEXC,ICP,HTX,MEXC,-28.72103954003391,0.5235153013783952,-36.770497129723125,15.375782844351082,-39.65832824893156,-17.766422018349324,26.0,21.954949410755813,-56.84278052996425,-72.95902452212962,FLAT
2026-10-02T15:45:51.353618+00:00,0,PERP,DOT|GATE|HTX,DOT,GATE,HTX,7.334804905116954,0.7532810543648288,-0.9631418230952098,11.015737990661458,-17.989117022114698,32.700549989950204,20.0,50.65247989870796,-93.67845509772744,-110.31617171175336,FLAT
2026-10-02T15:45:51.592563+00:00,0,SPOT,ICP|BITGET|HTX,ICP,BITGET,HTX,11.693387837954372,0.5745682642375451,-1.1513615526519756,22.35548008843021,-55.93496052620828,79.3981706174529,60.0,135.17502257798216,-255.95862155153847,-281.72455474808703,FLAT
2026-10-02T15:46:01.867418+00:00,1,PERP,OP|GATE|OKX,OP,GATE,OKX,2.971175245647384,0.20974430239916372,1.6251103815781895,6.417646861784605,-4.88362247259122,10.83713816993015,20.0,15.716083189030277,-48.22481604319969,-50.92811097738224,FLAT
2026-10-02T15:46:02.124640+00:00,1,PERP,OP|BITGET|GATE,OP,BITGET,GATE,1.889729480304414,1.3310814659222852,-9.036394557144439,8.208456294505096,-10.8407969701374,14.629892968183178,21.999999999999996,25.465873930799532,-55.270276343792496,-77.13216145612715,FLAT
2026-10-02T15:46:03.075924+00:00,1,PERP,ICP|HTX|MEXC,ICP,HTX,MEXC,-27.033140217811447,0.6332917816596956,-36.770497129723125,15.375782844351082,-39.65832824893156,-14.379785932719935,26.0,25.34703191916376,-60.2348630383722,-79.73774311616695,FLAT
2026-10-02T15:46:03.480132+00:00,1,PERP,DOT|GATE|HTX,DOT,GATE,HTX,3.2080689030977716,0.37865921736057145,-0.9631418230952098,11.015737990661458,-17.989117022114698,24.42274425563662,20.0,42.39825241410474,-85.42422761312423,-93.78413849283658,FLAT
2026-10-02T15:46:03.719109+00:00,1,SPOT,ICP|BITGET|HTX,ICP,BITGET,HTX,6.793641901607916,0.3553939983767884,-1.1513615526519756,22.35548008843021,-81.17815014684004,94.88918741399787,60.0,175.94771799857904,-321.9745065927671,-337.9882669652289,FLAT
2026-10-02T15:46:13.965806+00:00,2,PERP,OP|GATE|OKX,OP,GATE,OKX,-0.06832748002394418,-0.2638720855281255,1.6251103815781895,6.417646861784605,-10.677140850889888,10.559295259904289,20.0,21.2365645552024,-59.53881578767047,-56.1707494335285,FLAT
2026-10-02T15:46:14.214082+00:00,2,PERP,OP|BITGET|GATE,OP,BITGET,GATE,4.879939532060895,1.695365558384127,-9.036394557144439,8.208456294505096,-7.762146386690594,17.531595538562428,21.999999999999996,25.28140113345334,-52.00715296299949,-79.8493912291602,FLAT
2026-10-02T15:46:15.153848+00:00,2,PERP,ICP|HTX|MEXC,ICP,HTX,MEXC,-28.560160101410716,0.5339784719533035,-36.770497129723125,15.375782844351082,-42.70896888346476,-14.379785932719935,26.0,28.410288016893116,-66.34875977063476,-82.80099921389632,FLAT
2026-10-02T15:46:15.502857+00:00,2,PERP,DOT|GATE|HTX,DOT,GATE,HTX,11.464947210073628,1.128212112861135,-0.9631418230952098,11.015737990661458,-9.75313444539938,32.700549989950204,20.0,42.40506002671571,-77.19505264901989,-102.06875183976112,FLAT
2026-10-02T15:46:15.739332+00:00,2,SPOT,ICP|BITGET|HTX,ICP,BITGET,HTX,-1.545747163811395,-0.017641563035075622,-1.1513615526519756,22.35548008843021,-51.63536713156724,48.59978542445687,60.0,100.25061757793385,-216.7346231568491,-216.00176455504268,FLAT
2026-10-02T16:24:21.450663+00:00,0,PERP,OP|GATE|OKX,OP,GATE,OKX,0.2349246547450612,-0.26804843742317225,1.9096519262147096,6.24785314016112,-11.306102456082323,11.797359115477413,20.0,23.10289899174802,-62.318653374045056,-58.99060618101072,FLAT
2026-10-02T16:24:21.816195+00:00,0,PERP,OP|BITGET|GATE,OP,BITGET,GATE,2.9669564764778222,1.3831655690621019,-8.837211882502325,8.53416873800895,-9.822068675522377,15.765539943242146,21.999999999999996,25.580015568945843,-54.56487236196589,-78.1827673946903,FLAT
2026-10-02T16:24:22.605318+00:00,0,PERP,ICP|HTX|MEXC,ICP,HTX,MEXC,-25.17449354263901,0.6878268818080677,-35.29020976173309,14.706776496584768,-39.56177723676069,-10.749999999999371,26.0,28.884444306634837,-65.15601178166244,-85.42465406836855,FLAT
2026-10-02T16:24:23.098721+00:00,0,PERP,DOT|GATE|HTX,DOT,GATE,HTX,-3.290765722919753,-0.2242278007499604,-0.7697282588261768,11.243197568105396,-32.48901406428972,25.955348599338013,20.0,58.46356245008569,-116.18284825554923,-111.18863930824988,FLAT
2026-10-02T16:24:23.443541+00:00,0,SPOT,ICP|BITGET|HTX,ICP,BITGET,HTX,-0.5372145237947379,-0.013609735131226331,-0.22649812692895596,22.830451428321382,-70.55571895119739,69.57041296519418,60.0,140.13360341301873,-276.4628242372872,-275.9305145051419,FLAT
2026-10-02T16:24:24.002057+00:00,0,PERP,ICP|HTX|OKX,ICP,HTX,OKX,-26.698065484973554,0.6122129711971813,-35.60010232167005,14.540751757168065,-42.60499087035963,-10.749999999999371,20.0,31.940211925683233,-64.94510047437281,-82.7903142473539,FLAT
2026-10-02T16:24:34.393900+00:00,1,PERP,OP|GATE|OKX,OP,GATE,OKX,0.5586572646865129,-0.21623342150026226,1.9096519262147096,6.24785314016112,-12.285663627338295,13.429317132869212,20.0,25.71351727777121,-65.90883283132422,-63.23318248442571,FLAT
2026-10-02T16:24:34.731017+00:00,1,PERP,OP|BITGET|GATE,OP,BITGET,GATE,-5.048728317861295,0.443919458466777,-8.837211882502325,8.53416873800895,-18.80461093290986,8.717427547833001,21.999999999999996,27.53593679239328,-65.50333584280081,-73.0905762227286,FLAT
2026-10-02T16:24:35.883803+00:00,1,PERP,ICP|HTX|MEXC,ICP,HTX,MEXC,-22.127349657973248,0.8950200682533349,-35.29020976173309,14.706776496584768,-36.51856360316508,-7.698915699450026,26.0,28.883511390381727,-62.11186523181372,-88.47480545266478,FLAT
2026-10-02T16:24:36.402658+00:00,1,PERP,DOT|GATE|HTX,DOT,GATE,HTX,-2.7438549767766496,-0.17558409927356058,-0.7697282588261768,11.243197568105396,-24.325614403408746,18.85559441659579,20.0,43.1930531203663,-92.74893926494887,-88.81837579578827,FLAT
2026-10-02T16:24:36.766337+00:00,1,SPOT,ICP|BITGET|HTX,ICP,BITGET,HTX,-6.673707845450405,-0.28239519217406395,-0.22649812692895596,22.830451428321382,-82.04350423599904,68.79522758424406,60.0,150.93939920619133,-298.7564053152614,-285.9611249173644,FLAT
2026-10-02T16:24:37.696011+00:00,1,PERP,ICP|HTX|OKX,ICP,HTX,OKX,-25.17449354263901,0.7169924191774742,-35.60010232167005,14.540751757168065,-39.56177723676069,-10.749999999999371,20.0,28.884444306634837,-58.84611922172547,-79.73454662830551,FLAT
2026-10-02T16:24:48.037555+00:00,2,PERP,OP|GATE|OKX,OP,GATE,OKX,1.48696725310149,-0.06765278626608683,1.9096519262147096,6.24785314016112,-10.9637108466476,13.96220403388826,20.0,24.922184836405748,-63.795547609268056,-62.9747369440793,FLAT
2026-10-02T16:24:48.413658+00:00,2,PERP,OP|BITGET|GATE,OP,BITGET,GATE,-1.4500837142239487,0.8655943414123095,-8.837211882502325,8.53416873800895,-14.925525561095832,12.035436997153148,21.999999999999996,26.96486892217647,-61.05318260076997,-75.83751780183194,FLAT
2026-10-02T16:24:49.568628+00:00,2,PERP,ICP|HTX|MEXC,ICP,HTX,MEXC,-28.230239587500037,0.4800487840331652,-35.29020976173309,14.706776496584768,-39.58587088915944,-16.85216860110028,26.0,22.798039550452998,-59.09370067787935,-73.2360807110858,FLAT
2026-10-02T16:24:50.067896+00:00,2,PERP,DOT|GATE|HTX,DOT,GATE,HTX,-15.795975074265334,-1.3364744970830613,-0.7697282588261768,11.243197568105396,-34.71076560745634,3.134332104153259,20.0,37.90496593943923,-97.8460032880694,-67.80902630241866,FLAT
2026-10-02T16:24:50.411730+00:00,2,SPOT,ICP|BITGET|HTX,ICP,BITGET,HTX,7.945815347623064,0.35795671847356425,-0.22649812692895596,22.830451428321382,-70.71026658376556,86.71352605066352,60.0,157.29872681500984,-293.7824952718464,-310.2387509926023,FLAT
2026-10-02T16:24:51.344747+00:00,2,PERP,ICP|HTX|OKX,ICP,HTX,OKX,-25.182166911230652,0.7164647044678232,-35.60010232167005,14.540751757168065,-36.54080389768555,-13.801084300547606,20.0,22.797105493368246,-49.73780706938375,-70.5961235144907,FLAT
2026-10-02T17:01:31.361889+00:00,0,PERP,OP|GATE|OKX,OP,GATE,OKX,1.665103865136075,-0.05332721100257193,1.9957298573085005,6.199949068337357,-9.13940765078114,12.488642481669476,20.0,21.624432700866617,-58.75957020895626,-58.117345325227596,FLAT
2026-10-02T17:01:31.583546+00:00,0,PERP,OP|BITGET|GATE,OP,BITGET,GATE,-0.29585451236879834,1.0841915625616547,-9.053546605330899,8.077624282806644,-12.70586914252081,12.123497976799236,21.999999999999996,24.830098217186737,-56.48242075437664,-74.00714279931687,FLAT
2026-10-02T17:01:32.347509+00:00,0,PERP,ICP|HTX|MEXC,ICP,HTX,MEXC,10.631834750911562,2.9919849714661124,-34.994654036754056,15.249571512823488,-36.28666465074093,57.97985962770813,26.0,94.1644530549321,-127.45646366891897,-219.1389667193943,FLAT
2026-10-02T17:01:32.799273+00:00,0,PERP,DOT|GATE|HTX,DOT,GATE,HTX,-22.008107701704247,-1.9695516990237865,-0.8470313408715574,10.744108098975637,-39.89981531512754,-4.101722723545143,20.0,35.877045161195355,-100.92982913545134,-58.62235377852177,FLAT
2026-10-02T17:01:33.032129+00:00,0,SPOT,ICP|BITGET|HTX,ICP,BITGET,HTX,-31.44160723684397,-1.4090691478618038,-0.6152680845235909,21.877094675657258,-77.43715213118674,14.607038027312225,60.0,92.33447395129164,-235.15635799795479,-173.55678006312746,FLAT
2026-10-02T17:01:43.258418+00:00,1,PERP,OP|GATE|OKX,OP,GATE,OKX,2.3141127754522373,0.051352505421325606,1.9957298573085005,6.199949068337357,-6.894376088548704,11.537629886042566,20.0,18.42772933715799,-53.3178352830152,-53.96962936589206,FLAT
2026-10-02T17:01:43.504180+00:00,1,PERP,OP|BITGET|GATE,OP,BITGET,GATE,1.4477884579888745,1.30005242824577,-9.053546605330899,8.077624282806644,-9.872143829235958,12.776238376730475,21.999999999999996,22.645100471137035,-51.463697695042086,-72.4748854531984,FLAT
2026-10-02T17:01:44.244242+00:00,1,PERP,ICP|HTX|MEXC,ICP,HTX,MEXC,10.631834750911562,2.9919849714661124,-34.994654036754056,15.249571512823488,-36.28666465074093,57.97985962770813,26.0,94.1644530549321,-127.45646366891897,-219.1389667193943,FLAT
2026-10-02T17:01:44.699345+00:00,1,PERP,DOT|GATE|HTX,DOT,GATE,HTX,-20.055896326274247,-1.7878510536611316,-0.8470313408715574,10.744108098975637,-55.413233421434114,15.330398456925298,20.0,70.88578782619369,-151.45198990675624,-113.06321762399054,FLAT
2026-10-02T17:01:44.905628+00:00,1,SPOT,ICP|BITGET|HTX,ICP,BITGET,HTX,-32.3370053049965,-1.4499977117971625,-0.6152680845235909,21.877094675657258,-78.99309859086267,14.37921383914853,60.0,93.67519122833507,-238.05302173467413,-174.66967315200716,FLAT
2026-10-02T17:01:55.159023+00:00,2,PERP,OP|GATE|OKX,OP,GATE,OKX,1.7164116771462012,-0.04505168947092724,1.9957298573085005,6.199949068337357,-5.649893806752848,9.09178930779131,20.0,14.739147686953961,-48.38477135101531,-47.83520713743677,FLAT
2026-10-02T17:01:55.395934+00:00,2,PERP,OP|BITGET|GATE,OP,BITGET,GATE,-4.0251289790915745,0.622511947843674,-9.053546605330899,8.077624282806644,-16.130722171355806,8.092258261191976,21.999999999999996,24.232728675928897,-59.3099042419538,-69.37853354245178,FLAT
2026-10-02T17:01:56.195642+00:00,2,PERP,ICP|HTX|MEXC,ICP,HTX,MEXC,13.665350744003213,3.1909096422701895,-34.994654036754056,15.249571512823488,-36.26473254759732,64.08300274641343,26.0,100.20842796779597,-133.47850647863922,-231.28608475096343,FLAT
2026-10-02T17:01:56.644136+00:00,2,PERP,DOT|GATE|HTX,DOT,GATE,HTX,-11.33464980211385,-0.9761274146378144,-0.8470313408715574,10.744108098975637,-33.61751415951186,10.966464239443585,20.0,44.63456264242419,-103.40504546106449,-82.44805822273933,FLAT
2026-10-02T17:01:56.872028+00:00,2,SPOT,ICP|BITGET|HTX,ICP,BITGET,HTX,-4.952803775878367,-0.19826836038613352,-0.6152680845235909,21.877094675657258,-69.82960045949893,59.9980061441685,60.0,129.89189731751569,-265.106229692491,-256.50517154620775,FLAT
2026-10-02T17:24:07.232896+00:00,0,PERP,OP|GATE|OKX,OP,GATE,OKX,1.2502460373164936,-0.11871086480886532,1.9855318148860601,6.19392149786323,-9.379841900339914,11.897711062218708,20.0,21.27487888762612,-58.64025260285209,-57.18705813495876,FLAT
2026-10-02T17:24:07.533995+00:00,0,PERP,OP|BITGET|GATE,OP,BITGET,GATE,0.241490899841601,1.2121083309592664,-9.325751563928465,7.89305891182063,-12.000551884923105,12.492779940489473,21.999999999999996,24.4927368576356,-55.16753717863023,-74.31126836205354,FLAT
2026-10-02T17:24:08.286981+00:00,0,PERP,ICP|HTX|MEXC,ICP,HTX,MEXC,-34.90136570561408,0.041144562138626585,-35.500778138383794,14.568448456205138,-48.49954531676137,-21.27013065937544,26.0,27.32474160936355,-72.32350878774113,-73.5553890883719,FLAT
2026-10-02T17:24:08.757142+00:00,0,PERP,DOT|GATE|HTX,DOT,GATE,HTX,-0.7790733481505274,-0.008485309720993837,-0.6876039533177606,10.779735547714754,-29.081540675521822,27.56982952856868,20.0,56.655746040341576,-111.04968276254563,-110.913179522228,FLAT
2026-10-02T17:24:09.075454+00:00,0,SPOT,ICP|BITGET|HTX,ICP,BITGET,HTX,-7.632412551095147,-0.3207530328229353,-0.6152680845235909,21.877094675657258,-61.766004921139924,46.568610688184634,60.0,108.41732221131167,-235.568059047928,-221.6012009840199,FLAT
2026-10-02T17:24:19.383598+00:00,1,PERP,OP|GATE|OKX,OP,GATE,OKX,-6.292115654695785,-1.3364146562783297,1.9855318148860601,6.19392149786323,-15.914957078900782,3.3453325133336875,20.0,19.272404934755844,-63.17289382854268,-46.63220563320347,FLAT
2026-10-02T17:24:19.956109+00:00,1,PERP,OP|BITGET|GATE,OP,BITGET,GATE,5.365136927149017,1.8612414597687135,-9.325751563928465,7.89305891182063,-8.912586338217787,19.662191791334216,21.999999999999996,28.55944251924377,-56.14627729353309,-85.54738587450645,FLAT
2026-10-02T17:24:20.696796+00:00,1,PERP,ICP|HTX|MEXC,ICP,HTX,MEXC,-37.936267071321254,-0.16717558772705907,-35.500778138383794,14.568448456205138,-51.530766899058335,-24.308720753571933,26.0,27.325669417644953,-75.35565817831949,-70.51772680245682,FLAT
2026-10-02T17:24:21.150346+00:00,1,PERP,DOT|GATE|HTX,DOT,GATE,HTX,5.070580932533542,0.5341675461669378,-0.6876039533177606,10.779735547714754,-24.905813198131675,35.09619738525149,20.0,59.9715611386795,-110.18977038349342,-121.75536247724875,FLAT
2026-10-02T17:24:21.476414+00:00,1,SPOT,ICP|BITGET|HTX,ICP,BITGET,HTX,-3.9474057315003197,-0.15231170758173904,-0.6152680845235909,21.877094675657258,-58.91029319919916,51.092912427657126,60.0,110.0465909781855,-234.3416160928611,-227.75477149036624,FLAT
2026-10-02T17:24:31.785474+00:00,2,PERP,OP|GATE|OKX,OP,GATE,OKX,5.163510766379442,0.5130802759753601,1.9855318148860601,6.19392149786323,-5.148231838845163,15.492384825177563,20.0,20.6299501481599,-53.76371380189112,-60.1368031584514,FLAT
2026-10-02T17:24:32.082388+00:00,2,PERP,OP|BITGET|GATE,OP,BITGET,GATE,-1.1613220191464269,1.034380920754944,-9.325751563928465,7.89305891182063,-15.172805201749684,12.865751773127876,21.999999999999996,28.041804862390453,-61.88885850021167,-78.23330819944678,FLAT
2026-10-02T17:24:32.815727+00:00,2,PERP,ICP|HTX|MEXC,ICP,HTX,MEXC,-37.936267071321254,-0.16717558772705907,-35.500778138383794,14.568448456205138,-51.530766899058335,-24.308720753571933,26.0,27.325669417644953,-75.35565817831949,-70.51772680245682,FLAT
2026-10-02T17:24:33.286015+00:00,2,PERP,DOT|GATE|HTX,DOT,GATE,HTX,-10.164008586670548,-0.8790943517498195,-0.6876039533177606,10.779735547714754,-31.64804981968139,11.337656962364662,20.0,43.02943471039134,-99.98988057675497,-81.05469562607377,FLAT
2026-10-02T17:24:33.627035+00:00,2,SPOT,ICP|BITGET|HTX,ICP,BITGET,HTX,-9.521889818996376,-0.4071208662082184,-0.6152680845235909,21.877094675657258,-63.516646400682,44.549167404297485,60.0,108.16875703099623,-237.07013534715463,-219.33319251981732,FLAT
2026-10-02T17:59:15.913980+00:00,0,PERP,OP|GATE|OKX,OP,GATE,OKX,0.5603162769562964,-0.18733343889543883,1.7544272911327226,6.374254490907657,-9.785442049718984,10.924511678920279,20.0,20.708776968516887,-58.248646309368596,-55.87886135630444,FLAT
2026-10-02T17:59:16.294029+00:00,0,PERP,OP|BITGET|GATE,OP,BITGET,GATE,-5.694471044859206,0.4062007055501687,-9.010951984423041,8.164636088142457,-18.28383531200184,6.904423399620718,21.999999999999996,25.202606657191478,-62.47548998477028,-69.11798204123524,FLAT
2026-10-02T17:59:17.010541+00:00,0,PERP,ICP|HTX|MEXC,ICP,HTX,MEXC,-18.842634670596105,1.0785220624631888,-35.07908504245134,15.054351632616141,-48.470160557406714,10.952733922584557,26.0,59.534599270957436,-104.92567478591282,-137.56641823599335,FLAT
2026-10-02T17:59:17.534318+00:00,0,PERP,DOT|GATE|HTX,DOT,GATE,HTX,-9.664514817091518,-0.8096486303377797,-0.9281463720862507,10.79032078564811,-30.902022446361865,11.590602685838114,20.0,42.533724615460834,-98.50760068973645,-81.05247367338521,FLAT
2026-10-02T17:59:17.871067+00:00,0,SPOT,ICP|BITGET|HTX,ICP,BITGET,HTX,-14.736624896812822,-0.645443987654259,-0.6159096584635839,21.877522307812082,-70.4879113347201,41.089807240575205,60.0,111.74233845863769,-247.61434013489418,-219.44805535767648,FLAT
2026-10-02T17:59:28.253523+00:00,1,PERP,OP|GATE|OKX,OP,GATE,OKX,1.223492343238597,-0.08329365397184253,1.7544272911327226,6.374254490907657,-7.932414704706625,10.394365047365905,20.0,18.324525539441463,-54.01136753528081,-52.96446329567465,FLAT
2026-10-02T17:59:28.594098+00:00,1,PERP,OP|BITGET|GATE,OP,BITGET,GATE,-4.488587051562076,0.5538966935009901,-9.010951984423041,8.164636088142457,-16.427852517553188,7.459716465501032,21.999999999999996,23.898292520072662,-59.315193053202805,-68.36896096999673,FLAT
2026-10-02T17:59:29.379251+00:00,1,PERP,ICP|HTX|MEXC,ICP,HTX,MEXC,-15.804692997996028,1.280320303047539,-35.07908504245134,15.054351632616141,-45.440775522569425,13.999280707099881,26.0,59.53367315601267,-101.89536363613075,-140.6120389055639,FLAT
2026-10-02T17:59:30.320620+00:00,1,PERP,DOT|GATE|HTX,DOT,GATE,HTX,-13.798016128295787,-1.1927235539954821,-0.9281463720862507,10.79032078564811,-39.14462615190239,11.590602685838114,20.0,50.805295282816324,-115.02177506263247,-89.3240443407407,FLAT
2026-10-02T17:59:30.654024+00:00,1,SPOT,ICP|BITGET|HTX,ICP,BITGET,HTX,-6.22494317070732,-0.25638339814380384,-0.6159096584635839,21.877522307812082,-47.700300495993055,35.297276847670034,60.0,83.0492485689804,-196.13363940650987,-184.96243507511403,FLAT
2026-10-02T17:59:41.049724+00:00,2,PERP,OP|GATE|OKX,OP,GATE,OKX,-1.880579354829326,-0.5702638090692931,1.7544272911327226,6.374254490907657,-9.38767866234258,5.635678874691408,20.0,15.02617774530307,-52.168283698778374,-44.90742932886176,FLAT
2026-10-02T17:59:41.406571+00:00,2,PERP,OP|BITGET|GATE,OP,BITGET,GATE,-2.743928087773906,0.767581534436148,-9.010951984423041,8.164636088142457,-16.803687887426698,11.334714688469028,21.999999999999996,28.146112995003335,-63.938848898006995,-76.4917796678954,FLAT
2026-10-02T17:59:42.124190+00:00,2,PERP,ICP|HTX|MEXC,ICP,HTX,MEXC,-16.256047926453967,1.2503386114096173,-35.07908504245134,15.054351632616141,-45.440775522569425,13.091352833636272,26.0,58.62698055364425,-100.98867103376233,-138.79741842973186,FLAT
2026-10-02T17:59:42.594200+00:00,2,PERP,DOT|GATE|HTX,DOT,GATE,HTX,-9.664514817091518,-0.8096486303377797,-0.9281463720862507,10.79032078564811,-30.902022446361865,11.590602685838114,20.0,42.533724615460834,-98.50760068973645,-81.05247367338521,FLAT
2026-10-02T17:59:42.935423+00:00,2,SPOT,ICP|BITGET|HTX,ICP,BITGET,HTX,-4.926961862979917,-0.19705395080214047,-0.6159096584635839,21.877522307812082,-45.10580280461141,35.297276847670034,60.0,80.44268782496992,-190.93258097111777,-182.35587433110356,FLAT
2026-10-02T18:25:38.241786+00:00,0,PERP,OP|GATE|OKX,OP,GATE,OKX,1.9098472885525908,0.02293841517699166,1.7654387397289064,6.295489366176139,-8.563937178487357,12.401808417019655,20.0,20.961726467251495,-57.29110238546776,-57.59809614454224,FLAT
2026-10-02T18:25:38.548621+00:00,0,PERP,OP|BITGET|GATE,OP,BITGET,GATE,-1.674066974841626,0.8975261500474342,-8.745357426426978,7.878645598472684,-16.125317623795212,12.793934710360055,21.999999999999996,28.924084716873125,-64.30404491424136,-78.46337685366015,FLAT
2026-10-02T18:25:39.275934+00:00,0,PERP,ICP|HTX|MEXC,ICP,HTX,MEXC,3.0821390044688535,2.4912120161081903,-34.762777129682895,15.19136704922998,-39.90178023327129,46.42525533890441,26.0,86.2989424597507,-123.4379455633391,-199.486974928338,FLAT
2026-10-02T18:25:39.803292+00:00,0,PERP,DOT|GATE|HTX,DOT,GATE,HTX,-11.316810789673282,-0.8944411173538118,-1.2815070087767504,11.219636023202733,-33.45175698929115,10.836846268946765,20.0,44.338772703486875,-102.50902268400128,-82.4571259812104,FLAT
2026-10-02T18:25:40.127858+00:00,0,SPOT,ICP|BITGET|HTX,ICP,BITGET,HTX,3.8589572106695336,0.17846480340639886,0.002141830940722277,21.61107011642008,-51.53498507073362,59.31410545046756,60.0,110.80629705008383,-228.34342395175815,-236.11826066961066,FLAT
2026-10-02T18:25:50.538601+00:00,1,PERP,OP|GATE|OKX,OP,GATE,OKX,2.6972130806335315,0.14800665789553735,1.7654387397289064,6.295489366176139,-6.795743786528474,12.206836575459068,20.0,18.997441729324745,-53.55862425558213,-55.438839565054906,FLAT
2026-10-02T18:25:50.865091+00:00,1,PERP,OP|BITGET|GATE,OP,BITGET,GATE,-1.647400833174606,0.9009107599189824,-8.745357426426978,7.878645598472684,-16.116451513015218,12.83836505582725,21.999999999999996,28.959577722633014,-64.33067180922126,-78.54330020488725,FLAT
2026-10-02T18:25:51.724829+00:00,1,PERP,ICP|HTX|MEXC,ICP,HTX,MEXC,-6.166178510866871,1.8824243088949344,-34.762777129682895,15.19136704922998,-46.06879606879555,34.04518724853034,26.0,80.16222290212134,-123.468241841234,-180.97018728033459,FLAT
2026-10-02T18:25:52.181402+00:00,1,PERP,DOT|GATE|HTX,DOT,GATE,HTX,0.6266478703143008,0.17007279693787725,-1.2815070087767504,11.219636023202733,-25.070770992253742,26.34584420649455,20.0,51.41338416614321,-101.20264814962019,-105.0407353814145,FLAT
2026-10-02T18:25:52.503417+00:00,1,SPOT,ICP|BITGET|HTX,ICP,BITGET,HTX,4.819595363285689,0.22291601047023896,0.002141830940722277,21.61107011642008,-55.01821811737639,64.74575902115198,60.0,119.70621840886858,-240.7265783571857,-250.44983559907985,FLAT
2026-10-02T18:26:02.839340+00:00,2,PERP,OP|GATE|OKX,OP,GATE,OKX,2.7922956686210476,0.1631099457349812,1.7654387397289064,6.295489366176139,-7.514416209868369,13.116083282627145,20.0,20.62472632561891,-55.90458127521619,-57.975370868517146,FLAT
2026-10-02T18:26:03.145227+00:00,2,PERP,OP|BITGET|GATE,OP,BITGET,GATE,-1.9806681711664886,0.8586106800605244,-8.745357426426978,7.878645598472684,-14.047667983883017,10.095628251578503,21.999999999999996,24.14807558818268,-57.45038614563872,-70.98906126618816,FLAT
2026-10-02T18:26:03.881543+00:00,2,PERP,ICP|HTX|MEXC,ICP,HTX,MEXC,-6.166178510866871,1.8824243088949344,-34.762777129682895,15.19136704922998,-46.06879606879555,34.04518724853034,26.0,80.16222290212134,-123.468241841234,-180.97018728033459,FLAT
2026-10-02T18:26:04.334302+00:00,2,PERP,DOT|GATE|HTX,DOT,GATE,HTX,-2.786839666759633,-0.1341694734900298,-1.2815070087767504,11.219636023202733,-24.894175770333593,19.339231467410123,20.0,44.24572987804576,-93.8583986396026,-90.86646835423262,FLAT
2026-10-02T18:26:04.667322+00:00,2,SPOT,ICP|BITGET|HTX,ICP,BITGET,HTX,7.233434959947882,0.3346105995701169,0.002141830940722277,21.61107011642008,-53.061648584407095,67.62292459283171,60.0,120.59726607956749,-239.6610564949153,-254.21804884145848,FLAT
2026-10-02T18:49:00.966151+00:00,0,PERP,OP|GATE|OKX,OP,GATE,OKX,2.336866107408575,0.09385720990490935,1.7472167451591802,6.2824088085166085,-10.515915255819852,15.216028659781333,20.0,25.72590506922136,-63.98903707020039,-65.1947169838435,FLAT
2026-10-02T18:49:01.225048+00:00,0,PERP,OP|BITGET|GATE,OP,BITGET,GATE,0.7389597120011082,1.2432741480534248,-8.92210930821637,7.770666699169821,-16.88131613995281,18.38751851074738,21.999999999999996,35.266205939370714,-71.22541277110714,-90.57583375833445,FLAT
2026-10-02T18:49:02.315662+00:00,0,PERP,ICP|HTX|MEXC,ICP,HTX,MEXC,-32.497092879198995,0.18636776721384085,-35.28286106009432,14.947693061638159,-52.893590541382984,-12.023194748358446,26.0,41.00349866224182,-90.61422814353048,-96.26316497397768,FLAT
2026-10-02T18:49:03.154096+00:00,0,PERP,DOT|GATE|HTX,DOT,GATE,HTX,-7.496059580134329,-0.623303388681631,-0.7732135796208028,10.785832585850741,-35.03046925403375,20.086613739116466,20.0,55.15838778688401,-115.41564346129697,-102.0182151056213,FLAT
2026-10-02T18:49:03.378483+00:00,0,SPOT,ICP|BITGET|HTX,ICP,BITGET,HTX,25.530336369630202,1.177144920191283,0.04822893187449925,21.647383428044638,-49.67358430754909,100.82136797642693,60.0,150.11166173987127,-265.83347497929486,-316.8848007844237,FLAT
2026-10-02T18:49:13.614031+00:00,1,PERP,OP|GATE|OKX,OP,GATE,OKX,3.624353346594056,0.29879249482939996,1.7472167451591802,6.2824088085166085,-7.024827263188982,14.293292399165658,20.0,21.310377715599717,-56.082421723947874,-59.85645336960619,FLAT
2026-10-02T18:49:13.830879+00:00,1,PERP,OP|BITGET|GATE,OP,BITGET,GATE,1.7510165417800039,1.3735148170924172,-8.92210930821637,7.770666699169821,-13.356770578610844,16.880336718585465,21.999999999999996,30.231798324749214,-62.66645959514368,-84.03424435155104,FLAT
2026-10-02T18:49:14.671894+00:00,1,PERP,ICP|HTX|MEXC,ICP,HTX,MEXC,-37.79303997100803,-0.16793085732780033,-35.28286106009432,14.947693061638159,-59.07960199004969,-16.421819318537256,26.0,42.81944234761056,-98.61618327756594,-93.68048408916762,FLAT
2026-10-02T18:49:15.515709+00:00,1,PERP,DOT|GATE|HTX,DOT,GATE,HTX,-3.153307076843026,-0.22066849993059587,-0.7732135796208028,10.785832585850741,-26.30443046265696,20.018124311940166,20.0,46.33715740011894,-97.8683742831551,-93.12849529167991,FLAT
2026-10-02T18:49:15.728929+00:00,1,SPOT,ICP|BITGET|HTX,ICP,BITGET,HTX,17.425751755637542,0.8027539624604284,0.04822893187449925,21.647383428044638,-46.21463338533749,81.1477201434707,60.0,127.14074895689622,-239.40361127410821,-274.24024016849245,FLAT
2026-10-02T18:49:25.963566+00:00,2,PERP,OP|GATE|OKX,OP,GATE,OKX,1.7892572998201572,0.006691789080007919,1.7472167451591802,6.2824088085166085,-8.93476346485289,12.530743159064883,20.0,21.4616523718831,-58.143632581895176,-58.24517878578881,FLAT
2026-10-02T18:49:26.194886+00:00,2,PERP,OP|BITGET|GATE,OP,BITGET,GATE,1.824195068029777,1.3829320947962198,-8.92210930821637,7.770666699169821,-10.320734028598233,13.978871298767626,21.999999999999996,24.29516950472534,-53.6937942251072,-75.19615011170933,FLAT
2026-10-02T18:49:26.987717+00:00,2,PERP,ICP|HTX|MEXC,ICP,HTX,MEXC,-34.77700512009907,0.03384173985305341,-35.28286106009432,14.947693061638159,-55.97014925373234,-13.500000000001844,26.0,42.618196988440346,-95.30548518207837,-96.40105804853282,FLAT
2026-10-02T18:49:27.461208+00:00,2,PERP,DOT|GATE|HTX,DOT,GATE,HTX,-3.153307076843026,-0.22066849993059587,-0.7732135796208028,10.785832585850741,-26.30443046265696,20.018124311940166,20.0,46.33715740011894,-97.8683742831551,-93.12849529167991,FLAT
2026-10-02T18:49:27.694587+00:00,2,SPOT,ICP|BITGET|HTX,ICP,BITGET,HTX,31.193916199268035,1.4387737608529467,0.04822893187449925,21.647383428044638,-44.154154159127266,106.63080600979757,60.0,150.31601333773204,-260.5183964287338,-322.8985904156551,FLAT
2026-10-02T19:26:10.066080+00:00,0,PERP,OP|GATE|OKX,OP,GATE,OKX,4.550464745953775,0.404205517169413,1.9883618075381786,6.338614466120096,-6.334595840382651,15.454189199475277,20.0,21.778858659884186,-56.10181630780502,-61.24468605182128,FLAT
2026-10-02T19:26:10.414018+00:00,0,PERP,OP|BITGET|GATE,OP,BITGET,GATE,-2.635344643202586,0.7651709071824324,-8.629564635483737,7.833831547978609,-18.288240294901392,13.040036622808948,21.999999999999996,31.336519031600123,-68.99519469101777,-81.0061202898928,FLAT
2026-10-02T19:26:11.070586+00:00,0,PERP,ICP|HTX|MEXC,ICP,HTX,MEXC,-37.554317006199824,-0.1813133602945276,-34.92043165975459,14.526703063506835,-62.1504039776255,-12.843923773820931,26.0,49.49207933346628,-108.72205165133718,-103.56858721939994,FLAT
2026-10-02T19:26:11.530005+00:00,0,PERP,DOT|GATE|HTX,DOT,GATE,HTX,-7.045405487824397,-0.5734562477704345,-0.8914315359111037,10.731374844793471,-34.026350232267966,19.98279134898695,20.0,54.0471786697608,-113.18209736611766,-100.92140155465884,FLAT
2026-10-02T19:26:11.864880+00:00,0,SPOT,ICP|BITGET|HTX,ICP,BITGET,HTX,-8.837015114664393,-0.3827688014803557,-0.5325235212785058,21.695842402171554,-50.704889483071945,33.09170614254286,60.0,83.87066807925463,-200.0430340410481,-183.49489774307602,FLAT
2026-10-02T19:26:22.243863+00:00,1,PERP,OP|GATE|OKX,OP,GATE,OKX,5.1902970902051315,0.5051475049920297,1.9883618075381786,6.338614466120096,-5.13937197986758,15.537036898010115,20.0,20.66566868802802,-53.79340247543378,-60.21434377849996,FLAT
2026-10-02T19:26:22.584632+00:00,1,PERP,OP|BITGET|GATE,OP,BITGET,GATE,-4.991542484340528,0.46439882308701685,-8.629564635483737,7.833831547978609,-17.51650575303021,7.543440754964603,21.999999999999996,25.07245752530139,-61.95939864284786,-69.24546291574973,FLAT
2026-10-02T19:26:23.333404+00:00,1,PERP,ICP|HTX|MEXC,ICP,HTX,MEXC,-34.439592703248145,0.033100350052200245,-34.92043165975459,14.526703063506835,-59.042883778744894,-9.721961886909325,26.0,49.49110216030601,-105.61355427929632,-106.68957193315129,FLAT
2026-10-02T19:26:23.739034+00:00,1,PERP,DOT|GATE|HTX,DOT,GATE,HTX,-11.41486530177982,-0.9806230718866706,-0.8914315359111037,10.731374844793471,-34.026350232267966,11.216402205198595,20.0,45.29444678835475,-104.42936548471161,-83.40228052946445,FLAT
2026-10-02T19:26:24.071777+00:00,1,SPOT,ICP|BITGET|HTX,ICP,BITGET,HTX,-11.28990953768616,-0.49582707216433963,-0.5325235212785058,21.695842402171554,-53.04037897910785,30.51594422187609,60.0,83.65072740465992,-202.15858286248925,-180.6991951478145,FLAT
2026-10-02T19:26:34.442005+00:00,2,PERP,OP|GATE|OKX,OP,GATE,OKX,8.496302014719959,1.0267133680344072,1.9883618075381786,6.338614466120096,-0.6783158752232676,17.683167692601476,20.0,18.345888177428872,-47.01256586019032,-60.04069406249217,FLAT
2026-10-02T19:26:34.797882+00:00,2,PERP,OP|BITGET|GATE,OP,BITGET,GATE,-1.8599248826278725,0.8641543683183561,-8.629564635483737,7.833831547978609,-14.866646487902146,11.163462246692735,21.999999999999996,26.034940367995787,-60.2720222204142,-73.82796725017226,FLAT
2026-10-02T19:26:35.514803+00:00,2,PERP,ICP|HTX|MEXC,ICP,HTX,MEXC,-32.24192898240719,0.18438476133488174,-34.92043165975459,14.526703063506835,-55.93536357986317,-8.442772400873988,26.0,47.64597565043594,-100.66090757054452,-106.12363490931655,FLAT
2026-10-02T19:26:36.003655+00:00,2,PERP,DOT|GATE|HTX,DOT,GATE,HTX,-9.52820759540618,-0.8048154299339726,-0.8914315359111037,10.731374844793471,-38.97825407105704,19.947581927861613,20.0,58.982024049455056,-123.06884658460098,-105.82103751322776,FLAT
2026-10-02T19:26:36.349936+00:00,2,SPOT,ICP|BITGET|HTX,ICP,BITGET,HTX,-14.559316895975671,-0.646519877619189,-0.5325235212785058,21.695842402171554,-54.68482487011372,25.61571293345999,60.0,80.41758978049032,-200.56989112932553,-172.56582623522883,FLAT
2026-10-02T19:47:00.361306+00:00,0,PERP,OP|GATE|OKX,OP,GATE,OKX,2.872718381117245,0.14951446256269574,1.932462087827861,6.288731385400977,-7.301073152867765,13.063229631731232,20.0,20.35844065053261,-55.591975891228245,-57.48920819443599,FLAT
2026-10-02T19:47:00.595629+00:00,0,PERP,OP|BITGET|GATE,OP,BITGET,GATE,-2.9971773230486054,0.7420880495423883,-8.751353079962202,7.754033716702396,-17.039161000225178,11.062218712196703,21.999999999999996,28.109793926954538,-64.39760184721752,-75.92336571911343,FLAT
2026-10-02T19:47:01.318246+00:00,0,PERP,ICP|HTX|MEXC,ICP,HTX,MEXC,-31.683921019846075,0.20234755610079316,-34.65918998410196,14.703755368183662,-57.960523076923124,-5.276258903685882,26.0,52.851392074788166,-108.15272516760933,-114.23432315520424,FLAT
2026-10-02T19:47:01.767233+00:00,0,PERP,DOT|GATE|HTX,DOT,GATE,HTX,2.4695976491839744,0.32497505156620304,-1.036485205768958,10.788775440008456,-27.335176070907295,32.300311120121435,20.0,59.620751981077646,-111.91944284621599,-118.95754830696804,FLAT
2026-10-02T19:47:01.986574+00:00,0,SPOT,ICP|BITGET|HTX,ICP,BITGET,HTX,6.232139131401304,0.31309899138376857,-0.5746472533165058,21.7400457108936,-48.17148255682247,60.69316824391046,60.0,108.79681683820898,-222.39365214171497,-236.06463233543596,FLAT
2026-10-02T19:47:12.262360+00:00,1,PERP,OP|GATE|OKX,OP,GATE,OKX,2.3750464159078,0.07037736245300277,1.932462087827861,6.288731385400977,-7.324330041909022,12.089446761538447,20.0,19.4091554122972,-54.665947542034075,-55.56614008600778,FLAT
2026-10-02T19:47:12.483804+00:00,1,PERP,OP|BITGET|GATE,OP,BITGET,GATE,-2.1648077261082754,0.8494347064375452,-8.751353079962202,7.754033716702396,-14.339505816028941,10.020187522818969,21.999999999999996,24.364963532236132,-57.95311626830287,-71.1365041350173,FLAT
2026-10-02T19:47:13.242114+00:00,1,PERP,ICP|HTX|MEXC,ICP,HTX,MEXC,-25.803636161698673,0.6022647684662343,-34.65918998410196,14.703755368183662,-43.18322023442289,-8.36868461776441,26.0,34.904513900431475,-75.42854415075242,-93.19501926676904,FLAT
2026-10-02T19:47:13.681727+00:00,1,PERP,DOT|GATE|HTX,DOT,GATE,HTX,7.961826571807329,0.834043847479435,-1.036485205768958,10.788775440008456,-20.417844336395596,36.36617545471621,20.0,56.73883459013077,-102.12019372075741,-120.14149525061595,FLAT
2026-10-02T19:47:13.902421+00:00,1,SPOT,ICP|BITGET|HTX,ICP,BITGET,HTX,72.02639589285465,3.33950738244271,-0.5746472533165058,21.7400457108936,-50.98814550937636,195.20594756514464,60.0,244.43341667339655,-360.8469149294564,-506.2140114918577,FLAT
2026-10-02T19:47:24.161401+00:00,2,PERP,OP|GATE|OKX,OP,GATE,OKX,-0.14794315345345588,-0.33081477229428013,1.932462087827861,6.288731385400977,-10.733097862508645,10.455430209352912,20.0,21.188825880984457,-59.85438583132096,-55.71179400250951,FLAT
2026-10-02T19:47:24.408632+00:00,2,PERP,OP|BITGET|GATE,OP,BITGET,GATE,-3.682292278369692,0.6537321072867683,-8.751353079962202,7.754033716702396,-18.33039505669265,10.982611501333395,21.999999999999996,29.32379480670811,-66.90283678343856,-77.0577593880037,FLAT
2026-10-02T19:47:25.222246+00:00,2,PERP,ICP|HTX|MEXC,ICP,HTX,MEXC,-34.16153478736583,0.033845448613281766,-34.65918998410196,14.703755368183662,-52.43676742751391,-15.824725921340654,26.0,36.73743867267541,-86.51501611608737,-87.57190273543671,FLAT
2026-10-02T19:47:25.687208+00:00,2,PERP,DOT|GATE|HTX,DOT,GATE,HTX,12.806958187561168,1.2831338895046347,-1.036485205768958,10.788775440008456,-18.999259383101208,44.640881522657324,20.0,63.55872944499624,-107.52150362232848,-135.2360961734225,FLAT
2026-10-02T19:47:25.904791+00:00,2,SPOT,ICP|BITGET|HTX,ICP,BITGET,HTX,12.544001579615216,0.603432440179193,-0.5746472533165058,21.7400457108936,-47.07760247340431,72.24411641097772,60.0,119.17217762776595,-231.67513284785377,-257.9909412920602,FLAT
2026-10-02T20:01:09.716320+00:00,0,PERP,OP|GATE|OKX,OP,GATE,OKX,1.7805083368815922,-0.02403251432353775,1.931123365587484,6.267135709490769,-7.782457237857088,11.35875088641436,20.0,19.137788432231055,-54.851369035675624,-54.56541595305793,FLAT
2026-10-02T20:01:09.943273+00:00,0,PERP,OP|BITGET|GATE,OP,BITGET,GATE,-2.931386461929586,0.7402632656360273,-8.698308628062483,7.790366527478588,-17.434437054493213,11.590633720703902,21.999999999999996,29.033569238634485,-65.76969766506521,-77.32251158740087,FLAT
2026-10-02T20:01:11.088623+00:00,0,PERP,ICP|HTX|MEXC,ICP,HTX,MEXC,-38.064606768981605,-0.23489188232707556,-34.60903669730212,14.711321810890714,-58.44355582897309,-17.608279802344697,26.0,40.99116064595824,-96.8256797776292,-89.99191754091567,FLAT
2026-10-02T20:01:11.926341+00:00,0,PERP,DOT|GATE|HTX,DOT,GATE,HTX,3.2865389788394594,0.38686390577550267,-0.9181786956028046,10.868725698287976,-24.375139295641503,30.9722918210098,20.0,55.329236475660196,-104.7861970756989,-113.2197069922728,FLAT
2026-10-02T20:01:12.153891+00:00,0,SPOT,ICP|BITGET|HTX,ICP,BITGET,HTX,2.026757227076015,0.11190637169394224,-0.40680316119568233,21.746397023105622,-57.658673195429834,61.80057153699181,60.0,119.4349727707265,-242.68684280496066,-247.642347468914,FLAT
2026-10-02T20:01:22.417059+00:00,1,PERP,OP|GATE|OKX,OP,GATE,OKX,1.4479370343689624,-0.07709843118392956,1.931123365587484,6.267135709490769,-8.278824510163929,11.19000308637208,20.0,19.465997011816107,-55.67594488756752,-54.724876732600706,FLAT
2026-10-02T20:01:22.661494+00:00,1,PERP,OP|BITGET|GATE,OP,BITGET,GATE,0.8308185714689387,1.2231936926099416,-8.698308628062483,7.790366527478588,-11.015303886129368,12.686395236931602,21.999999999999996,23.699726334659356,-54.01672159272624,-73.08443019965344,FLAT
2026-10-02T20:01:23.402670+00:00,1,PERP,ICP|HTX|MEXC,ICP,HTX,MEXC,-31.900996316870376,0.1840786582771236,-34.60903669730212,14.711321810890714,-52.29160258382159,-11.432967881407352,26.0,40.98924778102235,-90.67181366754183,-96.16531659691714,FLAT
2026-10-02T20:01:23.880462+00:00,1,PERP,DOT|GATE|HTX,DOT,GATE,HTX,-4.185991888109308,-0.30066203557066895,-0.9181786956028046,10.868725698287976,-32.292358980957616,23.94481552395078,20.0,56.26071457278286,-113.63489485813767,-107.12370879233644,FLAT
2026-10-02T20:01:24.116037+00:00,1,SPOT,ICP|BITGET|HTX,ICP,BITGET,HTX,-0.5677567796746885,-0.007401392437928564,-0.40680316119568233,21.746397023105622,-61.42374330864286,60.36669909372794,60.0,121.79730696940446,-248.81424711685165,-248.5708092243281,FLAT
2026-10-02T20:01:34.365987+00:00,2,PERP,OP|GATE|OKX,OP,GATE,OKX,6.0272649766535125,0.6535906993146726,1.931123365587484,6.267135709490769,-4.226883598966724,16.29796078007617,20.0,20.51246763081645,-52.670474595370656,-60.87930504530513,FLAT
2026-10-02T20:01:34.592850+00:00,2,PERP,OP|BITGET|GATE,OP,BITGET,GATE,-1.3851651614849025,0.9387418988288008,-8.698308628062483,7.790366527478588,-15.69682415122231,12.94311719994612,21.999999999999996,28.643899355675785,-63.64241487883561,-78.28532518368439,FLAT
2026-10-02T20:01:35.341896+00:00,2,PERP,ICP|HTX|MEXC,ICP,HTX,MEXC,-25.737385864754714,0.6030491988816241,-34.60903669730212,14.711321810890714,-46.13964933866455,-5.257655960470009,26.0,40.987337280197806,-84.51794992156023,-102.33871801702992,FLAT
2026-10-02T20:01:35.818780+00:00,2,PERP,DOT|GATE|HTX,DOT,GATE,HTX,-6.067473327525663,-0.4737716982529025,-0.9181786956028046,10.868725698287976,-36.83253781401441,24.724320146354284,20.0,61.594218481984456,-123.50857760039605,-113.23671732394155,FLAT
2026-10-02T20:01:36.051075+00:00,2,SPOT,ICP|BITGET|HTX,ICP,BITGET,HTX,7.341303171859437,0.3562937954651858,-0.40680316119568233,21.746397023105622,-67.54732887723769,82.3144467614445,60.0,149.75179065052558,-282.89231636656757,-298.47304057316575,FLAT
2026-10-02T20:21:56.625135+00:00,0,PERP,OP|GATE|OKX,OP,GATE,OKX,5.765345162631608,0.5970474321333719,2.0199723246359165,6.273157937574093,-2.791892319269351,14.333394026226909,20.0,17.11541189443622,-47.92727653834149,-55.42883359602722,FLAT
2026-10-02T20:21:56.936946+00:00,0,PERP,OP|BITGET|GATE,OP,BITGET,GATE,-9.2614042914696,-0.08691382259658284,-8.57640538510661,7.8813574860521705,-22.71902370250323,4.215518400856322,21.999999999999996,26.95949654890617,-69.10211486630278,-67.7514203348691,FLAT
2026-10-02T20:21:57.686919+00:00,0,PERP,ICP|HTX|MEXC,ICP,HTX,MEXC,-24.76396842594042,0.6657359561570177,-34.56764096392101,14.726067365465138,-27.855153203342198,-21.671826625387915,26.0,6.198676813521135,-31.486189052942322,-51.094491152054225,FLAT
2026-10-02T20:21:58.152906+00:00,0,PERP,DOT|GATE|HTX,DOT,GATE,HTX,-1.4180522289442,-0.06993832195979037,-0.6644503042816292,10.77523600145624,-28.620654192138552,25.80824538055637,20.0,54.436608652208314,-108.39281254006525,-106.90930433704632,FLAT
2026-10-02T20:21:58.470171+00:00,0,SPOT,ICP|BITGET|HTX,ICP,BITGET,HTX,-14.020575093367516,-0.6094448037228328,-0.7453634986752853,21.78246744184173,-47.929447953001244,19.932138209741712,60.0,67.95683723457121,-181.14092168889715,-154.6343389429882,FLAT
2026-10-02T20:22:08.832399+00:00,1,PERP,OP|GATE|OKX,OP,GATE,OKX,3.103085967817165,0.17265843678090176,2.0199723246359165,6.273157937574093,-7.755506350931585,13.980764534136103,20.0,21.72951127160983,-57.504989947177336,-59.69030348111002,FLAT
2026-10-02T20:22:09.151919+00:00,1,PERP,OP|BITGET|GATE,OP,BITGET,GATE,-5.584524527378898,0.3796149157074168,-8.57640538510661,7.8813574860521705,-21.517589110305877,10.371412674872182,21.999999999999996,31.9068038124726,-72.84798753767186,-78.85462187245139,FLAT
2026-10-02T20:22:09.891348+00:00,1,PERP,ICP|HTX|MEXC,ICP,HTX,MEXC,-34.05045658566807,0.03512033222568375,-34.56764096392101,14.726067365465138,-37.14020427112219,-30.95975232198178,26.0,6.201568424726726,-40.7741317319279,-41.80945706666595,FLAT
2026-10-02T20:22:10.355333+00:00,1,PERP,DOT|GATE|HTX,DOT,GATE,HTX,-1.4180522289442,-0.06993832195979037,-0.6644503042816292,10.77523600145624,-28.620654192138552,25.80824538055637,20.0,54.436608652208314,-108.39281254006525,-106.90930433704632,FLAT
2026-10-02T20:22:10.682581+00:00,1,SPOT,ICP|BITGET|HTX,ICP,BITGET,HTX,-5.468336675201746,-0.216824525923732,-0.7453634986752853,21.78246744184173,-39.466472819467135,28.574167236024017,60.0,68.07783837830874,-172.7989476991006,-163.39736911300804,FLAT
2026-10-02T20:22:21.026047+00:00,2,PERP,OP|GATE|OKX,OP,GATE,OKX,3.2324747585099622,0.19328421919868563,2.0199723246359165,6.273157937574093,-7.487430993157185,13.970544893229242,20.0,21.451026519885488,-56.958429837678594,-59.40159908847882,FLAT
2026-10-02T20:22:21.347801+00:00,2,PERP,OP|BITGET|GATE,OP,BITGET,GATE,-7.808658913330824,0.09741297398760133,-8.57640538510661,7.8813574860521705,-22.150058691141616,6.549639283521813,21.999999999999996,28.72211614567715,-70.29576945171215,-71.84816081430557,FLAT
2026-10-02T20:22:22.103317+00:00,2,PERP,ICP|HTX|MEXC,ICP,HTX,MEXC,-25.307688262257155,0.6288136860883746,-34.56764096392101,14.726067365465138,-40.235221293716265,-10.339999999998684,26.0,29.971017072951742,-67.638597402747,-86.19865803687406,FLAT
2026-10-02T20:22:22.591653+00:00,2,PERP,DOT|GATE|HTX,DOT,GATE,HTX,-1.4180522289442,-0.06993832195979037,-0.6644503042816292,10.77523600145624,-28.620654192138552,25.80824538055637,20.0,54.436608652208314,-108.39281254006525,-106.90930433704632,FLAT
2026-10-02T20:22:22.905159+00:00,2,SPOT,ICP|BITGET|HTX,ICP,BITGET,HTX,-6.693219683153728,-0.27305704463275193,-0.7453634986752853,21.78246744184173,-44.97810291162918,31.64746630320181,60.0,76.67685007655278,-186.9095894895067,-175.0696798784299,FLAT
2026-10-02T21:20:45.295637+00:00,0,PERP,OP|GATE|OKX,OP,GATE,OKX,0.7902392826375504,-0.10539445456229934,1.5421851194891916,7.134586349675173,-8.886974888827615,10.481326800482194,20.0,19.366761314395767,-55.79592132271257,-54.30590299538877,FLAT
2026-10-02T21:20:45.652551+00:00,0,PERP,OP|BITGET|GATE,OP,BITGET,GATE,-7.318160863786227,0.17698217604030628,-8.745853250871487,8.066871020729877,-21.93340077888406,7.31815539941838,21.999999999999996,29.272963417884224,-70.4605109458968,-73.33697206817409,FLAT
2026-10-02T21:20:46.666847+00:00,0,PERP,ICP|HTX|MEXC,ICP,HTX,MEXC,-17.18574117268279,1.098462761173101,-33.558046045873056,14.904742747679036,-27.812113720643296,-6.539999999999324,26.0,21.308716694161493,-47.56278436893173,-80.32676274003522,FLAT
2026-10-02T21:20:47.202694+00:00,0,PERP,DOT|GATE|HTX,DOT,GATE,HTX,-0.48826889129327533,-0.02793807632290696,-0.19272970920890709,10.578365477584798,-27.105826814668443,26.15253787006111,20.0,53.26095510268114,-106.17405220814067,-105.60622268195115,FLAT
2026-10-02T21:20:47.525837+00:00,0,SPOT,ICP|BITGET|HTX,ICP,BITGET,HTX,4.706729748662486,0.22871633830026444,-0.2365604633059368,21.613192344303577,-48.22730732049641,57.719317432152195,60.0,105.8967237878842,-219.88747064507464,-229.8526016833423,FLAT
2026-10-02T21:20:48.036242+00:00,0,PERP,ICP|HTX|OKX,ICP,HTX,OKX,-17.18574117268279,1.2027873731647718,-34.543924427710195,14.43163076226398,-27.812113720643296,-6.539999999999324,20.0,21.308716694161493,-40.57690598709459,-75.31264112187236,FLAT
2026-10-02T21:20:58.388808+00:00,1,PERP,OP|GATE|OKX,OP,GATE,OKX,7.653632795268095,0.856594534882481,1.5421851194891916,7.134586349675173,-0.8968887055604835,16.215121195704008,20.0,17.098915990278844,-45.537989815328515,-57.77185206649366,FLAT
2026-10-02T21:20:58.729256+00:00,1,PERP,OP|BITGET|GATE,OP,BITGET,GATE,-11.07509670767337,-0.2887418741190109,-8.745853250871487,8.066871020729877,-22.938479970429082,0.8012820512837138,21.999999999999996,23.76607606686617,-65.95870278642376,-61.31321136902136,FLAT
2026-10-02T21:20:59.469878+00:00,1,PERP,ICP|HTX|MEXC,ICP,HTX,MEXC,-14.09269260294388,1.3059838584574242,-33.558046045873056,14.904742747679036,-24.721878862793425,-3.4441325898393327,26.0,21.3077569997652,-44.47158981668557,-83.42167045579893,FLAT
2026-10-02T21:20:59.942734+00:00,1,PERP,DOT|GATE|HTX,DOT,GATE,HTX,-0.6097553705908254,-0.03942250456987724,-0.19272970920890709,10.578365477584798,-27.09746104363586,25.90106348367094,20.0,53.001746257362946,-105.90647759178991,-105.0955394502428,FLAT
2026-10-02T21:21:00.484948+00:00,1,SPOT,ICP|BITGET|HTX,ICP,BITGET,HTX,1.662206132642119,0.08785220460264395,-0.2365604633059368,21.613192344303577,-49.0359619164138,52.412943133679505,60.0,101.4320177176416,-216.23141917074946,-220.08152131462703,FLAT
2026-10-02T21:21:00.988159+00:00,1,PERP,ICP|HTX|OKX,ICP,HTX,OKX,-17.18574117268279,1.2027873731647718,-34.543924427710195,14.43163076226398,-27.812113720643296,-6.539999999999324,20.0,21.308716694161493,-40.57690598709459,-75.31264112187236,FLAT
2026-10-02T21:21:11.338753+00:00,2,PERP,OP|GATE|OKX,OP,GATE,OKX,5.435719411621687,0.5457267038767794,1.5421851194891916,7.134586349675173,-4.448644284342773,15.334660952859291,20.0,19.772546693548765,-51.76337609738073,-59.56502252691886,FLAT
2026-10-02T21:21:11.702799+00:00,2,PERP,OP|BITGET|GATE,OP,BITGET,GATE,-7.973823408286007,0.09570375435550578,-8.745853250871487,8.066871020729877,-21.471084305263453,5.539715315112659,21.999999999999996,27.032344925158654,-67.75757597955062,-69.3179134911428,FLAT
2026-10-02T21:21:12.412324+00:00,2,PERP,ICP|HTX|MEXC,ICP,HTX,MEXC,-4.813546893731591,1.9285471503100953,-33.558046045873056,14.904742747679036,-15.451174289247138,5.843469640645083,26.0,21.304881480356286,-35.198009723730365,-92.70639716687442,FLAT
2026-10-02T21:21:12.867953+00:00,2,PERP,DOT|GATE|HTX,DOT,GATE,HTX,-5.775479008814921,-0.5277515993785309,-0.19272970920890709,10.578365477584798,-33.70117021561869,22.174558920924348,20.0,55.90800808065894,-115.41644858706871,-104.27529671079219,FLAT
2026-10-02T21:21:13.200246+00:00,2,SPOT,ICP|BITGET|HTX,ICP,BITGET,HTX,4.910265754713983,0.2381335499184797,-0.2365604633059368,21.613192344303577,-56.3016172845876,66.20934411834867,60.0,122.45077275937169,-244.51582958065336,-254.8966773410263,FLAT
2026-10-02T21:21:13.697589+00:00,2,PERP,ICP|HTX|OKX,ICP,HTX,OKX,-6.4400437628586715,1.947380800396995,-34.543924427710195,14.43163076226398,-18.541409147095898,5.683378706584641,20.0,24.240378680279264,-34.23786339966497,-90.46768181457409,FLAT
2026-10-02T21:39:47.687246+00:00,0,PERP,OP|GATE|OKX,OP,GATE,OKX,4.060376345513816,0.3447050229665625,1.59774419309994,7.14417251950738,-6.925107809067077,15.063910146413395,20.0,21.98007840042007,-56.50293040258708,-61.446244353733526,FLAT
2026-10-02T21:39:48.018681+00:00,0,PERP,OP|BITGET|GATE,OP,BITGET,GATE,-9.118126538636417,-0.07610940988069093,-8.512519917538153,7.957053169215382,-24.980453009701975,6.768584828920066,21.999999999999996,31.777994687436223,-76.24592777960004,-75.05909943389443,FLAT
2026-10-02T21:39:48.749702+00:00,0,PERP,ICP|HTX|MEXC,ICP,HTX,MEXC,12.408872343725452,2.6178764215942483,-32.65297688403317,17.213130786485568,-27.812113720643296,52.943008408596896,26.0,80.65382550227733,-107.81296233888744,-198.2498107949074,FLAT
2026-10-02T21:39:49.228190+00:00,0,PERP,DOT|GATE|HTX,DOT,GATE,HTX,-4.239373165941807,-0.36185683122063217,-0.39834887170503114,10.614762422143738,-33.57518201479337,25.147513976946367,20.0,58.7475568443205,-117.92438998740883,-110.2934196929719,FLAT
2026-10-02T21:39:49.844032+00:00,0,SPOT,ICP|BITGET|HTX,ICP,BITGET,HTX,-3.7158074192589208,-0.1500773336031954,-0.4518917849413256,21.74822510471429,-67.4447374690601,60.088080496589754,60.0,127.5801802469303,-260.5730259310491,-254.12015252846138,FLAT
2026-10-02T21:39:50.384429+00:00,0,PERP,ICP|HTX|OKX,ICP,HTX,OKX,9.306654257792424,2.609543226702989,-33.725255818833865,16.490207801997087,-30.902348578494276,49.82871379632492,20.0,80.65478579155487,-103.83187855121528,-190.20875540671366,FLAT
2026-10-02T21:40:00.738684+00:00,1,PERP,OP|GATE|OKX,OP,GATE,OKX,2.5731157239938796,0.13652687252871593,1.59774419309994,7.14417251950738,-9.830125650838184,15.000023283620045,20.0,24.82373894237456,-62.25160878631269,-64.22601803289467,FLAT
2026-10-02T21:40:01.119624+00:00,1,PERP,OP|BITGET|GATE,OP,BITGET,GATE,-4.469550363169761,0.5080988487057019,-8.512519917538153,7.957053169215382,-20.670819480259617,11.755168143845474,21.999999999999996,32.440470097781514,-72.59876966050298,-80.70815815916514,FLAT
2026-10-02T21:40:01.885033+00:00,1,PERP,ICP|HTX|MEXC,ICP,HTX,MEXC,9.306654257792424,2.4376524911301485,-32.65297688403317,17.213130786485568,-30.902348578494276,49.82871379632492,26.0,80.65478579155487,-110.90415748601598,-195.13647647191297,FLAT
2026-10-02T21:40:03.250331+00:00,1,PERP,DOT|GATE|HTX,DOT,GATE,HTX,3.9645499785034843,0.4110218087507033,-0.39834887170503114,10.614762422143738,-23.300902669186605,31.277586313185335,20.0,54.556818173799144,-103.45937197128072,-112.23275335868951,FLAT
2026-10-02T21:40:03.582724+00:00,1,SPOT,ICP|BITGET|HTX,ICP,BITGET,HTX,-1.4291584297820847,-0.04493546669373587,-0.4518917849413256,21.74822510471429,-65.97747149752587,63.20555433622532,60.0,129.20143297994264,-260.7270126925272,-258.85887910110927,FLAT
2026-10-02T21:40:04.086233+00:00,1,PERP,ICP|HTX|OKX,ICP,HTX,OKX,6.204436171861616,2.4214183635611732,-33.725255818833865,16.490207801997087,-33.99258343634193,46.71441918405294,20.0,80.65574667626557,-106.92307429377362,-187.09542167915237,FLAT
2026-10-02T21:40:14.437827+00:00,2,PERP,OP|GATE|OKX,OP,GATE,OKX,1.2803735466815347,-0.04442370975110346,1.59774419309994,7.14417251950738,-9.258245448731106,11.836164311385122,20.0,21.09169525668145,-57.94768489851249,-57.33011537496663,FLAT
2026-10-02T21:40:14.784288+00:00,2,PERP,OP|BITGET|GATE,OP,BITGET,GATE,-6.774553696348162,0.21841832450157747,-8.512519917538153,7.957053169215382,-21.853930609423422,8.325827318083068,21.999999999999996,30.20020259876863,-71.5416132906539,-75.03854983438984,FLAT
2026-10-02T21:40:15.552256+00:00,2,PERP,ICP|HTX|MEXC,ICP,HTX,MEXC,9.306654257792424,2.4376524911301485,-32.65297688403317,17.213130786485568,-30.902348578494276,49.82871379632492,26.0,80.65478579155487,-110.90415748601598,-195.13647647191297,FLAT
2026-10-02T21:40:16.018814+00:00,2,PERP,DOT|GATE|HTX,DOT,GATE,HTX,-0.5626543691128472,-0.015478961362814297,-0.39834887170503114,10.614762422143738,-23.300902669186605,22.195418035841907,20.0,45.498872080991724,-94.4014258784733,-94.09263898853867,FLAT
2026-10-02T21:40:16.369757+00:00,2,SPOT,ICP|BITGET|HTX,ICP,BITGET,HTX,23.327920404749847,1.0934139257431403,-0.4518917849413256,21.74822510471429,-63.51249544104154,110.28961460193499,60.0,173.39752504919997,-302.45812870530017,-350.13903143607627,FLAT
2026-10-02T21:40:16.883049+00:00,2,PERP,ICP|HTX|OKX,ICP,HTX,OKX,3.102218085930808,2.2332935004193573,-33.725255818833865,16.490207801997087,-37.08281829419069,43.600124571785415,20.0,80.65670815697031,-110.01427063232714,-183.98208854758957,FLAT
2026-10-02T22:15:07.280294+00:00,0,PERP,OP|GATE|OKX,OP,GATE,OKX,0.9368478467641772,-0.045257882947709036,1.2661016638095455,7.2750600691107925,-8.573883176912211,10.463021884841162,20.0,19.035109234045787,-54.875094074767546,-54.23202945507741,FLAT
2026-10-02T22:15:07.596318+00:00,0,PERP,OP|BITGET|GATE,OP,BITGET,GATE,-6.371528963942108,0.22034293861012108,-8.155290108256244,8.095386017658393,-18.501681262884652,5.768405715886882,21.999999999999996,24.285556648611706,-62.63194780324011,-66.20925247275483,FLAT
2026-10-02T22:15:08.673234+00:00,0,PERP,ICP|HTX|MEXC,ICP,HTX,MEXC,-18.018970971300785,0.8463790953096063,-32.27314038172673,16.841353347948367,-39.914031317163094,3.9657724329322797,26.0,43.958829740466186,-83.59972067590255,-112.1977425551252,FLAT
2026-10-02T22:15:09.177262+00:00,0,PERP,DOT|GATE|HTX,DOT,GATE,HTX,10.414409304457806,0.9945072645097724,-0.10979261390465288,10.58232784609191,-18.493032502140405,39.34720851614726,20.0,57.78005538685267,-102.16329527508842,-123.23705651690457,FLAT
2026-10-02T22:15:09.494577+00:00,0,SPOT,ICP|BITGET|HTX,ICP,BITGET,HTX,-12.938816754947124,-0.5856419025894383,-0.2697628080397376,21.63276550207674,-73.33078478583555,47.533698828605694,60.0,121.02101681124792,-260.08203878904374,-234.82447844789337,FLAT
2026-10-02T22:15:10.037184+00:00,0,PERP,ICP|HTX|OKX,ICP,HTX,OKX,-21.095556278445393,0.7643179099404556,-33.46780635870592,16.18730886631244,-42.98434141848384,0.8828862164667051,20.0,43.9597799914324,-79.47631505121032,-104.31047256660503,FLAT
2026-10-02T22:15:20.397654+00:00,1,PERP,OP|GATE|OKX,OP,GATE,OKX,1.258951957809895,-0.0009827693423463725,1.2661016638095455,7.2750600691107925,-8.294634519246946,10.826716369067846,20.0,19.11893339392074,-54.67966957697723,-54.679548099179044,FLAT
2026-10-02T22:15:20.738385+00:00,1,PERP,OP|BITGET|GATE,OP,BITGET,GATE,-5.817553740823378,0.28877392163061555,-8.155290108256244,8.095386017658393,-17.251633181647463,5.625746731807713,21.999999999999996,22.890692980454336,-59.98703605384555,-64.6717298205183,FLAT
2026-10-02T22:15:21.718581+00:00,1,PERP,ICP|HTX|MEXC,ICP,HTX,MEXC,-18.018970971300785,0.8463790953096063,-32.27314038172673,16.841353347948367,-39.914031317163094,3.9657724329322797,26.0,43.958829740466186,-83.59972067590255,-112.1977425551252,FLAT
2026-10-02T22:15:22.169347+00:00,1,PERP,DOT|GATE|HTX,DOT,GATE,HTX,10.480616847694524,1.0007636897689056,-0.10979261390465288,10.58232784609191,-18.493032502140405,39.47968167941296,20.0,57.91200768295981,-102.29524757119556,-123.50148197627743,FLAT
2026-10-02T22:15:22.502953+00:00,1,SPOT,ICP|BITGET|HTX,ICP,BITGET,HTX,-18.260330830861538,-0.8316351425847385,-0.2697628080397376,21.63276550207674,-80.5799259093054,44.132638224960715,60.0,124.94066675599454,-271.2508298572602,-235.34306778899497,FLAT
2026-10-02T22:15:23.046505+00:00,1,PERP,ICP|HTX|OKX,ICP,HTX,OKX,-21.095556278445393,0.7643179099404556,-33.46780635870592,16.18730886631244,-42.98434141848384,0.8828862164667051,20.0,43.9597799914324,-79.47631505121032,-104.31047256660503,FLAT
2026-10-02T22:15:33.385614+00:00,2,PERP,OP|GATE|OKX,OP,GATE,OKX,1.355260383431034,0.012255392914217692,1.2661016638095455,7.2750600691107925,-7.631739485859379,10.354799530285508,20.0,17.98409296154126,-52.881934111210185,-53.072790828017226,FLAT
2026-10-02T22:15:33.700203+00:00,2,PERP,OP|BITGET|GATE,OP,BITGET,GATE,-8.051118149347003,0.012868065671236868,-8.155290108256244,8.095386017658393,-21.421736372063684,5.336739702004323,21.999999999999996,26.780025882369834,-68.04647214617727,-68.27205569263039,FLAT
2026-10-02T22:15:34.358438+00:00,2,PERP,ICP|HTX|MEXC,ICP,HTX,MEXC,-14.942385664158397,1.029059503681727,-32.27314038172673,16.841353347948367,-36.843721215842336,7.048658649397854,26.0,43.957880075081974,-80.52846090919758,-115.27967910620656,FLAT
2026-10-02T22:15:34.743770+00:00,2,PERP,DOT|GATE|HTX,DOT,GATE,HTX,10.414409304457806,0.9945072645097724,-0.10979261390465288,10.58232784609191,-18.493032502140405,39.34720851614726,20.0,57.78005538685267,-102.16329527508842,-123.23705651690457,FLAT
2026-10-02T22:15:35.052626+00:00,2,SPOT,ICP|BITGET|HTX,ICP,BITGET,HTX,-15.563192568867068,-0.7069567577644738,-0.2697628080397376,21.63276550207674,-77.28631795795305,46.22496147919763,60.0,123.70376775548458,-266.7203229053979,-236.19849204272197,FLAT
2026-10-02T22:15:35.600182+00:00,2,PERP,ICP|HTX|OKX,ICP,HTX,OKX,-21.095556278445393,0.7643179099404556,-33.46780635870592,16.18730886631244,-42.98434141848384,0.8828862164667051,20.0,43.9597799914324,-79.47631505121032,-104.31047256660503,FLAT
2026-10-02T22:34:17.954915+00:00,0,PERP,OP|GATE|OKX,OP,GATE,OKX,0.2734394284598096,-0.15098448794098754,1.3558207314838224,7.168824544724507,-8.762904970388563,9.32470187148482,20.0,18.087099965350305,-54.20582566722269,-52.0559811053513,FLAT
2026-10-02T22:34:18.172233+00:00,0,PERP,OP|BITGET|GATE,OP,BITGET,GATE,-6.46594641770637,0.22149465335479457,-8.255235313122945,8.078248699531617,-21.379072229131822,8.468802706618206,21.999999999999996,29.867171223605418,-70.99100813961428,-74.59120924334655,FLAT
2026-10-02T22:34:18.883935+00:00,0,PERP,ICP|HTX|MEXC,ICP,HTX,MEXC,-12.205372181087748,1.2197385980151945,-32.65518956892298,16.765737692577705,-42.91845493562207,18.67869256860999,26.0,61.67194579580811,-103.93521116250722,-145.0058279333411,FLAT
2026-10-02T22:34:19.331665+00:00,0,PERP,DOT|GATE|HTX,DOT,GATE,HTX,-6.998593667589814,-0.6509721824796062,-0.10979261390465288,10.58232784609191,-37.84245330014202,23.872298269633774,20.0,61.75796161699207,-125.49062230322944,-111.74005250053051,FLAT
2026-10-02T22:34:19.543280+00:00,0,SPOT,ICP|BITGET|HTX,ICP,BITGET,HTX,11.289727385221937,0.5343510145363508,-0.2697628080397376,21.63276550207674,-35.84997424097014,58.49437745542918,60.0,94.23791494774453,-195.81812638067493,-219.00205521121342,FLAT
2026-10-02T22:34:20.066032+00:00,0,PERP,ICP|HTX|OKX,ICP,HTX,OKX,-19.890655828225245,0.8648871219972871,-33.892223989005885,16.188896567735643,-49.049662783567925,9.430681467776925,20.0,58.59644582678623,-99.75388462134828,-127.91935128356904,FLAT
2026-10-02T22:34:30.305509+00:00,1,PERP,OP|GATE|OKX,OP,GATE,OKX,0.642152128047524,-0.09955169065498788,1.3558207314838224,7.168824544724507,-9.771666777226296,11.07466602782159,20.0,20.844977474709044,-57.97246498341916,-56.56382277104681,FLAT
2026-10-02T22:34:30.517280+00:00,1,PERP,OP|BITGET|GATE,OP,BITGET,GATE,-7.535835619281173,0.08905391757541259,-8.255235313122945,8.078248699531617,-24.21354462735281,9.168258939702412,21.999999999999996,33.40695764559862,-77.36526695982847,-78.83045189842397,FLAT
2026-10-02T22:34:31.219969+00:00,1,PERP,ICP|HTX|MEXC,ICP,HTX,MEXC,-4.520088533951361,1.6781308136192064,-32.65518956892298,16.765737692577705,-33.7216431637033,24.84403330249574,26.0,58.5917091817628,-91.65816277654312,-148.09093205318152,FLAT
2026-10-02T22:34:31.676814+00:00,1,PERP,DOT|GATE|HTX,DOT,GATE,HTX,-14.069872628951208,-1.3191880102450295,-0.10979261390465288,10.58232784609191,-46.27348038531376,18.161934433682525,20.0,64.52619000540525,-136.68987777681437,-108.79791705299243,FLAT
2026-10-02T22:34:31.878335+00:00,1,SPOT,ICP|BITGET|HTX,ICP,BITGET,HTX,1.4778482441624163,0.08078537402138361,-0.2697628080397376,21.63276550207674,-46.037120983096756,49.057572688921965,60.0,95.08059810712587,-206.84795628218288,-210.40793360408756,FLAT
2026-10-02T22:34:32.361801+00:00,1,PERP,ICP|HTX|OKX,ICP,HTX,OKX,-10.668315451660693,1.4345578427890062,-33.892223989005885,16.188896567735643,-39.85285101164915,18.67869256860999,20.0,58.59360209058798,-90.55422911323124,-137.16451864820385,FLAT
2026-10-02T22:34:42.604732+00:00,2,PERP,OP|GATE|OKX,OP,GATE,OKX,3.0545583654584263,0.23696180920269477,1.3558207314838224,7.168824544724507,-7.58289983411875,13.710613926813942,20.0,21.286995281388027,-56.2257158469906,-59.64178847671815,FLAT
2026-10-02T22:34:42.815093+00:00,2,PERP,OP|BITGET|GATE,OP,BITGET,GATE,-9.057518484472116,-0.09931399752469709,-8.255235313122945,8.078248699531617,-22.096558543636124,3.991961158409385,21.999999999999996,26.112166667766953,-67.95348989828013,-66.35936313929928,FLAT
2026-10-02T22:34:43.662370+00:00,2,PERP,ICP|HTX|MEXC,ICP,HTX,MEXC,-7.58720481427555,1.4951912772526066,-32.65518956892298,16.765737692577705,-45.89963280293485,31.009374036383708,26.0,76.96635295339901,-122.21079618741089,-172.63091655870568,FLAT
2026-10-02T22:34:44.113577+00:00,2,PERP,DOT|GATE|HTX,DOT,GATE,HTX,-2.662252695596612,-0.24120024618539776,-0.10979261390465288,10.58232784609191,-25.193045880470557,19.88825246931558,20.0,45.09329470518145,-96.17654797174735,-91.09133978840168,FLAT
2026-10-02T22:34:44.325786+00:00,2,SPOT,ICP|BITGET|HTX,ICP,BITGET,HTX,9.976290511333197,0.47363585198523583,-0.2697628080397376,21.63276550207674,-45.765416986330855,65.7982999522777,60.0,111.45247091563012,-222.94812509392122,-243.52053367594755,FLAT
2026-10-02T22:34:44.810659+00:00,2,PERP,ICP|HTX|OKX,ICP,HTX,OKX,-13.72976685219407,1.245449747143079,-33.892223989005885,16.188896567735643,-52.01958384332905,24.84403330249574,20.0,76.96824353499923,-121.0956033893224,-161.70450082650086,FLAT
2026-10-02T22:51:48.984457+00:00,0,PERP,OP|GATE|OKX,OP,GATE,OKX,2.465814508969544,0.14136728730797848,1.4559606764019222,7.143476060112724,-6.852970500830224,11.798977565580238,20.0,18.647338895063506,-52.95627007229565,-54.99035578424182,FLAT
2026-10-02T22:51:49.354395+00:00,0,PERP,OP|BITGET|GATE,OP,BITGET,GATE,-4.982463846295859,0.3808255971702728,-8.088337164974812,8.15563171634776,-20.664313227871656,10.724476494288204,21.999999999999996,31.40441680257139,-71.98039286546823,-78.2172304618344,FLAT
2026-10-02T22:51:50.125219+00:00,0,PERP,ICP|HTX|MEXC,ICP,HTX,MEXC,-26.2927566925919,0.34027404885205365,-32.10218706558732,17.072798800243742,-64.22018348623992,11.91353267570916,26.0,76.33339628571976,-140.45139270637236,-152.34911602701624,FLAT
2026-10-02T22:51:50.655678+00:00,0,PERP,ICP|BITGET|HTX,ICP,BITGET,HTX,16.290034161781097,-0.469317880019489,24.927823942284576,18.404987638963988,-24.177291979292637,56.78803660412291,21.999999999999996,80.83363868715612,-157.93875460873335,-140.69385134899446,FLAT
2026-10-02T22:51:51.170843+00:00,0,PERP,DOT|GATE|HTX,DOT,GATE,HTX,4.496513989178386,0.4338006701976715,-0.09781174954950583,10.590868235944354,-22.45339613980657,31.470022988677737,20.0,53.899172962227574,-102.25475735248463,-111.46700770045481,FLAT
2026-10-02T22:51:51.508494+00:00,0,SPOT,ICP|BITGET|HTX,ICP,BITGET,HTX,-20.919078795633705,-0.9545388908141051,-0.2697628080397376,21.63276550207674,-72.99262028767406,31.22090088642615,60.0,104.4319408183099,-243.1547982979442,-201.9226045127758,FLAT
2026-10-02T22:51:52.264058+00:00,0,PERP,ICP|HTX|OKX,ICP,HTX,OKX,-32.43136709007332,0.05274573451726236,-33.29683989736726,16.40839425623494,-70.33639143731007,5.752355117141228,20.0,76.33529152607373,-139.37484306601652,-141.38448654058223,FLAT
2026-10-02T22:52:02.634412+00:00,1,PERP,OP|GATE|OKX,OP,GATE,OKX,3.8811547471206964,0.33949775295817325,1.4559606764019222,7.143476060112724,-8.374550868289754,16.16138577000381,20.0,24.52639305072939,-60.356904595421064,-65.23181814433127,FLAT
2026-10-02T22:52:02.978125+00:00,1,PERP,OP|BITGET|GATE,OP,BITGET,GATE,-11.240194457937669,-0.3864639064862429,-8.088337164974812,8.15563171634776,-27.536685073594747,5.07693877647819,21.999999999999996,32.650310368202874,-80.0986582768228,-73.81558630965587,FLAT
2026-10-02T22:52:03.729321+00:00,1,PERP,ICP|HTX|MEXC,ICP,HTX,MEXC,-29.362061891333724,0.16049654226666568,-32.10218706558732,17.072798800243742,-67.27828746177389,8.832943896424084,26.0,76.33434361418598,-143.51044401037254,-149.26947457619738,FLAT
2026-10-02T22:52:04.623719+00:00,1,PERP,ICP|BITGET|HTX,ICP,BITGET,HTX,16.00277021742036,-0.4849258201059355,24.927823942284576,18.404987638963988,-24.177291979292637,56.210983697326796,21.999999999999996,80.25982785998967,-157.36494378156686,-139.5429876150319,FLAT
2026-10-02T22:52:05.131455+00:00,1,PERP,DOT|GATE|HTX,DOT,GATE,HTX,-4.239481053763816,-0.39106041279579856,-0.09781174954950583,10.590868235944354,-31.175027786536358,22.719631336691748,20.0,53.917507044005966,-110.99472308099281,-102.73495013024721,FLAT
2026-10-02T22:52:05.463581+00:00,1,SPOT,ICP|BITGET|HTX,ICP,BITGET,HTX,-21.645958378737618,-0.9881397534978027,-0.2697628080397376,21.63276550207674,-73.99671582523304,30.76923076922977,60.0,104.99317475765615,-244.72012777484946,-202.03216833492567,FLAT
2026-10-02T22:52:06.006737+00:00,1,PERP,ICP|HTX|OKX,ICP,HTX,OKX,-32.43136709007332,0.05274573451726236,-33.29683989736726,16.40839425623494,-70.33639143731007,5.752355117141228,20.0,76.33529152607373,-139.37484306601652,-141.38448654058223,FLAT
2026-10-02T22:52:16.383562+00:00,2,PERP,OP|GATE|OKX,OP,GATE,OKX,1.6339927566932921,0.024922331760227193,1.4559606764019222,7.143476060112724,-9.875063440122345,13.164844707853618,20.0,23.036123443305584,-60.36714755982985,-60.74500747475728,FLAT
2026-10-02T22:52:16.729834+00:00,2,PERP,OP|BITGET|GATE,OP,BITGET,GATE,-10.192471219414578,-0.2579976791033958,-8.088337164974812,8.15563171634776,-25.10726670974517,4.734237046866152,21.999999999999996,29.871945895893067,-74.89087544066342,-70.69452010773402,FLAT
2026-10-02T22:52:17.844403+00:00,2,PERP,ICP|HTX|MEXC,ICP,HTX,MEXC,-23.22345149385341,0.5200515554372465,-32.10218706558732,17.072798800243742,-61.16207951070485,14.994121454994236,26.0,76.33244954013522,-137.39234198525276,-155.42875806071677,FLAT
2026-10-02T22:52:18.358223+00:00,2,PERP,ICP|BITGET|HTX,ICP,BITGET,HTX,13.963152155718195,-0.5957445884589347,24.927823942284576,18.404987638963988,-26.353509042797985,54.31284132841441,21.999999999999996,80.55385827028681,-159.83519125536935,-137.93887565641666,FLAT
2026-10-02T22:52:18.849717+00:00,2,PERP,DOT|GATE|HTX,DOT,GATE,HTX,-1.8073171470711635,-0.16141314946396615,-0.09781174954950583,10.590868235944354,-28.633580249379786,25.04241600169488,20.0,53.68568869527548,-108.22145719510576,-104.82591644651986,FLAT
2026-10-02T22:52:19.184532+00:00,2,SPOT,ICP|BITGET|HTX,ICP,BITGET,HTX,-24.465433068725506,-1.11847328342569,-0.2697628080397376,21.63276550207674,-76.5531586220114,27.68378960319895,60.0,104.49255751068787,-246.77595332465953,-198.44610992192656,FLAT
2026-10-02T22:52:20.190377+00:00,2,PERP,ICP|HTX|OKX,ICP,HTX,OKX,-29.80459676619529,0.21283271700062764,-33.29683989736726,16.40839425623494,-67.27828746177389,7.94125731895301,20.0,75.44341608406528,-135.4248636484719,-142.68151330038555,FLAT
2026-10-02T23:23:27.303461+00:00,0,PERP,OP|GATE|OKX,OP,GATE,OKX,2.781484703724413,0.17858527426035742,1.5008094272899515,7.171225520909297,-8.669540457695302,14.253984928496166,20.0,22.917130903160427,-59.08748078814568,-61.67030640436664,FLAT
2026-10-02T23:23:27.550119+00:00,0,PERP,OP|BITGET|GATE,OP,BITGET,GATE,-10.831219485656352,-0.3223136179528631,-8.214048512781677,8.119951584724614,-27.421578607784713,5.783220619675067,21.999999999999996,33.24078558776304,-80.44831568276608,-75.2380547202198,FLAT
2026-10-02T23:23:28.252443+00:00,0,PERP,ICP|HTX|MEXC,ICP,HTX,MEXC,7.668711656443339,2.1921841658321997,-31.327911280597718,17.788935594394783,-48.810250152531154,64.77483035163489,26.0,113.494581952376,-162.97692082430945,-241.5973235846086,FLAT
2026-10-02T23:23:28.723323+00:00,0,PERP,ICP|BITGET|HTX,ICP,BITGET,HTX,-13.78465308623067,-1.9580849564946834,24.060613167946318,19.327693687983118,-73.48438456827976,45.96996628869032,21.999999999999996,119.6192165769136,-245.16421431313967,-169.52856969765762,FLAT
2026-10-02T23:23:29.158990+00:00,0,PERP,DOT|GATE|HTX,DOT,GATE,HTX,-7.404369398165134,-0.690322441984387,-0.09531421731524047,10.587885799916094,-35.332759266791804,20.54845475731204,20.0,55.922610506702085,-117.16005555617865,-102.56637948132936,FLAT
2026-10-02T23:23:29.427992+00:00,0,SPOT,ICP|BITGET|HTX,ICP,BITGET,HTX,9.354379308930127,0.4689375200692235,-1.792245543337743,23.769957350869323,-50.45271280991859,69.2360761783406,60.0,119.57688573084657,-234.23735299742742,-256.60520745252495,FLAT
2026-10-02T23:23:29.957121+00:00,0,PERP,ICP|HTX|OKX,ICP,HTX,OKX,1.5337423312877796,2.0085633046381703,-32.60775872167182,16.997971123996994,-54.911531421597545,58.605798889574956,20.0,113.49646211437681,-161.80023481430254,-230.7100197256236,FLAT
2026-10-02T23:23:40.260124+00:00,1,PERP,OP|GATE|OKX,OP,GATE,OKX,0.6814892142670281,-0.1142510733533639,1.5008094272899515,7.171225520909297,-10.490217711146554,11.873317882413748,20.0,22.36199354314431,-60.353020681580816,-58.7345019982681,FLAT
2026-10-02T23:23:40.550451+00:00,1,PERP,OP|BITGET|GATE,OP,BITGET,GATE,-7.833030254694728,0.0469237105802116,-8.214048512781677,8.119951584724614,-24.561401719082056,8.921313428886801,21.999999999999996,33.50894265773286,-77.85629586403324,-78.64430459940134,FLAT
2026-10-02T23:23:41.242369+00:00,1,PERP,ICP|HTX|MEXC,ICP,HTX,MEXC,7.668711656443339,2.1921841658321997,-31.327911280597718,17.788935594394783,-48.810250152531154,64.77483035163489,26.0,113.494581952376,-162.97692082430945,-241.5973235846086,FLAT
2026-10-02T23:23:41.701394+00:00,1,PERP,ICP|BITGET|HTX,ICP,BITGET,HTX,-13.78465308623067,-1.9580849564946834,24.060613167946318,19.327693687983118,-73.48438456827976,45.96996628869032,21.999999999999996,119.6192165769136,-245.16421431313967,-169.52856969765762,FLAT
2026-10-02T23:23:42.142656+00:00,1,PERP,DOT|GATE|HTX,DOT,GATE,HTX,-7.404369398165134,-0.690322441984387,-0.09531421731524047,10.587885799916094,-35.332759266791804,20.54845475731204,20.0,55.922610506702085,-117.16005555617865,-102.56637948132936,FLAT
2026-10-02T23:23:42.404446+00:00,1,SPOT,ICP|BITGET|HTX,ICP,BITGET,HTX,9.224173857287354,0.46345978825335166,-1.792245543337743,23.769957350869323,-51.807028696051475,70.3434971721184,60.0,122.03789242317454,-238.05267557588826,-260.1736351386307,FLAT
2026-10-02T23:23:42.906543+00:00,1,PERP,ICP|HTX|OKX,ICP,HTX,OKX,1.5337423312877796,2.0085633046381703,-32.60775872167182,16.997971123996994,-54.911531421597545,58.605798889574956,20.0,113.49646211437681,-161.80023481430254,-230.7100197256236,FLAT
2026-10-02T23:23:53.153444+00:00,2,PERP,OP|GATE|OKX,OP,GATE,OKX,1.1333633817822708,-0.051238947155728166,1.5008094272899515,7.171225520909297,-11.015009236124973,13.304687090760492,20.0,24.31691867686312,-62.83273734027805,-62.12079634033367,FLAT
2026-10-02T23:23:53.415841+00:00,2,PERP,OP|BITGET|GATE,OP,BITGET,GATE,-5.070938856194251,0.38708477800536334,-8.214048512781677,8.119951584724614,-19.395228064873482,9.2647550413405,21.999999999999996,28.67451924131805,-67.85569879340986,-74.15332279544022,FLAT
2026-10-02T23:23:54.238568+00:00,2,PERP,ICP|HTX|MEXC,ICP,HTX,MEXC,4.601226993865559,2.0197463802041304,-31.327911280597718,17.788935594394783,-51.86089078706324,61.690314620603814,26.0,113.49552174513994,-166.02850125160546,-238.51374764634147,FLAT
2026-10-02T23:23:54.707659+00:00,2,PERP,ICP|BITGET|HTX,ICP,BITGET,HTX,-12.866482650291111,-1.9105795246122221,24.060613167946318,19.327693687983118,-71.6596924678503,45.96996628869032,21.999999999999996,117.78118582079576,-241.50149145659236,-167.69053894153976,FLAT
2026-10-02T23:23:55.156271+00:00,2,PERP,DOT|GATE|HTX,DOT,GATE,HTX,-5.188007913062842,-0.4809925033180807,-0.09531421731524047,10.587885799916094,-35.436468779294074,25.10067058628218,20.0,60.56853565135797,-121.9096902133368,-111.76452045495539,FLAT
2026-10-02T23:23:55.411649+00:00,2,SPOT,ICP|BITGET|HTX,ICP,BITGET,HTX,9.527413339334156,0.4762170463994506,-1.792245543337743,23.769957350869323,-51.209921028467775,70.34882574167733,60.0,121.44298486484242,-236.86066034997242,-259.5840561498575,FLAT
2026-10-02T23:23:55.913340+00:00,2,PERP,ICP|HTX|OKX,ICP,HTX,OKX,1.5337423312877796,2.0085633046381703,-32.60775872167182,16.997971123996994,-54.911531421597545,58.605798889574956,20.0,113.49646211437681,-161.80023481430254,-230.7100197256236,FLAT
2026-10-03T00:19:14.315745+00:00,0,PERP,OP|GATE|OKX,OP,GATE,OKX,2.945899635948823,0.2377784893854478,1.2504321524051583,7.13044938558445,-8.687429677419756,14.602852595082538,20.0,23.28339925498359,-59.2212610848085,-62.63581969766097,FLAT
2026-10-03T00:19:14.545490+00:00,0,PERP,OP|BITGET|GATE,OP,BITGET,GATE,-7.4228888542404725,0.0635270469302957,-7.9323791975546225,8.02005394447474,-24.29683657698245,9.473870152225672,21.999999999999996,33.79577755079482,-78.16023493022263,-79.2020269005751,FLAT
2026-10-03T00:19:15.323748+00:00,0,PERP,ICP|HTX|MEXC,ICP,HTX,MEXC,9.059338668278016,2.2239761213206086,-30.612320945645845,17.838167970241795,-30.084235860406984,48.4995453167647,26.0,78.51153521397042,-109.98345012873156,-189.62340147638096,FLAT
2026-10-03T00:19:15.824981+00:00,0,PERP,DOT|GATE|HTX,DOT,GATE,HTX,-2.1926066968103175,-0.17705099997794482,-0.3213563601960684,10.568990499050274,-29.879947500419668,25.542512089207214,20.0,55.43457302331564,-110.99316416353923,-107.29844147271892,FLAT
2026-10-03T00:19:16.055171+00:00,0,SPOT,ICP|BITGET|HTX,ICP,BITGET,HTX,-17.349756641609204,-0.7311012339129975,-1.3509685740055764,21.883136459741653,-90.3356052547244,55.765951162789484,60.0,146.3553639898387,-301.3400006705575,-269.47228372663375,FLAT
2026-10-03T00:19:16.660792+00:00,0,PERP,ICP|HTX|OKX,ICP,HTX,OKX,2.220446049250313e-12,1.8368343676892915,-32.04961607517707,17.448288554997582,-39.109506618529856,39.4058805698716,20.0,78.51426845840194,-111.57415900175474,-175.9697651034506,FLAT
2026-10-03T00:19:26.915799+00:00,1,PERP,OP|GATE|OKX,OP,GATE,OKX,2.4625333270500427,0.16998945074841648,1.2504321524051583,7.13044938558445,-10.617748870794808,15.570174600771924,20.0,26.181447620231825,-64.04962864343179,-66.50119006859859,FLAT
2026-10-03T00:19:27.166872+00:00,1,PERP,OP|BITGET|GATE,OP,BITGET,GATE,-11.341496775248983,-0.4250741455477373,-7.9323791975546225,8.02005394447474,-28.578613059491165,5.919151290623148,21.999999999999996,34.53691833329293,-83.18315219522947,-76.3884488214707,FLAT
2026-10-03T00:19:27.924184+00:00,1,PERP,ICP|HTX|MEXC,ICP,HTX,MEXC,6.039559112187565,2.054688582312783,-30.612320945645845,17.838167970241795,-33.09265944644868,45.468323734467745,26.0,78.51244574552935,-112.99278424633218,-186.59309042564294,FLAT
2026-10-03T00:19:28.806719+00:00,1,PERP,DOT|GATE|HTX,DOT,GATE,HTX,1.986880267816904,0.21839707663852945,-0.3213563601960684,10.568990499050274,-21.285016420677927,25.27885624595161,20.0,46.55461416360579,-93.51827422408765,-98.15482676975347,FLAT
2026-10-03T00:19:29.039208+00:00,1,SPOT,ICP|BITGET|HTX,ICP,BITGET,HTX,-21.745885557645785,-0.9319924052551005,-1.3509685740055764,21.883136459741653,-93.0985776877724,49.71064009356985,60.0,143.12037020536133,-300.86797931912815,-260.1819788729367,FLAT
2026-10-03T00:19:29.562270+00:00,1,PERP,ICP|HTX|OKX,ICP,HTX,OKX,3.019779556092672,2.0099046116030146,-32.04961607517707,17.448288554997582,-36.10108303249149,42.43710215216856,20.0,78.51335682684052,-108.56482378415494,-179.00007505418614,FLAT
2026-10-03T00:19:39.814478+00:00,2,PERP,OP|GATE|OKX,OP,GATE,OKX,4.250366876494827,0.42072169113977625,1.2504321524051583,7.13044938558445,-9.105235035837822,17.6350462184649,20.0,26.728888877060825,-63.08455606530381,-69.11350294312057,FLAT
2026-10-03T00:19:40.042884+00:00,2,PERP,OP|BITGET|GATE,OP,BITGET,GATE,-8.911514742219184,-0.12208590508784772,-7.9323791975546225,8.02005394447474,-27.450131121338206,9.655656072280472,21.999999999999996,37.138861571040394,-84.65661349482397,-82.7268968408755,FLAT
2026-10-03T00:19:40.826714+00:00,2,PERP,ICP|HTX|MEXC,ICP,HTX,MEXC,-9.059338668275796,1.208250887273033,-30.612320945645845,17.838167970241795,-48.134777376654945,30.312215822978494,26.0,78.51700665960405,-128.03946309061314,-171.44154342822839,FLAT
2026-10-03T00:19:41.461382+00:00,2,PERP,DOT|GATE|HTX,DOT,GATE,HTX,3.2801608355814693,0.340762648627716,-0.3213563601960684,10.568990499050274,-27.068117320443452,33.678756476684946,20.0,60.72691271437576,-113.47367367462314,-120.72702555125677,FLAT
2026-10-03T00:19:41.699269+00:00,2,SPOT,ICP|BITGET|HTX,ICP,BITGET,HTX,-5.718500826851214,-0.19958438137424106,-1.3509685740055764,21.883136459741653,-75.93333410727988,64.59708056529622,60.0,140.6107507143448,-281.19311624761906,-272.5587998536466,FLAT
2026-10-03T00:19:42.310687+00:00,2,PERP,ICP|HTX|OKX,ICP,HTX,OKX,-12.079118224368468,1.144553392033891,-32.04961607517707,17.448288554997582,-51.14320096269553,27.280994240679313,20.0,78.51792049717103,-123.6115053846895,-163.84853081302742,FLAT
2026-10-03T00:43:57.941987+00:00,0,PERP,OP|GATE|OKX,OP,GATE,OKX,5.129133291874588,0.5505834396220363,1.164672832491723,7.200471670750544,-6.534747812643182,16.816186046333392,20.0,23.33894001181254,-57.03836065694745,-64.9904532256542,FLAT
2026-10-03T00:43:58.300275+00:00,0,PERP,OP|BITGET|GATE,OP,BITGET,GATE,-14.003282655939975,-0.7594796655809293,-7.824729320660386,8.135245241297655,-31.423710880181808,3.4434171791342116,21.999999999999996,34.916002128939155,-86.51498368846057,-74.18414862873375,FLAT
2026-10-03T00:43:59.060088+00:00,0,PERP,ICP|HTX|MEXC,ICP,HTX,MEXC,-13.167113349127346,0.9923088748390715,-30.696140225186923,17.66488975411246,-42.181379933715625,16.007872727272776,26.0,58.26552763227739,-101.75076734080608,-136.96954058473708,FLAT
2026-10-03T00:43:59.532991+00:00,0,PERP,DOT|GATE|HTX,DOT,GATE,HTX,-3.6053957742054887,-0.3096730115477661,-0.3336669569614801,10.565108017943484,-32.067340280321766,24.900868017700972,20.0,56.9887205083681,-114.72239383172837,-108.22325548303054,FLAT
2026-10-03T00:43:59.884727+00:00,0,SPOT,ICP|BITGET|HTX,ICP,BITGET,HTX,-10.371395370263325,-0.4298208437075612,-0.9311100694166551,21.963302708673645,-60.37342781599286,39.70204851329706,60.0,100.17932531088991,-225.62164305746612,-206.81248389360363,FLAT
2026-10-03T00:44:00.389565+00:00,0,PERP,ICP|HTX|OKX,ICP,HTX,OKX,-16.18839088252666,0.9452737373474623,-32.2594308102003,17.00146665744747,-45.194335643268246,12.97822727272857,20.0,58.266443129610614,-97.20134796267857,-129.5041012125395,FLAT
2026-10-03T00:44:10.742530+00:00,1,PERP,OP|GATE|OKX,OP,GATE,OKX,3.167551993925599,0.27815943913367347,1.164672832491723,7.200471670750544,-9.198548202964396,15.559493208239239,20.0,24.750174693318737,-61.11339572877486,-65.14499506906625,FLAT
2026-10-03T00:44:11.090514+00:00,1,PERP,OP|BITGET|GATE,OP,BITGET,GATE,-9.012562413076575,-0.14601072950896282,-7.824729320660386,8.135245241297655,-25.207809873040166,7.201423433516041,21.999999999999996,32.438457834967416,-77.82153838734719,-75.46461058914383,FLAT
2026-10-03T00:44:11.817962+00:00,1,PERP,ICP|HTX|MEXC,ICP,HTX,MEXC,-13.167113349127346,0.9923088748390715,-30.696140225186923,17.66488975411246,-42.181379933715625,16.007872727272776,26.0,58.26552763227739,-101.75076734080608,-136.96954058473708,FLAT
2026-10-03T00:44:12.282105+00:00,1,PERP,DOT|GATE|HTX,DOT,GATE,HTX,1.6775228375176532,0.1903614985349307,-0.3336669569614801,10.565108017943484,-24.150645664401395,27.549879822759138,20.0,51.69181629898912,-101.50879500642904,-105.57536307870974,FLAT
2026-10-03T00:44:12.614105+00:00,1,SPOT,ICP|BITGET|HTX,ICP,BITGET,HTX,-9.23691402358262,-0.37816734870597923,-0.9311100694166551,21.963302708673645,-56.48460060687421,38.075073532415345,60.0,94.64705508540078,-216.20054562285833,-199.65323868723277,FLAT
2026-10-03T00:44:13.139678+00:00,1,PERP,ICP|HTX|OKX,ICP,HTX,OKX,-16.18839088252666,0.9452737373474623,-32.2594308102003,17.00146665744747,-45.194335643268246,12.97822727272857,20.0,58.266443129610614,-97.20134796267857,-129.5041012125395,FLAT
2026-10-03T00:44:23.491948+00:00,2,PERP,OP|GATE|OKX,OP,GATE,OKX,4.212002168728635,0.42321246101358134,1.164672832491723,7.200471670750544,-8.466759898123621,16.917934969327142,20.0,25.373978259868718,-61.005410990484066,-67.12724039670414,FLAT
2026-10-03T00:44:23.876509+00:00,2,PERP,OP|BITGET|GATE,OP,BITGET,GATE,-11.096743550238486,-0.40220228555226445,-7.824729320660386,8.135245241297655,-26.017631990055136,3.836803794570187,21.999999999999996,29.88759591570518,-76.08049858509993,-69.54912903093575,FLAT
2026-10-03T00:44:25.018054+00:00,2,PERP,ICP|HTX|MEXC,ICP,HTX,MEXC,-7.124558282328719,1.3343746986799419,-30.696140225186923,17.66488975411246,-36.15546851461371,22.067163636365628,26.0,58.2636982983838,-95.72302658781058,-143.02700215993636,FLAT
2026-10-03T00:44:25.491726+00:00,2,PERP,DOT|GATE|HTX,DOT,GATE,HTX,-2.450147798656044,-0.20032742098802891,-0.3336669569614801,10.565108017943484,-23.86131982020312,18.979324369918782,20.0,42.85113553442757,-92.37878839766921,-88.16412686130784,FLAT
2026-10-03T00:44:25.842935+00:00,2,SPOT,ICP|BITGET|HTX,ICP,BITGET,HTX,-13.612411880139508,-0.5773859231888113,-0.9311100694166551,21.963302708673645,-61.3928611691128,34.23839613845958,60.0,95.76156012245286,-222.223311222149,-196.9310663303291,FLAT
2026-10-03T00:44:26.339289+00:00,2,PERP,ICP|HTX|OKX,ICP,HTX,OKX,-13.167113349127346,1.1229806137172047,-32.2594308102003,17.00146665744747,-42.181379933715625,16.007872727272776,20.0,58.26552763227739,-94.18747675579272,-132.53283116975047,FLAT
2026-10-03T01:01:43.637693+00:00,0,PERP,OP|GATE|OKX,OP,GATE,OKX,1.9004308356374011,0.12044747304806952,1.0251066868931544,7.267268682298653,-8.625004585278706,12.445036064698822,20.0,21.06601975767223,-56.71613102984409,-58.485949135477895,FLAT
2026-10-03T01:01:43.957420+00:00,0,PERP,OP|BITGET|GATE,OP,BITGET,GATE,-9.13537584498303,-0.14338808683624593,-7.979602318733302,8.060457125490906,-25.312429777452074,7.06629700201411,21.999999999999996,32.40831427380392,-77.74114173252268,-75.45421359455132,FLAT
2026-10-03T01:01:44.712156+00:00,0,PERP,ICP|HTX|MEXC,ICP,HTX,MEXC,-5.188327210619015,1.4081644053609337,-30.265390611149087,17.808334953689194,-27.149321266969338,16.86291515151428,26.0,44.03489810784796,-72.91882876366822,-123.16320387051132,FLAT
2026-10-03T01:01:45.172665+00:00,0,PERP,DOT|GATE|HTX,DOT,GATE,HTX,7.33107629759866,0.6982734512675287,-0.2457013577477636,10.850731388387757,-10.34482758620614,25.022231176987653,20.0,35.341143324837645,-71.44026955329602,-86.60907585957307,FLAT
2026-10-03T01:01:45.479492+00:00,0,SPOT,ICP|BITGET|HTX,ICP,BITGET,HTX,-24.777725169536915,-1.0693864597408202,-1.2789549006205192,21.974067517753713,-89.76602119153299,40.29162212946025,60.0,130.38064639261341,-284.8677126835259,-237.95122342269417,FLAT
2026-10-03T01:01:45.983965+00:00,0,PERP,ICP|HTX|OKX,ICP,HTX,OKX,-8.21110406614256,1.3800277716422287,-31.830803299490373,17.11537964575919,-30.165912518853588,13.833927272726143,20.0,44.03581305141967,-68.37092227078288,-115.70054362363618,FLAT
2026-10-03T01:01:56.300688+00:00,1,PERP,OP|GATE|OKX,OP,GATE,OKX,0.015931291805770798,-0.13886584344204805,1.0251066868931544,7.267268682298653,-10.440891113883133,10.490368016955465,20.0,20.93121096170579,-58.39720876248207,-56.3964722917681,FLAT
2026-10-03T01:01:56.614562+00:00,1,PERP,OP|BITGET|GATE,OP,BITGET,GATE,-8.679907134772069,-0.0868815260891443,-7.979602318733302,8.060457125490906,-25.836451045714306,8.502116726716302,21.999999999999996,34.36838030070101,-80.225229027682,-78.85009934615061,FLAT
2026-10-03T01:01:57.343932+00:00,1,PERP,ICP|HTX|MEXC,ICP,HTX,MEXC,-5.188327210619015,1.4081644053609337,-30.265390611149087,17.808334953689194,-27.149321266969338,16.86291515151428,26.0,44.03489810784796,-72.91882876366822,-123.16320387051132,FLAT
2026-10-03T01:01:57.809705+00:00,1,PERP,DOT|GATE|HTX,DOT,GATE,HTX,5.809759706543183,0.5580693915961631,-0.2457013577477636,10.850731388387757,-18.94918173987903,30.611425814650595,20.0,49.53179394086184,-94.23527432299309,-106.38892111326018,FLAT
2026-10-03T01:01:58.123710+00:00,1,SPOT,ICP|BITGET|HTX,ICP,BITGET,HTX,-13.833090985171381,-0.5713159875570548,-1.2789549006205192,21.974067517753713,-68.19286063198926,40.599417059887784,60.0,108.94293080646815,-241.8568365378369,-216.82130276697646,FLAT
2026-10-03T01:01:58.739588+00:00,1,PERP,ICP|HTX|OKX,ICP,HTX,OKX,-8.21110406614256,1.3800277716422287,-31.830803299490373,17.11537964575919,-30.165912518853588,13.833927272726143,20.0,44.03581305141967,-68.37092227078288,-115.70054362363618,FLAT
2026-10-03T01:02:09.090661+00:00,2,PERP,OP|GATE|OKX,OP,GATE,OKX,0.9888671590818632,-0.004986677855954627,1.0251066868931544,7.267268682298653,-8.689891389748183,10.6838464620429,20.0,19.371808656347095,-55.086806732988435,-55.03054843149685,FLAT
2026-10-03T01:02:09.390311+00:00,2,PERP,OP|BITGET|GATE,OP,BITGET,GATE,-8.280043916445434,-0.03727351849090502,-7.979602318733302,8.060457125490906,-20.576015661013525,4.025466983861303,21.999999999999996,24.621865959239976,-65.2182793015202,-64.62693526183457,FLAT
2026-10-03T01:02:10.139351+00:00,2,PERP,ICP|HTX|MEXC,ICP,HTX,MEXC,-8.21110406614256,1.2384249623762684,-30.265390611149087,17.808334953689194,-30.165912518853588,13.833927272726143,26.0,44.03581305141967,-75.93633495912417,-120.1351309352949,FLAT
2026-10-03T01:02:10.645200+00:00,2,PERP,DOT|GATE|HTX,DOT,GATE,HTX,10.124468529186803,0.9557116028171633,-0.2457013577477636,10.850731388387757,-10.34482758620614,30.611425814650595,20.0,40.91482170252985,-77.01394793098822,-97.7719488749282,FLAT
2026-10-03T01:02:10.946751+00:00,2,SPOT,ICP|BITGET|HTX,ICP,BITGET,HTX,-16.20455997044079,-0.6792372444364835,-1.2789549006205192,21.974067517753713,-74.67721216484424,42.347247428915495,60.0,117.21434674439651,-256.6126040086202,-226.8405490739325,FLAT
2026-10-03T01:02:11.486595+00:00,2,PERP,ICP|HTX|OKX,ICP,HTX,OKX,-9.937339211609775,1.2791690597003678,-31.830803299490373,17.11537964575919,-33.18250377073895,13.40335092863576,20.0,46.63199862037453,-73.98369909162311,-117.86615284850066,FLAT
2026-10-03T01:21:58.319590+00:00,0,PERP,OP|GATE|OKX,OP,GATE,OKX,3.641646342036342,0.35476136220365634,1.1005479401375584,7.162838664600757,-7.408859683424307,14.71454632176128,20.0,22.115329716418298,-56.624737339980165,-61.729328098042025,FLAT
2026-10-03T01:21:58.565483+00:00,0,PERP,OP|BITGET|GATE,OP,BITGET,GATE,-9.688175933577625,-0.20683282790621196,-8.03027321676125,8.015665277120075,-23.671955113001573,4.306460217262664,21.999999999999996,28.00554338037494,-71.64722527661526,-68.34227681439886,FLAT
2026-10-03T01:21:59.462733+00:00,0,PERP,ICP|HTX|MEXC,ICP,HTX,MEXC,-29.630629427569446,0.04303922633370687,-30.39195819587502,17.689183406843156,-54.364240410752494,-4.781257594170807,26.0,49.730065866294915,-105.7023480811724,-107.34076646799913,FLAT
2026-10-03T01:21:59.946491+00:00,0,PERP,DOT|GATE|HTX,DOT,GATE,HTX,-7.830922992809741,-0.7136532720791224,-0.06392125898148507,10.883438831857738,-31.37597377537493,15.734286223643146,20.0,47.14717196053957,-104.45922447693302,-88.9453794431642,FLAT
2026-10-03T01:22:00.200485+00:00,0,SPOT,ICP|BITGET|HTX,ICP,BITGET,HTX,29.533304844293617,1.4062862061009263,-1.1769655077972323,21.837852223011023,-23.643234275316782,82.79153122721539,60.0,106.12129156322621,-194.58756033074576,-256.08978829823883,FLAT
2026-10-03T01:22:00.663936+00:00,0,PERP,ICP|HTX|OKX,ICP,HTX,OKX,-35.685203206571316,-0.2170679860351812,-31.99956007912494,16.979210959505686,-60.404711567502154,-10.850000000002247,20.0,49.73191079024381,-104.13706227862102,-96.8814708693665,FLAT
2026-10-03T01:22:10.919524+00:00,1,PERP,OP|GATE|OKX,OP,GATE,OKX,6.666685357490376,0.7770854095682836,1.1005479401375584,7.162838664600757,-6.580253802968006,19.943518962985962,20.0,26.506068310738037,-60.1868700538436,-71.34903933358643,FLAT
2026-10-03T01:22:11.164744+00:00,1,PERP,OP|BITGET|GATE,OP,BITGET,GATE,-12.724543373819897,-0.5856369988973937,-8.03027321676125,8.015665277120075,-30.59753082173544,5.172735468519374,21.999999999999996,35.81582379443452,-86.38308139940871,-77.01883247971514,FLAT
2026-10-03T01:22:11.929630+00:00,1,PERP,ICP|HTX|MEXC,ICP,HTX,MEXC,-26.60334253806851,0.21417696739697228,-30.39195819587502,17.689183406843156,-51.34400483237877,-1.7468863912528665,26.0,49.72914424432497,-102.68119088082872,-110.37421604894712,FLAT
2026-10-03T01:22:12.393899+00:00,1,PERP,DOT|GATE|HTX,DOT,GATE,HTX,-9.215020173621857,-0.8408278905242245,-0.06392125898148507,10.883438831857738,-37.96390510683922,19.577506552104218,20.0,57.59445196287112,-121.49443581072885,-103.23587977395682,FLAT
2026-10-03T01:22:12.636050+00:00,1,SPOT,ICP|BITGET|HTX,ICP,BITGET,HTX,25.018097094504643,1.199525591381169,-1.1769655077972323,21.837852223011023,-27.280994240677092,77.3885559684251,60.0,104.40829186975077,-196.51232060263064,-248.9738133459731,FLAT
2026-10-03T01:22:13.218542+00:00,1,PERP,ICP|HTX|OKX,ICP,HTX,OKX,-29.630629427569446,0.13951947809619894,-31.99956007912494,16.979210959505686,-54.364240410752494,-4.781257594170807,20.0,49.730065866294915,-98.09474619792248,-102.94836835124906,FLAT
2026-10-03T01:22:23.471368+00:00,2,PERP,OP|GATE|OKX,OP,GATE,OKX,12.674075841208055,1.6157739191122187,1.1005479401375584,7.162838664600757,-0.5105389743531585,25.88627336486793,20.0,26.36337038177421,-53.97445729626493,-77.14909580650458,FLAT
2026-10-03T01:22:23.735443+00:00,2,PERP,OP|BITGET|GATE,OP,BITGET,GATE,-4.9751440955858595,0.381144797786898,-8.03027321676125,8.015665277120075,-20.76857939338206,10.830553186136349,21.999999999999996,31.61485666802747,-72.35316284464828,-78.47568307092507,FLAT
2026-10-03T01:22:24.442237+00:00,2,PERP,ICP|HTX|MEXC,ICP,HTX,MEXC,-20.548768759064416,0.5564524495236288,-30.39195819587502,17.689183406843156,-45.303533675626895,4.321856014579684,26.0,49.72730267783376,-96.63887815758564,-116.44111688828846,FLAT
2026-10-03T01:22:24.876162+00:00,2,PERP,DOT|GATE|HTX,DOT,GATE,HTX,-5.212887092703733,-0.47310100357713414,-0.06392125898148507,10.883438831857738,-30.71025868067956,20.30627712056088,20.0,51.04313470193783,-107.68947212363591,-97.41333308148019,FLAT
2026-10-03T01:22:25.155474+00:00,2,SPOT,ICP|BITGET|HTX,ICP,BITGET,HTX,16.149875038751205,0.7934315320757948,-1.1769655077972323,21.837852223011023,-36.7770501604614,69.15620160145464,60.0,105.76238731341118,-207.36247196607536,-242.09555442266304,FLAT
2026-10-03T01:22:25.668031+00:00,2,PERP,ICP|HTX|OKX,ICP,HTX,OKX,-22.027499773376036,0.5873099951188321,-31.99956007912494,16.979210959505686,-48.254107032753566,4.321856014579684,20.0,52.691743203827706,-94.94629015745633,-115.01315929753234,FLAT
2026-10-03T02:18:21.789201+00:00,0,PERP,OP|GATE|OKX,OP,GATE,OKX,5.793995017611131,0.6224289567474208,1.3035094180778122,7.214454839952987,-7.478856128797506,19.09537816924267,20.0,26.558815499562638,-61.34118104643796,-70.3506842507275,FLAT
2026-10-03T02:18:22.125168+00:00,0,PERP,OP|BITGET|GATE,OP,BITGET,GATE,-11.124550605843275,-0.38765174686109183,-8.019115408561014,8.010889212876524,-30.04482736691849,7.824253270163339,21.999999999999996,37.91123369112485,-87.93694564948233,-81.75460236984921,FLAT
2026-10-03T02:18:22.913528+00:00,0,PERP,ICP|HTX|MEXC,ICP,HTX,MEXC,22.628053052449193,2.7037724427592376,-28.983167203362793,19.088596155356186,-26.66666666666817,72.39762716936049,26.0,98.83836569256782,-128.5218651558732,-232.21916006529113,FLAT
2026-10-03T02:18:23.436167+00:00,0,PERP,DOT|GATE|HTX,DOT,GATE,HTX,-13.663781397245112,-1.1002584225751566,-0.9195041512086475,11.58298540101921,-44.95132596626594,17.67594429679331,20.0,62.712916343646405,-132.7447381587037,-107.30836479164837,FLAT
2026-10-03T02:18:23.771920+00:00,0,SPOT,ICP|BITGET|HTX,ICP,BITGET,HTX,-18.992347417091658,-0.7752760594303003,-2.088719740474717,21.803366002348007,-92.78033979833734,54.89875533253752,60.0,147.96003397555128,-304.65165403341393,-270.9475090485635,FLAT
2026-10-03T02:18:24.315906+00:00,0,PERP,ICP|HTX|OKX,ICP,HTX,OKX,19.65088743443255,2.755376972009802,-30.836962141780994,18.32339098754504,-29.62962962962945,69.40612208258479,20.0,98.83924830854538,-123.63191579639383,-225.08233253291115,FLAT
2026-10-03T02:18:34.699385+00:00,1,PERP,OP|GATE|OKX,OP,GATE,OKX,2.7871160779002757,0.20564362695936309,1.3035094180778122,7.214454839952987,-12.734349552974145,18.346310545280797,20.0,31.07195418488508,-71.10981315593703,-74.11475531208806,FLAT
2026-10-03T02:18:35.033041+00:00,1,PERP,OP|BITGET|GATE,OP,BITGET,GATE,-11.603194454726795,-0.4474009003151377,-8.019115408561014,8.010889212876524,-31.84717249555158,8.671714033829936,21.999999999999996,40.56593235849348,-92.39398944548404,-85.25676180088442,FLAT
2026-10-03T02:18:35.820356+00:00,1,PERP,ICP|HTX|MEXC,ICP,HTX,MEXC,13.361045130639848,2.2182989251475687,-28.983167203362793,19.088596155356186,-44.286979627990995,71.66318303971408,26.0,115.79176270273393,-163.09557512736214,-248.43811294581081,FLAT
2026-10-03T02:18:36.278084+00:00,1,PERP,DOT|GATE|HTX,DOT,GATE,HTX,-14.532622370557746,-1.1752685294890601,-0.9195041512086475,11.58298540101921,-47.00686135407972,17.99712813259191,20.0,65.0985473419836,-137.18590454485468,-110.01517962578416,FLAT
2026-10-03T02:18:36.610064+00:00,1,SPOT,ICP|BITGET|HTX,ICP,BITGET,HTX,8.38866843217101,0.4805399391780799,-2.088719740474717,21.803366002348007,-48.20599471720421,65.06806496693551,60.0,113.17905414441621,-225.29632912114573,-246.33583885182645,FLAT
2026-10-03T02:18:37.140330+00:00,1,PERP,ICP|HTX|OKX,ICP,HTX,OKX,7.422802850354238,2.088028630625278,-30.836962141780994,18.32339098754504,-50.191910245054316,65.69125111973494,20.0,115.79352218018278,-161.1484702834561,-238.3217354416987,FLAT
2026-10-03T02:18:47.511584+00:00,2,PERP,OP|GATE|OKX,OP,GATE,OKX,0.14286655119821745,-0.16087741799311867,1.3035094180778122,7.214454839952987,-14.259809387807687,14.576920695748008,20.0,28.83628396584263,-70.39960277172813,-68.10969524351282,FLAT
2026-10-03T02:18:47.851356+00:00,2,PERP,OP|BITGET|GATE,OP,BITGET,GATE,-7.240925798163156,0.09714147702192825,-8.019115408561014,8.010889212876524,-25.288858606371534,10.832988257374332,21.999999999999996,36.148002676809796,-81.41774587462032,-83.00010634274514,FLAT
2026-10-03T02:18:48.608271+00:00,2,PERP,ICP|HTX|MEXC,ICP,HTX,MEXC,13.361045130639848,2.2182989251475687,-28.983167203362793,19.088596155356186,-44.286979627990995,71.66318303971408,26.0,115.79176270273393,-163.09557512736214,-248.43811294581081,FLAT
2026-10-03T02:18:49.065905+00:00,2,PERP,DOT|GATE|HTX,DOT,GATE,HTX,-17.383462004552097,-1.4213915742218541,-0.9195041512086475,11.58298540101921,-46.005336853061074,11.26285509403857,20.0,57.367906797877154,-128.45373949972958,-95.55026604312437,FLAT
2026-10-03T02:18:49.478483+00:00,2,SPOT,ICP|BITGET|HTX,ICP,BITGET,HTX,8.85022478997799,0.5017089805892673,-2.088719740474717,21.803366002348007,-48.447627172045756,66.23540138303463,60.0,114.58155481063426,-226.94046224220529,-248.9056759341436,FLAT
2026-10-03T02:18:50.000491+00:00,2,PERP,ICP|HTX|OKX,ICP,HTX,OKX,11.876484560569,2.3310885376720725,-30.836962141780994,18.32339098754504,-47.23944493652321,71.66318303971408,20.0,118.75780142743368,-161.16028422217587,-247.25794660892873,FLAT
2026-10-03T02:45:22.038900+00:00,0,PERP,OP|GATE|OKX,OP,GATE,OKX,2.6872005458344894,0.22611562479965328,1.0697108539403644,7.153374267378825,-8.682544015508054,14.078094491283277,20.0,22.754504262971587,-58.50675913242,-61.762887900314496,FLAT
2026-10-03T02:45:22.370450+00:00,0,PERP,OP|BITGET|GATE,OP,BITGET,GATE,-10.485342540315079,-0.29157365682152825,-8.124910502625612,8.09549142203297,-26.50706448056317,5.55804672307092,21.999999999999996,32.09875320464299,-78.48090718258055,-73.78171043033952,FLAT
2026-10-03T02:45:23.127801+00:00,0,PERP,ICP|HTX|MEXC,ICP,HTX,MEXC,-28.543344664979653,0.058035287477901286,-29.603317640236963,18.264284047200196,-53.50772889417321,-3.4683562462645146,26.0,50.1823654299418,-106.08677668387804,-108.31732682391424,FLAT
2026-10-03T02:45:23.631821+00:00,0,PERP,DOT|GATE|HTX,DOT,GATE,HTX,3.5389156899445773,0.3573257216345473,-0.3614321390841032,10.91538501954734,-24.759646647846132,31.885975992329563,20.0,56.62554181610825,-107.02375632487028,-114.87294994752192,FLAT
2026-10-03T02:45:23.970707+00:00,0,SPOT,ICP|BITGET|HTX,ICP,BITGET,HTX,-3.986434068342648,-0.10476694930172512,-1.7173456421257227,21.65843752576999,-109.15896884021615,101.34153113346534,60.0,210.58433326220705,-384.0259564602975,-379.6432100377981,FLAT
2026-10-03T02:45:24.482580+00:00,0,PERP,ICP|HTX|OKX,ICP,HTX,OKX,-35.99140012907842,-0.2534661353810279,-31.4984977816398,17.725848625437003,-59.453032104637145,-12.425821876866916,20.0,47.196848536871364,-101.1513828598687,-92.26952444164424,FLAT
2026-10-03T02:45:34.857763+00:00,1,PERP,OP|GATE|OKX,OP,GATE,OKX,3.3108513965718345,0.31329837624345075,1.0697108539403644,7.153374267378825,-8.796037869720497,15.441341993893687,20.0,24.22933490890845,-60.09508363256931,-64.60096604886178,FLAT
2026-10-03T02:45:35.217209+00:00,1,PERP,OP|BITGET|GATE,OP,BITGET,GATE,-9.049575171332647,-0.11421970829225206,-8.124910502625612,8.09549142203297,-25.920512970634135,7.845541606996687,21.999999999999996,33.7966217706294,-79.59222423863793,-77.7670738802517,FLAT
2026-10-03T02:45:35.937855+00:00,1,PERP,ICP|HTX|MEXC,ICP,HTX,MEXC,-27.0537335721599,0.13959397814270738,-29.603317640236963,18.264284047200196,-50.535077288941245,-3.4683562462645146,26.0,47.194168939957336,-100.12592858866162,-105.32913033392978,FLAT
2026-10-03T02:45:36.404172+00:00,1,PERP,DOT|GATE|HTX,DOT,GATE,HTX,7.656645287335007,0.734566615108884,-0.3614321390841032,10.91538501954734,-16.219201139838766,31.552950880253672,20.0,47.735593807201035,-89.5933628079557,-105.64997682653882,FLAT
2026-10-03T02:45:36.732903+00:00,1,SPOT,ICP|BITGET|HTX,ICP,BITGET,HTX,-3.535698208604332,-0.08395585158509555,-1.7173456421257227,21.65843752576999,-116.06722872492425,109.14087728023824,60.0,225.2876675093905,-405.6375505921891,-402.1458904317545,FLAT
2026-10-03T02:45:37.236277+00:00,1,PERP,ICP|HTX|OKX,ICP,HTX,OKX,-33.012177943437806,-0.08539394608311394,-31.4984977816398,17.725848625437003,-56.48038049940407,-9.439999999999449,20.0,47.19595480392875,-98.17783752169302,-95.25445258556908,FLAT
2026-10-03T02:45:47.586083+00:00,2,PERP,OP|GATE|OKX,OP,GATE,OKX,4.153853757038473,0.4311451893636505,1.0697108539403644,7.153374267378825,-9.512620874092548,17.849614866829455,20.0,27.350843254577565,-63.93317498261048,-70.13074726746666,FLAT
2026-10-03T02:45:47.932502+00:00,2,PERP,OP|BITGET|GATE,OP,BITGET,GATE,-7.791494634968865,0.04118537717788333,-8.124910502625612,8.09549142203297,-22.301966201495603,6.730079052115201,21.999999999999996,29.054678945569517,-71.2317346444395,-71.90966850031033,FLAT
2026-10-03T02:45:48.587174+00:00,2,PERP,ICP|HTX|MEXC,ICP,HTX,MEXC,-27.0537335721599,0.13959397814270738,-29.603317640236963,18.264284047200196,-50.535077288941245,-3.4683562462645146,26.0,47.194168939957336,-100.12592858866162,-105.32913033392978,FLAT
2026-10-03T02:45:49.053949+00:00,2,PERP,DOT|GATE|HTX,DOT,GATE,HTX,7.656645287335007,0.734566615108884,-0.3614321390841032,10.91538501954734,-16.219201139838766,31.552950880253672,20.0,47.735593807201035,-89.5933628079557,-105.64997682653882,FLAT
2026-10-03T02:45:49.379521+00:00,2,SPOT,ICP|BITGET|HTX,ICP,BITGET,HTX,2.0254584401202536,0.17281043832421675,-1.7173456421257227,21.65843752576999,-77.24144061217908,81.40208537618099,60.0,158.61132402912793,-300.1354189991813,-307.7307550474346,FLAT
2026-10-03T02:45:49.900365+00:00,2,PERP,ICP|HTX|OKX,ICP,HTX,OKX,-31.52256685061916,-0.00135785143425077,-31.4984977816398,17.725848625437003,-56.48038049940407,-6.454178123131982,20.0,50.184151293793605,-101.16603401155788,-101.22847095230142,FLAT
2026-10-03T03:11:42.665925+00:00,0,PERP,OP|GATE|OKX,OP,GATE,OKX,3.221832047861639,0.26725748268599847,1.3149557180185278,7.134978263951941,-7.28516835480475,13.744572478593398,20.0,21.022955809259233,-55.62307988208251,-59.4525725698341,FLAT
2026-10-03T03:11:42.898873+00:00,0,PERP,OP|BITGET|GATE,OP,BITGET,GATE,-8.039641682260346,0.011015654078380961,-8.126690365105588,7.9022709160849836,-21.607011306493675,5.538132366535997,21.999999999999996,27.16698096438657,-68.64730190577465,-68.83180369602815,FLAT
2026-10-03T03:11:43.633843+00:00,0,PERP,ICP|HTX|MEXC,ICP,HTX,MEXC,-19.096317025121266,0.5481022375924985,-29.19392166581535,18.42284878282402,-53.52363960749229,15.559760479042506,26.0,69.21481742311299,-125.54453536478994,-145.96849956797084,FLAT
2026-10-03T03:11:44.096243+00:00,0,PERP,DOT|GATE|HTX,DOT,GATE,HTX,-0.32363084512376794,0.00709753019237534,-0.4011088771196935,10.916196183167752,-25.62323436448466,24.99780149522124,20.0,50.62266475225127,-101.84479023961623,-102.0215751245922,FLAT
2026-10-03T03:11:44.355766+00:00,0,SPOT,ICP|BITGET|HTX,ICP,BITGET,HTX,-16.183936809370802,-0.6293656040321136,-2.3789683348344255,21.93473616303946,-74.72727457011996,42.43804670851947,60.0,117.35519539531148,-255.70350163059703,-228.1722104386654,FLAT
2026-10-03T03:11:44.860659+00:00,0,PERP,ICP|HTX|OKX,ICP,HTX,OKX,-22.079698786585666,0.49553071403013116,-30.84158818818476,17.68182910467649,-56.49717514124353,12.566467065868725,20.0,69.21571115605562,-120.87129810911439,-138.6237664101091,FLAT
2026-10-03T03:11:55.117490+00:00,1,PERP,OP|GATE|OKX,OP,GATE,OKX,3.218278187375745,0.2667593928033916,1.3149557180185278,7.134978263951941,-6.8959370465437875,13.349013376560137,20.0,20.23842365501784,-54.44931641958016,-58.27248131355945,FLAT
2026-10-03T03:11:55.349486+00:00,1,PERP,OP|BITGET|GATE,OP,BITGET,GATE,-7.406997522531045,0.09107417984235608,-8.126690365105588,7.9022709160849836,-19.38644634812303,4.581637996949883,21.999999999999996,23.985847134946972,-63.24560311796441,-64.69417549700243,FLAT
2026-10-03T03:11:56.058946+00:00,1,PERP,ICP|HTX|MEXC,ICP,HTX,MEXC,-19.096317025121266,0.5481022375924985,-29.19392166581535,18.42284878282402,-53.52363960749229,15.559760479042506,26.0,69.21481742311299,-125.54453536478994,-145.96849956797084,FLAT
2026-10-03T03:11:56.513800+00:00,1,PERP,DOT|GATE|HTX,DOT,GATE,HTX,3.9032324671373075,0.3943078039302818,-0.4011088771196935,10.916196183167752,-25.589014072970873,33.446415529765346,20.0,59.01235176131791,-110.2002569571691,-118.85987616820296,FLAT
2026-10-03T03:11:56.752783+00:00,1,SPOT,ICP|BITGET|HTX,ICP,BITGET,HTX,-15.390052774626461,-0.5931725981603561,-2.3789683348344255,21.93473616303946,-73.858156320592,43.15565230493146,60.0,117.19411952997291,-254.67330751573047,-228.72874016973878,FLAT
2026-10-03T03:11:57.211828+00:00,1,PERP,ICP|HTX|OKX,ICP,HTX,OKX,-22.079698786585666,0.49553071403013116,-30.84158818818476,17.68182910467649,-56.49717514124353,12.566467065868725,20.0,69.21571115605562,-120.87129810911439,-138.6237664101091,FLAT
2026-10-03T03:12:07.467133+00:00,2,PERP,OP|GATE|OKX,OP,GATE,OKX,2.770550702089203,0.20400832773727978,1.3149557180185278,7.134978263951941,-8.902892029204468,14.465384704740458,20.0,23.36178465153386,-59.57963239875686,-62.51221363825579,FLAT
2026-10-03T03:12:07.721175+00:00,2,PERP,OP|BITGET|GATE,OP,BITGET,GATE,-6.648245516173157,0.18709113679247236,-8.126690365105588,7.9022709160849836,-21.82644619838303,8.54831214613938,21.999999999999996,30.394954562524127,-72.09471039580157,-75.06995707376909,FLAT
2026-10-03T03:12:08.458023+00:00,2,PERP,ICP|HTX|MEXC,ICP,HTX,MEXC,-19.096317025121266,0.5481022375924985,-29.19392166581535,18.42284878282402,-53.52363960749229,15.559760479042506,26.0,69.21481742311299,-125.54453536478994,-145.96849956797084,FLAT
2026-10-03T03:12:08.917944+00:00,2,PERP,DOT|GATE|HTX,DOT,GATE,HTX,3.9032324671373075,0.3943078039302818,-0.4011088771196935,10.916196183167752,-25.589014072970873,33.446415529765346,20.0,59.01235176131791,-110.2002569571691,-118.85987616820296,FLAT
2026-10-03T03:12:09.158394+00:00,2,SPOT,ICP|BITGET|HTX,ICP,BITGET,HTX,-10.171556705474982,-0.35526246191058586,-2.3789683348344255,21.93473616303946,-62.297078613691156,42.02733718385643,60.0,104.43058635768914,-230.34869663654587,-214.83689187638,FLAT
2026-10-03T03:12:09.658405+00:00,2,PERP,ICP|HTX|OKX,ICP,HTX,OKX,-22.079698786585666,0.49553071403013116,-30.84158818818476,17.68182910467649,-56.49717514124353,12.566467065868725,20.0,69.21571115605562,-120.87129810911439,-138.6237664101091,FLAT
2026-10-03T04:26:26.787140+00:00,0,PERP,OP|GATE|OKX,OP,GATE,OKX,2.1702918062249665,0.127143059026376,1.2616878291622626,7.146312067843302,-11.619622140830455,15.991274706865788,20.0,27.60487082509459,-66.48618079508731,-68.33445770279812,FLAT
2026-10-03T04:26:27.090054+00:00,0,PERP,OP|BITGET|GATE,OP,BITGET,GATE,-9.428707821048654,-0.1398508690275104,-8.317991846564572,7.942145674229526,-27.14483034776172,8.310897520236171,21.999999999999996,35.48917402027186,-82.316012521469,-80.1180633870726,FLAT
2026-10-03T04:26:27.607408+00:00,0,PERP,ICP|BITGET|HTX,ICP,BITGET,HTX,8.799301421678063,-0.6085304000356553,20.916495612572717,19.91222491133504,-18.637162088741555,36.25377643504457,21.999999999999996,54.842674890912235,-122.39633259222651,-98.17995571338409,FLAT
2026-10-03T04:26:28.358082+00:00,0,PERP,ICP|HTX|MEXC,ICP,HTX,MEXC,-21.019676916010923,0.37458403887279457,-28.047030070051413,18.76041802311528,-45.1807228915635,3.251573849876177,26.0,48.53406300942949,-97.66775583094157,-111.83266692935707,FLAT
2026-10-03T04:26:28.805494+00:00,0,PERP,DOT|GATE|HTX,DOT,GATE,HTX,-5.784643231208086,-0.47813742196277587,-0.48667065216763233,11.080439086512065,-30.90809877562495,19.38258139952742,20.0,50.31975026222746,-106.74117838568478,-96.18900231392251,FLAT
2026-10-03T04:26:29.111333+00:00,0,SPOT,ICP|BITGET|HTX,ICP,BITGET,HTX,-4.444857451444406,-0.08812082905079954,-2.505926279873412,22.003097252446942,-69.18622537217422,60.380002438298334,60.0,129.6237899354339,-262.30408902773473,-258.50971865360566,FLAT
2026-10-03T04:26:29.632281+00:00,0,PERP,ICP|HTX|OKX,ICP,HTX,OKX,-24.038578844035598,0.33444003552731694,-30.06502472805647,18.019510955136933,-48.19277108433661,0.22578692493890884,20.0,48.534978506762705,-92.66272486304285,-104.8257901597581,FLAT
2026-10-03T04:26:39.939300+00:00,1,PERP,OP|GATE|OKX,OP,GATE,OKX,3.806116261495518,0.3560477639624186,1.2616878291622626,7.146312067843302,-9.656143922269766,17.297960629278908,20.0,26.94381695066893,-63.861648702100965,-68.98008975078558,FLAT
2026-10-03T04:26:40.252001+00:00,1,PERP,OP|BITGET|GATE,OP,BITGET,GATE,-10.57118787568978,-0.28370117113770926,-8.317991846564572,7.942145674229526,-27.753275910546993,6.632340393479819,21.999999999999996,34.42199106900575,-81.85727513298816,-77.37232330905013,FLAT
2026-10-03T04:26:40.729725+00:00,1,PERP,ICP|BITGET|HTX,ICP,BITGET,HTX,11.744662893069524,-0.4606131539967753,20.916495612572717,19.91222491133504,-13.770876751834082,37.274179618989045,21.999999999999996,50.98517217766288,-113.67254454206967,-95.34285618407921,FLAT
2026-10-03T04:26:41.443434+00:00,1,PERP,ICP|HTX|MEXC,ICP,HTX,MEXC,-24.038578844035598,0.21366534695958694,-28.047030070051413,18.76041802311528,-48.19277108433661,0.22578692493890884,26.0,48.534978506762705,-100.6807195210479,-108.80779550175303,FLAT
2026-10-03T04:26:41.889431+00:00,1,PERP,DOT|GATE|HTX,DOT,GATE,HTX,-1.4336570071016297,-0.08546469571650275,-0.48667065216763233,11.080439086512065,-22.231778583089444,19.38258139952742,20.0,41.62031902164633,-89.36542695256816,-87.4895710733414,FLAT
2026-10-03T04:26:42.193847+00:00,1,SPOT,ICP|BITGET|HTX,ICP,BITGET,HTX,65.33991092912305,3.083467587793868,-2.505926279873412,22.003097252446942,-106.05188454652858,236.9063713181796,60.0,340.7318281793711,-510.2777864460263,-646.1441257774242,FLAT
2026-10-03T04:26:43.209426+00:00,1,PERP,ICP|HTX|OKX,ICP,HTX,OKX,-27.05748077205916,0.16690486015326242,-30.06502472805647,18.019510955136933,-51.204819277105294,-2.80000000000058,20.0,48.535894558349575,-95.6756891073984,-101.80091928640547,FLAT
2026-10-03T04:26:53.536317+00:00,2,PERP,OP|GATE|OKX,OP,GATE,OKX,2.4092901011441015,0.16058664400422354,1.2616878291622626,7.146312067843302,-12.631538149660004,17.48515623017033,20.0,30.109399388838682,-70.00262536766095,-72.33286778984674,FLAT
2026-10-03T04:26:53.829932+00:00,2,PERP,OP|BITGET|GATE,OP,BITGET,GATE,-11.199596447638571,-0.362824445593356,-8.317991846564572,7.942145674229526,-30.36220142639379,7.990115102491924,21.999999999999996,38.39529855549015,-88.43950813531936,-82.70340550454664,FLAT
2026-10-03T04:26:54.317232+00:00,2,PERP,ICP|BITGET|HTX,ICP,BITGET,HTX,9.699927629984728,-0.56330058707819,20.916495612572717,19.91222491133504,-16.855726791663585,36.27569528415808,21.999999999999996,53.079927316473814,-118.85214972071012,-96.43912698805917,FLAT
2026-10-03T04:26:55.055502+00:00,2,PERP,ICP|HTX|MEXC,ICP,HTX,MEXC,-21.019676916010923,0.37458403887279457,-28.047030070051413,18.76041802311528,-45.1807228915635,3.251573849876177,26.0,48.53406300942949,-97.66775583094157,-111.83266692935707,FLAT
2026-10-03T04:26:55.506280+00:00,2,PERP,DOT|GATE|HTX,DOT,GATE,HTX,-4.0926738367563775,-0.3254386542297083,-0.48667065216763233,11.080439086512065,-27.54749804150247,19.38258139952742,20.0,46.94928535755432,-100.01011274688915,-92.81853740924937,FLAT
2026-10-03T04:26:55.809547+00:00,2,SPOT,ICP|BITGET|HTX,ICP,BITGET,HTX,3.688557415288951,0.2815278060216491,-2.505926279873412,22.003097252446942,-68.09286098242163,75.55502377549317,60.0,143.594868612798,-275.1818033153462,-287.65581866816456,FLAT
2026-10-03T04:26:56.336120+00:00,2,PERP,ICP|HTX|OKX,ICP,HTX,OKX,-23.487070973257083,0.3650461863907672,-30.06502472805647,18.019510955136933,-48.19277108433661,1.3313182367769016,20.0,49.64042371932136,-93.7681700756015,-107.03676668415474,FLAT
2026-10-03T05:00:31.543951+00:00,0,PERP,OP|GATE|OKX,OP,GATE,OKX,-1.1060131520368444,-0.31816124658280975,1.1550214931512544,7.106568350082214,-10.68536005496279,8.486908154281547,20.0,19.174379309826357,-57.0147608579404,-52.50626597095665,FLAT
2026-10-03T05:00:31.874288+00:00,0,PERP,OP|BITGET|GATE,OP,BITGET,GATE,-7.071173178754275,0.169769085292784,-8.40180868431144,7.8379140893782235,-20.339623603541355,6.213755878357041,21.999999999999996,26.572158889228934,-66.50997380845885,-69.18772345189741,FLAT
2026-10-03T05:00:33.092338+00:00,0,PERP,ICP|HTX|MEXC,ICP,HTX,MEXC,-5.744385244554895,1.1705972424383897,-27.69313625335416,18.750045030927417,-33.152501506931166,21.806533333330602,26.0,54.99025231054287,-92.44961756411988,-136.48992189722765,FLAT
2026-10-03T05:00:33.612652+00:00,0,PERP,ICP|BITGET|HTX,ICP,BITGET,HTX,-1.8095243065541222,-1.1098093065611212,20.551016140080378,20.14809239248619,-30.800075780540446,27.198549410696327,21.999999999999996,58.009116788191264,-137.36020870881208,-92.65665005880722,FLAT
2026-10-03T05:00:34.339123+00:00,0,PERP,DOT|GATE|HTX,DOT,GATE,HTX,-11.325978804762604,-0.9620282683142538,-0.5794491501769454,11.17070049658377,-25.257601917455517,2.6178010471222812,20.0,27.907005077704223,-78.5851578449828,-57.10425527500345,FLAT
2026-10-03T05:00:34.672179+00:00,0,SPOT,ICP|BITGET|HTX,ICP,BITGET,HTX,-10.397197015821202,-0.36581765437108743,-2.3452822336662944,22.01073317797561,-76.96064091723743,56.24344738135001,60.0,133.3426825699716,-273.9580412535427,-257.9314121849879,FLAT
2026-10-03T05:00:35.286936+00:00,0,PERP,ICP|HTX|OKX,ICP,HTX,OKX,-14.809469702382616,0.8391353059510753,-29.877191418960624,17.95624806836159,-42.1940928270037,12.717833333333317,20.0,54.992997141769685,-93.30989854981276,-123.58802189406362,FLAT
2026-10-03T05:00:45.657110+00:00,1,PERP,OP|GATE|OKX,OP,GATE,OKX,-0.15066939614061248,-0.1837301528629865,1.1550214931512544,7.106568350082214,-11.897371306855975,11.617605459648406,20.0,23.515311278978338,-62.56770407898557,-59.97789524547549,FLAT
2026-10-03T05:00:45.987767+00:00,1,PERP,OP|BITGET|GATE,OP,BITGET,GATE,-9.949883331392684,-0.19751105069895594,-8.40180868431144,7.8379140893782235,-22.930208106782814,3.0403728325034685,21.999999999999996,25.996443299217564,-68.52484272168894,-65.43862481603247,FLAT
2026-10-03T05:00:46.791616+00:00,1,PERP,ICP|HTX|MEXC,ICP,HTX,MEXC,-5.744385244554895,1.1705972424383897,-27.69313625335416,18.750045030927417,-33.152501506931166,21.806533333330602,26.0,54.99025231054287,-92.44961756411988,-136.48992189722765,FLAT
2026-10-03T05:00:47.467229+00:00,1,PERP,ICP|BITGET|HTX,ICP,BITGET,HTX,-1.1100576330258516,-1.075093033680165,20.551016140080378,20.14809239248619,-30.054678702203795,27.851779201932825,21.999999999999996,57.912881449447404,-136.51857629173156,-93.21364451129985,FLAT
2026-10-03T05:00:47.961229+00:00,1,PERP,DOT|GATE|HTX,DOT,GATE,HTX,-11.325978804762604,-0.9620282683142538,-0.5794491501769454,11.17070049658377,-25.257601917455517,2.6178010471222812,20.0,27.907005077704223,-78.5851578449828,-57.10425527500345,FLAT
2026-10-03T05:00:48.299332+00:00,1,SPOT,ICP|BITGET|HTX,ICP,BITGET,HTX,-7.413847214883251,-0.23027697170436226,-2.3452822336662944,22.01073317797561,-71.5101708679522,56.74629531797537,60.0,128.35159233995677,-263.51648097424265,-253.44316989159842,FLAT
2026-10-03T05:00:48.990890+00:00,1,PERP,ICP|HTX|OKX,ICP,HTX,OKX,-14.809469702382616,0.8391353059510753,-29.877191418960624,17.95624806836159,-42.1940928270037,12.717833333333317,20.0,54.992997141769685,-93.30989854981276,-123.58802189406362,FLAT
2026-10-03T05:00:59.346529+00:00,2,PERP,OP|GATE|OKX,OP,GATE,OKX,0.8082181599133875,-0.048800393685632354,1.1550214931512544,7.106568350082214,-11.885044551452895,13.52691316582666,20.0,25.409878592100064,-64.44994463670422,-63.78177026477547,FLAT
2026-10-03T05:00:59.677724+00:00,2,PERP,OP|BITGET|GATE,OP,BITGET,GATE,-9.869171226526419,-0.18721339957062264,-8.40180868431144,7.8379140893782235,-26.66246327815425,6.946210296554511,21.999999999999996,33.64186078473764,-79.90251537858043,-76.98987976560358,FLAT
2026-10-03T05:01:00.505165+00:00,2,PERP,ICP|HTX|MEXC,ICP,HTX,MEXC,-8.766080063831172,1.0094405724521514,-27.69313625335416,18.750045030927417,-36.16636528028905,18.77696666666484,26.0,54.99116670086475,-95.46439572779964,-133.46126962088374,FLAT
2026-10-03T05:01:01.027232+00:00,2,PERP,ICP|BITGET|HTX,ICP,BITGET,HTX,-1.573142136999106,-1.0980770708263292,20.551016140080378,20.14809239248619,-30.800075780540446,27.672839903263302,21.999999999999996,58.48210954559298,-137.8332014662138,-93.60393330877591,FLAT
2026-10-03T05:01:01.514010+00:00,2,PERP,DOT|GATE|HTX,DOT,GATE,HTX,-4.115941330006256,-0.31658642901676964,-0.5794491501769454,11.17070049658377,-19.572095625692842,11.353711790393906,20.0,30.938535643730333,-75.93118211924623,-68.87169658430119,FLAT
2026-10-03T05:01:01.857639+00:00,2,SPOT,ICP|BITGET|HTX,ICP,BITGET,HTX,-7.413842221308808,-0.2302767448343892,-2.3452822336662944,22.01073317797561,-71.51016088577045,56.74629531797537,60.0,128.35158228623018,-263.5164609383343,-253.44315983787186,FLAT
2026-10-03T05:01:03.889472+00:00,2,PERP,ICP|HTX|OKX,ICP,HTX,OKX,-14.809469702382616,0.8391353059510753,-29.877191418960624,17.95624806836159,-42.1940928270037,12.717833333333317,20.0,54.992997141769685,-93.30989854981276,-123.58802189406362,FLAT
2026-10-03T05:28:52.931647+00:00,0,PERP,OP|GATE|OKX,OP,GATE,OKX,2.774514932941674,0.21720762357777137,1.2400217900303885,7.064637592528418,-10.176812917968014,15.754160289322972,20.0,25.923749700544665,-63.340584408543066,-66.43788819983725,FLAT
2026-10-03T05:28:53.234807+00:00,0,PERP,OP|BITGET|GATE,OP,BITGET,GATE,-9.995966508431486,-0.2104298601906528,-8.34831224433574,7.8299451541855625,-24.42096370657176,4.44002535220811,21.999999999999996,28.889863080716,-72.96251454295202,-69.67820067725985,FLAT
2026-10-03T05:28:54.019861+00:00,0,PERP,ICP|HTX|MEXC,ICP,HTX,MEXC,-14.305209781027006,0.7284649792538319,-27.861180839938932,18.60895368339784,-18.14333232536991,-10.465298213745422,26.0,7.689033017806092,-29.97118450323707,-57.0849156439996,FLAT
2026-10-03T05:28:54.533073+00:00,0,PERP,ICP|BITGET|HTX,ICP,BITGET,HTX,6.748277376962264,-0.70358621459459,20.760869032175254,19.915955379096104,1.3895966435639728,12.110202845896367,21.999999999999996,10.713375537293011,-58.084647925904285,-30.062709351014117,FLAT
2026-10-03T05:28:54.980526+00:00,0,PERP,DOT|GATE|HTX,DOT,GATE,HTX,-0.5565041378485791,-0.000830516424809473,-0.5472885909924007,11.096164483793977,-20.905315100525623,19.80997072323243,20.0,40.71754410863969,-87.0755706181729,-87.07480342286452,FLAT
2026-10-03T05:28:55.278443+00:00,0,SPOT,ICP|BITGET|HTX,ICP,BITGET,HTX,5.261135648795268,0.34232540238789505,-2.2287373524483414,21.879395887649316,-60.66648422590415,71.26861938766993,60.0,131.86567894739363,-256.30342582084944,-271.3630356875119,FLAT
2026-10-03T05:28:55.781859+00:00,0,PERP,ICP|HTX|OKX,ICP,HTX,OKX,-20.354396387248784,0.5366702304930607,-29.96131524976756,17.900972173717385,-24.1911097671621,-16.515894641235818,20.0,7.690869008864049,-27.92066352625859,-47.13628961739579,FLAT
2026-10-03T05:29:06.184190+00:00,1,PERP,OP|GATE|OKX,OP,GATE,OKX,1.7225674537613145,0.06830437618502437,1.2400217900303885,7.064637592528418,-10.856215554136961,14.325405930926127,20.0,25.177261552250066,-63.273498896417415,-64.2626456931458,FLAT
2026-10-03T05:29:06.486612+00:00,1,PERP,OP|BITGET|GATE,OP,BITGET,GATE,-10.12643360223997,-0.22709244099286208,-8.34831224433574,7.8299451541855625,-26.696352845575475,6.4668511544874185,21.999999999999996,33.19680406083603,-79.54484466207577,-76.01196745965919,FLAT
2026-10-03T05:29:07.204089+00:00,1,PERP,ICP|HTX|MEXC,ICP,HTX,MEXC,-14.305209781027006,0.7284649792538319,-27.861180839938932,18.60895368339784,-18.14333232536991,-10.465298213745422,26.0,7.689033017806092,-29.97118450323707,-57.0849156439996,FLAT
2026-10-03T05:29:07.674294+00:00,1,PERP,ICP|BITGET|HTX,ICP,BITGET,HTX,6.583704371192489,-0.7118495894936175,20.760869032175254,19.915955379096104,1.0607318342126248,12.110202845896367,21.999999999999996,11.042200028481874,-58.742337226444505,-30.391533842202985,FLAT
2026-10-03T05:29:08.132670+00:00,1,PERP,DOT|GATE|HTX,DOT,GATE,HTX,-9.225289136429726,-0.7820720896947413,-0.5472885909924007,11.096164483793977,-29.55271084133848,11.119762595976912,20.0,40.710021967686004,-95.71544421803208,-78.37707315465532,FLAT
2026-10-03T05:29:08.433997+00:00,1,SPOT,ICP|BITGET|HTX,ICP,BITGET,HTX,9.633037963090452,0.5421436394518844,-2.2287373524483414,21.879395887649316,-71.19860523716936,90.56259956819801,60.0,161.60547036961302,-296.57533825433404,-320.3968072902594,FLAT
2026-10-03T05:29:08.932149+00:00,1,PERP,ICP|HTX|OKX,ICP,HTX,OKX,-20.354396387248784,0.5366702304930607,-29.96131524976756,17.900972173717385,-24.1911097671621,-16.515894641235818,20.0,7.690869008864049,-27.92066352625859,-47.13628961739579,FLAT
2026-10-03T05:29:19.237350+00:00,2,PERP,OP|GATE|OKX,OP,GATE,OKX,3.9774574672102325,0.3874842327474752,1.2400217900303885,7.064637592528418,-8.634847635496934,16.61600690499032,20.0,25.240787847573912,-61.115657273101235,-66.61677296253384,FLAT
2026-10-03T05:29:19.551997+00:00,2,PERP,OP|BITGET|GATE,OP,BITGET,GATE,-11.25757745686462,-0.3715562695830263,-8.34831224433574,7.8299451541855625,-27.787282069198227,5.29252115818446,21.999999999999996,33.117072455123775,-80.55604227998626,-74.75790585764398,FLAT
2026-10-03T05:29:20.306523+00:00,2,PERP,ICP|HTX|MEXC,ICP,HTX,MEXC,-14.305209781027006,0.7284649792538319,-27.861180839938932,18.60895368339784,-18.14333232536991,-10.465298213745422,26.0,7.689033017806092,-29.97118450323707,-57.0849156439996,FLAT
2026-10-03T05:29:20.778490+00:00,2,PERP,ICP|BITGET|HTX,ICP,BITGET,HTX,6.748277376962264,-0.70358621459459,20.760869032175254,19.915955379096104,1.3895966435639728,12.110202845896367,21.999999999999996,10.713375537293011,-58.084647925904285,-30.062709351014117,FLAT
2026-10-03T05:29:21.265620+00:00,2,PERP,DOT|GATE|HTX,DOT,GATE,HTX,-9.225289136429726,-0.7820720896947413,-0.5472885909924007,11.096164483793977,-29.55271084133848,11.119762595976912,20.0,40.710021967686004,-95.71544421803208,-78.37707315465532,FLAT
2026-10-03T05:29:21.588708+00:00,2,SPOT,ICP|BITGET|HTX,ICP,BITGET,HTX,9.633037963090452,0.5421436394518844,-2.2287373524483414,21.879395887649316,-71.19860523716936,90.56259956819801,60.0,161.60547036961302,-296.57533825433404,-320.3968072902594,FLAT
2026-10-03T05:29:22.085926+00:00,2,PERP,ICP|HTX|OKX,ICP,HTX,OKX,-20.354396387248784,0.5366702304930607,-29.96131524976756,17.900972173717385,-24.1911097671621,-16.515894641235818,20.0,7.690869008864049,-27.92066352625859,-47.13628961739579,FLAT
2026-10-03T05:51:25.217145+00:00,0,PERP,OP|GATE|OKX,OP,GATE,OKX,3.609568835021282,0.3472611035176489,1.1344725923738264,7.127479057042343,-7.927082666077112,15.166772425014852,20.0,23.085503929464597,-58.14705918791553,-63.117803762105616,FLAT
2026-10-03T05:51:25.778031+00:00,0,PERP,OP|BITGET|GATE,OP,BITGET,GATE,-12.664395954274932,-0.5547698772406338,-8.316353409178838,7.837560623736087,-28.16024919057969,2.8520072695581433,21.999999999999996,31.051567777811144,-78.895463559212,-70.21992845654813,FLAT
2026-10-03T05:51:26.509655+00:00,0,PERP,ICP|HTX|MEXC,ICP,HTX,MEXC,-19.679079624583817,0.44731765406837837,-27.98729053667015,18.5734026737436,-42.296072507552736,3.0339805825230215,26.0,45.419230361065566,-91.72801233194815,-108.44050148025873,FLAT
2026-10-03T05:51:26.928027+00:00,0,PERP,ICP|BITGET|HTX,ICP,BITGET,HTX,9.258269107108585,-0.5882012476850752,20.929346545584707,19.841980078092003,-15.146925174189807,33.67907580351881,21.999999999999996,48.78083337727383,-112.85710509704833,-89.53056263520793,FLAT
2026-10-03T05:51:27.881206+00:00,0,PERP,DOT|GATE|HTX,DOT,GATE,HTX,-4.155985179876698,-0.3346850280300605,-0.41425976963404487,11.179841035215299,-27.63424509381607,19.3631420272089,20.0,47.01689173477389,-100.23687705895591,-92.79429353161683,FLAT
2026-10-03T05:51:28.116512+00:00,0,SPOT,ICP|BITGET|HTX,ICP,BITGET,HTX,-15.357372204870545,-0.6054861170487505,-2.0183636612498064,22.030246719177466,-69.07329096642711,38.42584167425001,60.0,107.66443479335531,-240.71936209853263,-214.10864012885514,FLAT
2026-10-03T05:51:28.563037+00:00,0,PERP,ICP|HTX|OKX,ICP,HTX,OKX,-22.70663033605791,0.41301552524087926,-30.087437650205523,17.870532372464627,-45.317220543806826,0.0,20.0,45.420150864905615,-86.64993375850693,-101.50758851511114,FLAT
2026-10-03T05:51:38.817640+00:00,1,PERP,OP|GATE|OKX,OP,GATE,OKX,3.4672923155798507,0.327299414636802,1.1344725923738264,7.127479057042343,-7.976471767070503,14.932044116355847,20.0,22.900556363144496,-58.01150072258883,-62.69812788712652,FLAT
2026-10-03T05:51:39.047690+00:00,1,PERP,OP|BITGET|GATE,OP,BITGET,GATE,-14.220627100607341,-0.7533305290867397,-8.316353409178838,7.837560623736087,-27.153895641754964,-1.2775383099983273,21.999999999999996,25.91320380573634,-72.75074603831246,-60.95201890491685,FLAT
2026-10-03T05:51:39.770364+00:00,1,PERP,ICP|HTX|MEXC,ICP,HTX,MEXC,-13.623978201635634,0.7733269227689388,-27.98729053667015,18.5734026737436,-36.25377643504568,9.101941747571285,26.0,45.41739102779126,-85.68387692616679,-114.5066233120327,FLAT
2026-10-03T05:51:40.235652+00:00,1,PERP,ICP|BITGET|HTX,ICP,BITGET,HTX,4.574767763665388,-0.8242412661212574,20.929346545584707,19.841980078092003,-21.13028785952098,30.30303030303161,21.999999999999996,51.40978890699654,-121.46942331210222,-88.78347266444344,FLAT
2026-10-03T05:51:40.684195+00:00,1,PERP,DOT|GATE|HTX,DOT,GATE,HTX,-9.419856493301237,-0.8055209993863535,-0.41425976963404487,11.179841035215299,-29.615072682324104,10.807811758624108,20.0,40.460972042997504,-95.66178495568755,-77.68304357125565,FLAT
2026-10-03T05:51:40.926491+00:00,1,SPOT,ICP|BITGET|HTX,ICP,BITGET,HTX,-18.103419900172835,-0.7301350930818621,-2.0183636612498064,22.030246719177466,-70.92610533660616,34.78837744087304,60.0,105.9061639705159,-240.81390564587224,-208.71290507263876,FLAT
2026-10-03T05:51:41.464432+00:00,1,PERP,ICP|HTX|OKX,ICP,HTX,OKX,-16.651528913108613,0.751847144621125,-30.087437650205523,17.870532372464627,-39.274924471298654,6.067961165048263,20.0,45.41831041553094,-80.60579723662407,-107.57370923078473,FLAT
2026-10-03T05:51:51.719244+00:00,2,PERP,OP|GATE|OKX,OP,GATE,OKX,3.0897855508782435,0.2743344375838551,1.1344725923738264,7.127479057042343,-7.4492144664251025,13.646892373493369,20.0,21.089575072400102,-55.67326213119903,-59.60199485351964,FLAT
2026-10-03T05:51:51.947242+00:00,2,PERP,OP|BITGET|GATE,OP,BITGET,GATE,-11.867761330977,-0.4531266923847081,-8.316353409178838,7.837560623736087,-27.30879023090882,3.59455074513626,21.999999999999996,30.940045225521605,-77.93248204725158,-70.85094937983669,FLAT
2026-10-03T05:51:52.696065+00:00,2,PERP,ICP|HTX|MEXC,ICP,HTX,MEXC,-13.623978201635634,0.7733269227689388,-27.98729053667015,18.5734026737436,-36.25377643504568,9.101941747571285,26.0,45.41739102779126,-85.68387692616679,-114.5066233120327,FLAT
2026-10-03T05:51:53.151512+00:00,2,PERP,ICP|BITGET|HTX,ICP,BITGET,HTX,3.1948077214427606,-0.8937887627315515,20.929346545584707,19.841980078092003,-21.192854980320863,27.59805818181915,21.999999999999996,48.77532540352969,-118.89752692943526,-83.44403703976414,FLAT
2026-10-03T05:51:53.601268+00:00,2,PERP,DOT|GATE|HTX,DOT,GATE,HTX,-3.9280720184076134,-0.3142989455489964,-0.41425976963404487,11.179841035215299,-18.80618053981653,10.962973988672964,20.0,29.78084703713392,-74.1727678073164,-67.15808079544094,FLAT
2026-10-03T05:51:53.838322+00:00,2,SPOT,ICP|BITGET|HTX,ICP,BITGET,HTX,-22.283926022393928,-0.919897204033708,-2.0183636612498064,22.030246719177466,-76.07925039336382,31.57418872688833,60.0,107.89383231463965,-247.95471904675367,-207.4863847027778,FLAT
2026-10-03T05:51:54.311690+00:00,2,PERP,ICP|HTX|OKX,ICP,HTX,OKX,-16.651528913108613,0.751847144621125,-30.087437650205523,17.870532372464627,-39.274924471298654,6.067961165048263,20.0,45.41831041553094,-80.60579723662407,-107.57370923078473,FLAT
2026-10-03T06:49:41.410706+00:00,0,PERP,OP|GATE|OKX,OP,GATE,OKX,0.3254051471945907,-0.16852124415534245,1.5380672845481977,7.195900691522181,-10.920791638704408,11.592101548714151,20.0,22.512141964350814,-60.971000887603424,-58.56617622851677,FLAT
2026-10-03T06:49:41.638225+00:00,0,PERP,OP|BITGET|GATE,OP,BITGET,GATE,-4.647207637628048,0.5003776693113503,-8.68574778682956,8.07098397248541,-17.54109813453697,8.256548115974649,21.999999999999996,25.80963675205073,-62.66498709975813,-70.75193265485493,FLAT
2026-10-03T06:49:42.446743+00:00,0,PERP,ICP|HTX|MEXC,ICP,HTX,MEXC,-12.046378557446502,0.8086815048391515,-26.95953314842099,18.44132022524832,-24.06738868832692,0.0,26.0,24.096389371354725,-53.20424491126065,-83.05592251977572,FLAT
2026-10-03T06:49:42.939743+00:00,0,PERP,ICP|BITGET|HTX,ICP,BITGET,HTX,1.5060240963848948,-0.9370108032190346,19.977961308284815,19.71368648946296,-12.044564890093534,15.064778547753122,21.999999999999996,27.105258861071313,-87.12778505944965,-50.19207610053961,FLAT
2026-10-03T06:49:43.448649+00:00,0,PERP,DOT|GATE|HTX,DOT,GATE,HTX,-10.162039299944636,-0.8491733753609711,-0.9590271635376291,10.83761267537968,-31.094485073964726,10.806810727594929,20.0,41.94388771672762,-98.07934562715472,-79.7097256078602,FLAT
2026-10-03T06:49:43.659185+00:00,0,SPOT,ICP|BITGET|HTX,ICP,BITGET,HTX,2.8053915123282813,0.2413532196715664,-2.4274243328108027,21.681152015539315,-88.41384677277131,94.1421846947077,60.0,182.50475603997353,-334.49117847993404,-345.074365067492,FLAT
2026-10-03T06:49:44.206328+00:00,0,PERP,ICP|HTX|OKX,ICP,HTX,OKX,-18.069567836168645,0.6358239359182686,-29.268559725797004,17.613353724179273,-30.084235860406984,-6.029544769370343,20.0,24.09820878718902,-50.913884921799,-73.33722374361568,FLAT
2026-10-03T06:49:54.459956+00:00,1,PERP,OP|GATE|OKX,OP,GATE,OKX,3.1064992020035653,0.21796186255088384,1.5380672845481977,7.195900691522181,-8.101604282175767,14.33446035511432,20.0,22.42907946995643,-58.068751036680396,-61.22547254052256,FLAT
2026-10-03T06:49:54.686826+00:00,1,PERP,OP|BITGET|GATE,OP,BITGET,GATE,-9.704817037350377,-0.12626332229067733,-8.68574778682956,8.07098397248541,-22.359633562794023,2.959674424274361,21.999999999999996,25.34390008144178,-67.01778585740624,-64.9893222925457,FLAT
2026-10-03T06:49:55.540836+00:00,1,PERP,ICP|HTX|MEXC,ICP,HTX,MEXC,-3.0115946393627357,1.2986021725424373,-26.95953314842099,18.44132022524832,-15.042117930202936,9.044317154052184,26.0,24.093664358340476,-44.17624914012242,-92.09751466081366,FLAT
2026-10-03T06:49:56.010330+00:00,1,PERP,ICP|BITGET|HTX,ICP,BITGET,HTX,-8.168190250702478,-1.4277467369703538,19.977961308284815,19.71368648946296,-22.346483428572483,6.020469596628164,21.999999999999996,28.390138842244774,-98.71458357910207,-42.432647130588116,FLAT
2026-10-03T06:49:56.398233+00:00,1,PERP,DOT|GATE|HTX,DOT,GATE,HTX,-14.421809256723872,-1.2422276470324767,-0.9590271635376291,10.83761267537968,-31.094485073964726,2.2653519435045233,20.0,33.40801112408841,-89.54346903451551,-62.632390231130564,FLAT
2026-10-03T06:49:56.617801+00:00,1,SPOT,ICP|BITGET|HTX,ICP,BITGET,HTX,0.28547826434577317,0.1251272347157653,-2.4274243328108027,21.681152015539315,-84.28682787198215,84.96015459638961,60.0,169.24208905527396,-317.1014925944453,-322.6296679844744,FLAT
2026-10-03T06:49:57.154029+00:00,1,PERP,ICP|HTX|OKX,ICP,HTX,OKX,-8.75313330194638,1.1647654810728885,-29.268559725797004,17.613353724179273,-21.05896510228522,3.5786679957094947,20.0,24.659190242567,-42.449595619055216,-83.5064179640735,FLAT
2026-10-03T06:50:07.413027+00:00,2,PERP,OP|GATE|OKX,OP,GATE,OKX,1.479195426854485,-0.008181304914765217,1.5380672845481977,7.195900691522181,-8.318800506826873,11.291860607174353,20.0,19.607749771673042,-55.464617563048115,-55.36154309429919,FLAT
2026-10-03T06:50:07.635799+00:00,2,PERP,OP|BITGET|GATE,OP,BITGET,GATE,-7.955750739997436,0.09044709409915068,-8.68574778682956,8.07098397248541,-22.255212535807757,6.3632872417640485,21.999999999999996,28.641272669309988,-70.21073741828818,-71.69030769790359,FLAT
2026-10-03T06:50:08.287497+00:00,2,PERP,ICP|HTX|MEXC,ICP,HTX,MEXC,-12.046378557446502,0.8086815048391515,-26.95953314842099,18.44132022524832,-24.06738868832692,0.0,26.0,24.096389371354725,-53.20424491126065,-83.05592251977572,FLAT
2026-10-03T06:50:08.767758+00:00,2,PERP,ICP|BITGET|HTX,ICP,BITGET,HTX,0.6746591744510866,-0.979182769501352,19.977961308284815,19.71368648946296,-13.704404093920486,15.064778547753122,21.999999999999996,28.767237584695817,-90.44960298690111,-51.85405482416412,FLAT
2026-10-03T06:50:09.169334+00:00,2,PERP,DOT|GATE|HTX,DOT,GATE,HTX,-14.237949482718282,-1.2252626770236044,-0.9590271635376291,10.83761267537968,-31.094485073964726,2.633852794313718,20.0,33.776421656540535,-89.91187956696763,-63.36930161439188,FLAT
2026-10-03T06:50:09.392592+00:00,2,SPOT,ICP|BITGET|HTX,ICP,BITGET,HTX,4.69104057337022,0.32832503093373805,-2.4274243328108027,21.681152015539315,-79.6331073407408,89.12815501539662,60.0,168.68205730037775,-311.88774030830774,-326.2376366485852,FLAT
2026-10-03T06:50:09.804780+00:00,2,PERP,ICP|HTX|OKX,ICP,HTX,OKX,-18.069567836168645,0.6358239359182686,-29.268559725797004,17.613353724179273,-30.084235860406984,-6.029544769370343,20.0,24.09820878718902,-50.913884921799,-73.33722374361568,FLAT
2026-10-03T07:34:27.086002+00:00,0,PERP,OP|GATE|OKX,OP,GATE,OKX,6.238032261431936,0.6594654634240072,1.4540162497890377,7.254384462840303,-4.56852228802207,17.063901704039708,20.0,21.618920793881596,-53.64145933169271,-63.22880624813227,FLAT
2026-10-03T07:34:27.391742+00:00,0,PERP,OP|BITGET|GATE,OP,BITGET,GATE,-12.561540834047369,-0.5155549288880473,-8.379049201067012,8.112601390507866,-25.10804851669213,-0.0053671208288808,21.999999999999996,25.134250164841863,-69.86324948046698,-61.50793224507999,FLAT
2026-10-03T07:34:28.074739+00:00,0,PERP,ICP|HTX|MEXC,ICP,HTX,MEXC,-19.358011128006723,0.407087305691454,-26.813712803598563,18.314748633411778,-48.17825956037303,9.620854027860837,26.0,57.910782056505276,-111.27532881327974,-126.34534888796466,FLAT
2026-10-03T07:34:28.513829+00:00,0,PERP,ICP|BITGET|HTX,ICP,BITGET,HTX,11.823181627779178,-0.40027605194737814,19.70178289497935,19.682919397426062,-18.669635748364,42.3344420925309,21.999999999999996,60.93203121787549,-127.30344986121884,-111.56469041542704,FLAT
2026-10-03T07:34:28.901895+00:00,0,PERP,DOT|GATE|HTX,DOT,GATE,HTX,-12.015213810603331,-1.046659666616106,-0.7729480172514087,10.741090109737993,-34.854925993921256,10.863260034903455,20.0,45.77315058428069,-105.85512856095055,-83.40935863643557,FLAT
2026-10-03T07:34:29.228624+00:00,0,SPOT,ICP|BITGET|HTX,ICP,BITGET,HTX,16.392290920859143,0.8849466513243806,-2.8000873074112635,21.68761043340608,-29.377439534884473,62.21356588863358,60.0,91.44108353156551,-184.0184357590387,-222.45473672761034,FLAT
2026-10-03T07:34:29.684526+00:00,0,PERP,ICP|HTX|OKX,ICP,HTX,OKX,-28.416225003854436,0.03758341687865683,-29.079759045848462,17.654968523387222,-57.21168322794345,0.5377135069650762,20.0,57.91353021178011,-112.0454543938751,-113.53100276459365,FLAT
2026-10-03T07:34:40.038562+00:00,1,PERP,OP|GATE|OKX,OP,GATE,OKX,4.651852934176581,0.4408143379728592,1.4540162497890377,7.254384462840303,-4.679885695353381,13.998223751074956,20.0,18.669413247283945,-50.80331519242636,-57.21362074856986,FLAT
2026-10-03T07:34:40.337555+00:00,1,PERP,OP|BITGET|GATE,OP,BITGET,GATE,-9.282381551899421,-0.11134928333707503,-8.379049201067012,8.112601390507866,-23.991722749867606,5.447270478593502,21.999999999999996,29.466330988133485,-73.07900453693406,-71.29265066779399,FLAT
2026-10-03T07:34:41.048364+00:00,1,PERP,ICP|HTX|MEXC,ICP,HTX,MEXC,-22.377415753289664,0.24222538562258603,-26.813712803598563,18.314748633411778,-51.189400782897245,6.593140520896323,26.0,57.9116975538385,-114.28738553313718,-123.3185508783334,FLAT
2026-10-03T07:34:41.485579+00:00,1,PERP,ICP|BITGET|HTX,ICP,BITGET,HTX,13.696544486616613,-0.30509896865949887,19.70178289497935,19.682919397426062,-17.952516172294875,45.37205081669882,21.999999999999996,63.23794181639189,-128.8922408836661,-116.90820973811135,FLAT
2026-10-03T07:34:41.875098+00:00,1,PERP,DOT|GATE|HTX,DOT,GATE,HTX,-12.015213810603331,-1.046659666616106,-0.7729480172514087,10.741090109737993,-34.854925993921256,10.863260034903455,20.0,45.77315058428069,-105.85512856095055,-83.40935863643557,FLAT
2026-10-03T07:34:42.197295+00:00,1,SPOT,ICP|BITGET|HTX,ICP,BITGET,HTX,12.787478228561966,0.7187313505024617,-2.8000873074112635,21.68761043340608,-29.635488372093953,55.27217030930398,60.0,84.79917704568365,-177.63457811036633,-208.87143466239888,FLAT
2026-10-03T07:34:42.631137+00:00,1,PERP,ICP|HTX|OKX,ICP,HTX,OKX,-28.416225003854436,0.03758341687865683,-29.079759045848462,17.654968523387222,-57.21168322794345,0.5377135069650762,20.0,57.91353021178011,-112.0454543938751,-113.53100276459365,FLAT
2026-10-03T07:34:52.984500+00:00,2,PERP,OP|GATE|OKX,OP,GATE,OKX,4.904809028594137,0.47568374635799404,1.4540162497890377,7.254384462840303,-5.5152849693285155,15.342459954743592,20.0,20.847504842595033,-53.81680606171258,-60.73594854754958,FLAT
2026-10-03T07:34:53.277105+00:00,2,PERP,OP|BITGET|GATE,OP,BITGET,GATE,-15.09058664762919,-0.8272978202053658,-8.379049201067012,8.112601390507866,-27.33837606493705,-2.833354061918536,21.999999999999996,24.542053762914716,-71.50138062678475,-58.08774890206319,FLAT
2026-10-03T07:34:53.964835+00:00,2,PERP,ICP|HTX|MEXC,ICP,HTX,MEXC,-28.416225003854436,-0.08749845451508924,-26.813712803598563,18.314748633411778,-57.21168322794345,0.5377135069650762,26.0,57.91353021178011,-120.311500636125,-117.26495652234375,FLAT
2026-10-03T07:34:54.399963+00:00,2,PERP,ICP|BITGET|HTX,ICP,BITGET,HTX,17.88022198773831,-0.09254526071367468,19.70178289497935,19.682919397426062,-12.632589119164761,48.41149773071152,21.999999999999996,60.93512790331077,-121.26949991745488,-117.64484273904294,FLAT
2026-10-03T07:34:54.794150+00:00,2,PERP,DOT|GATE|HTX,DOT,GATE,HTX,-9.156244383142775,-0.7804884122786546,-0.7729480172514087,10.741090109737993,-29.638420549734647,11.343804537522484,20.0,41.019776002134016,-95.88524853461726,-79.13652855690792,FLAT
2026-10-03T07:34:55.113413+00:00,2,SPOT,ICP|BITGET|HTX,ICP,BITGET,HTX,16.663702436878758,0.8974612396352049,-2.8000873074112635,21.68761043340608,-23.94096790861555,57.31446417342134,60.0,81.12022960035436,-168.26111020155867,-207.23478108118698,FLAT
2026-10-03T07:34:55.585505+00:00,2,PERP,ICP|HTX|OKX,ICP,HTX,OKX,-34.45503425442031,-0.304462463439191,-29.079759045848462,17.654968523387222,-63.23396567299078,-5.517713506965061,20.0,57.91536509078876,-118.06957171793107,-107.47741062967216,FLAT
2026-10-03T07:53:10.497161+00:00,0,PERP,OP|GATE|OKX,OP,GATE,OKX,0.3227474707712119,-0.1401361692456819,1.325462554985008,7.155291097303157,-9.387674895277032,10.047873138050445,20.0,19.434909653251804,-56.148047103513846,-54.15732023631725,FLAT
2026-10-03T07:53:10.824520+00:00,0,PERP,OP|BITGET|GATE,OP,BITGET,GATE,-9.615996166469909,-0.1262523617795143,-8.560672917254436,8.358839663201527,-21.022310070523133,1.7991189057164902,21.999999999999996,22.843391778814958,-63.30502893208365,-61.20318360178588,FLAT
2026-10-03T07:53:11.484721+00:00,0,PERP,ICP|HTX|MEXC,ICP,HTX,MEXC,0.0,1.4280425295287882,-26.520167446647413,18.57099273884951,-39.19204100090501,39.489671931958185,26.0,78.68058707822875,-123.35246063248636,-176.69042645683436,FLAT
2026-10-03T07:53:11.912167+00:00,0,PERP,ICP|BITGET|HTX,ICP,BITGET,HTX,-7.36906797158432,-1.3536797064938453,19.49186679117814,19.842902744205826,-48.367593712212994,33.65582620272312,21.999999999999996,82.08389962172761,-177.94336012511874,-124.24785903327259,FLAT
2026-10-03T07:53:12.311792+00:00,0,PERP,DOT|GATE|HTX,DOT,GATE,HTX,-1.8363716756175652,-0.1179905357114127,-0.5549881218721667,10.860053698539618,-23.069755286433402,19.415540193150616,20.0,42.49309071004504,-91.00785787460627,-88.46361902506783,FLAT
2026-10-03T07:53:12.632947+00:00,0,SPOT,ICP|BITGET|HTX,ICP,BITGET,HTX,-14.472367898533678,-0.5018370888820707,-3.3448759955242684,22.173514372558298,-85.2963536093987,56.42693228359752,60.0,141.9286502335948,-289.8801278474692,-267.7004585127166,FLAT
2026-10-03T07:53:13.086531+00:00,0,PERP,ICP|HTX|OKX,ICP,HTX,OKX,-9.07852927825692,1.118698744286736,-28.91227237906496,17.729297723895908,-48.23635815495941,30.376670716889542,20.0,78.68333689778768,-124.00742267368213,-163.97227999374218,FLAT
2026-10-03T07:53:23.436755+00:00,1,PERP,OP|GATE|OKX,OP,GATE,OKX,1.0565801744011338,-0.03757811903490783,1.325462554985008,7.155291097303157,-8.365403938221938,10.493301257117338,20.0,18.856701317586595,-54.547567810793545,-54.02454001971893,FLAT
2026-10-03T07:53:23.763806+00:00,1,PERP,OP|BITGET|GATE,OP,BITGET,GATE,-11.510039252972115,-0.35284398966303887,-8.560672917254436,8.358839663201527,-23.160096949974562,0.14900075528290202,21.999999999999996,23.335954018541905,-65.93537805126202,-60.04562769107923,FLAT
2026-10-03T07:53:24.424752+00:00,1,PERP,ICP|HTX|MEXC,ICP,HTX,MEXC,-3.0261764260852697,1.265090743986668,-26.520167446647413,18.57099273884951,-42.20681338558907,36.45200486026789,26.0,78.68150312981561,-126.36814906875728,-173.6536754367309,FLAT
2026-10-03T07:53:24.838480+00:00,1,PERP,ICP|BITGET|HTX,ICP,BITGET,HTX,-7.559721802236075,-1.3632878688231913,19.49186679117814,19.842902744205826,-48.367593712212994,33.272837265578836,21.999999999999996,81.70218809393292,-177.56164859732405,-123.48315856833361,FLAT
2026-10-03T07:53:25.238871+00:00,1,PERP,DOT|GATE|HTX,DOT,GATE,HTX,-1.8363716756175652,-0.1179905357114127,-0.5549881218721667,10.860053698539618,-23.069755286433402,19.415540193150616,20.0,42.49309071004504,-91.00785787460627,-88.46361902506783,FLAT
2026-10-03T07:53:25.638447+00:00,1,SPOT,ICP|BITGET|HTX,ICP,BITGET,HTX,-6.459419444344583,-0.14046232800493005,-3.3448759955242684,22.173514372558298,-110.56467422680515,97.7715041897853,60.0,208.4707626226223,-381.69056085390315,-375.58714280793185,FLAT
2026-10-03T07:53:26.106697+00:00,1,PERP,ICP|HTX|OKX,ICP,HTX,OKX,-9.07852927825692,1.118698744286736,-28.91227237906496,17.729297723895908,-48.23635815495941,30.376670716889542,20.0,78.68333689778768,-124.00742267368213,-163.97227999374218,FLAT
2026-10-03T07:53:36.432781+00:00,2,PERP,OP|GATE|OKX,OP,GATE,OKX,1.865546465098511,0.07548035471499707,1.325462554985008,7.155291097303157,-7.007924633434248,10.75027056999689,20.0,17.75487581804934,-52.088263006468594,-53.17968383306122,FLAT
2026-10-03T07:53:36.759286+00:00,2,PERP,OP|BITGET|GATE,OP,BITGET,GATE,-9.79510858903243,-0.14768026682129134,-8.560672917254436,8.358839663201527,-19.971566190911673,0.3891951636569857,21.999999999999996,20.380721468995535,-59.79161474265277,-57.33058954990695,FLAT
2026-10-03T07:53:37.414839+00:00,2,PERP,ICP|HTX|MEXC,ICP,HTX,MEXC,-3.0261764260852697,1.265090743986668,-26.520167446647413,18.57099273884951,-42.20681338558907,36.45200486026789,26.0,78.68150312981561,-126.36814906875728,-173.6536754367309,FLAT
2026-10-03T07:53:37.845726+00:00,2,PERP,ICP|BITGET|HTX,ICP,BITGET,HTX,-7.559721802236075,-1.3632878688231913,19.49186679117814,19.842902744205826,-48.367593712212994,33.272837265578836,21.999999999999996,81.70218809393292,-177.56164859732405,-123.48315856833361,FLAT
2026-10-03T07:53:38.251528+00:00,2,PERP,DOT|GATE|HTX,DOT,GATE,HTX,-1.8363716756175652,-0.1179905357114127,-0.5549881218721667,10.860053698539618,-23.069755286433402,19.415540193150616,20.0,42.49309071004504,-91.00785787460627,-88.46361902506783,FLAT
2026-10-03T07:53:38.575004+00:00,2,SPOT,ICP|BITGET|HTX,ICP,BITGET,HTX,-20.629151280638915,-0.7795009394859607,-3.3448759955242684,22.173514372558298,-99.06258254020028,57.89596183843892,60.0,157.28295220737266,-319.0006587520487,-284.5237900413359,FLAT
2026-10-03T07:53:39.058124+00:00,2,PERP,ICP|HTX|OKX,ICP,HTX,OKX,-9.07852927825692,1.118698744286736,-28.91227237906496,17.729297723895908,-48.23635815495941,30.376670716889542,20.0,78.68333689778768,-124.00742267368213,-163.97227999374218,FLAT
2026-10-03T08:11:35.987373+00:00,0,PERP,OP|GATE|OKX,OP,GATE,OKX,1.601170157745635,0.026466061508390298,1.4105159045239075,7.2037259174844,-8.80009503998802,12.018795422894524,20.0,20.815544683786687,-57.02615562829861,-57.4238242021573,FLAT
2026-10-03T08:11:36.347554+00:00,0,PERP,OP|BITGET|GATE,OP,BITGET,GATE,-4.612573871366488,0.45924745669369144,-8.33773342032238,8.11144295882404,-20.70298009274385,11.497535457865027,21.999999999999996,32.21536306870804,-72.5806097411295,-80.05063194689544,FLAT
2026-10-03T08:11:37.002376+00:00,0,PERP,ICP|HTX|MEXC,ICP,HTX,MEXC,-29.680875630684334,-0.1758879851476254,-26.432686410115906,18.467374095178666,-51.2665862484929,-8.007876401091574,26.0,43.38731105237537,-100.22121089075236,-93.8121210613997,FLAT
2026-10-03T08:11:37.411134+00:00,0,PERP,ICP|BITGET|HTX,ICP,BITGET,HTX,19.656452723819662,0.025812704737229596,19.14832935310572,19.68501076840187,-4.101945916765715,43.43168736746339,21.999999999999996,47.44037636953094,-98.69065163940238,-99.72373438388861,FLAT
2026-10-03T08:11:37.810573+00:00,0,PERP,DOT|GATE|HTX,DOT,GATE,HTX,-1.9134460956737875,-0.08233099543737554,-1.023185580307321,10.813187799285586,-23.362530554793537,19.554338524268022,20.0,42.92507441244755,-91.26441938693375,-89.50259851702289,FLAT
2026-10-03T08:11:38.145731+00:00,0,SPOT,ICP|BITGET|HTX,ICP,BITGET,HTX,-9.735576803563406,-0.3192892573509406,-2.769050322871935,21.81885647669739,-87.10760309023956,67.73996044446395,60.0,154.9983942178589,-305.3369469852265,-291.5074049851948,FLAT
2026-10-03T08:11:38.583188+00:00,0,PERP,ICP|HTX|OKX,ICP,HTX,OKX,-35.724408968684784,-0.40184268884215985,-28.66375695833087,17.57068675480438,-57.29794933654886,-14.063629203271422,20.0,43.38914927056156,-98.02334164877955,-83.989277025621,FLAT
2026-10-03T08:11:48.954370+00:00,1,PERP,OP|GATE|OKX,OP,GATE,OKX,-1.2997708161222032,-0.37623401441022136,1.4105159045239075,7.2037259174844,-10.460268530863015,7.873925744039667,20.0,18.3365681066205,-56.20735254200743,-50.799977946136266,FLAT
2026-10-03T08:11:49.302863+00:00,1,PERP,OP|BITGET|GATE,OP,BITGET,GATE,-7.499723122793567,0.10331211127080449,-8.33773342032238,8.11144295882404,-18.533858762738163,3.542906847897598,21.999999999999996,22.093331729411236,-60.289457071827016,-61.97397199763121,FLAT
2026-10-03T08:11:49.961328+00:00,1,PERP,ICP|HTX|MEXC,ICP,HTX,MEXC,-29.680875630684334,-0.1758879851476254,-26.432686410115906,18.467374095178666,-51.2665862484929,-8.007876401091574,26.0,43.38731105237537,-100.22121089075236,-93.8121210613997,FLAT
2026-10-03T08:11:50.375045+00:00,1,PERP,ICP|BITGET|HTX,ICP,BITGET,HTX,20.658163617108816,0.07669969205333955,19.14832935310572,19.68501076840187,-4.101945916765715,45.4407755225672,21.999999999999996,49.44057606775259,-100.69085133762403,-103.73302223721407,FLAT
2026-10-03T08:11:50.776358+00:00,1,PERP,DOT|GATE|HTX,DOT,GATE,HTX,-1.9134460956737875,-0.08233099543737554,-1.023185580307321,10.813187799285586,-23.362530554793537,19.554338524268022,20.0,42.92507441244755,-91.26441938693375,-89.50259851702289,FLAT
2026-10-03T08:11:51.096921+00:00,1,SPOT,ICP|BITGET|HTX,ICP,BITGET,HTX,56.68643238655457,2.7249586967550363,-2.769050322871935,21.81885647669739,-87.15043667708588,200.7163537201495,60.0,286.24404555703,-436.62543191124394,-555.7294496000515,FLAT
2026-10-03T08:11:51.555840+00:00,1,PERP,ICP|HTX|OKX,ICP,HTX,OKX,-35.724408968684784,-0.40184268884215985,-28.66375695833087,17.57068675480438,-57.29794933654886,-14.063629203271422,20.0,43.38914927056156,-98.02334164877955,-83.989277025621,FLAT
2026-10-03T08:12:01.932974+00:00,2,PERP,OP|GATE|OKX,OP,GATE,OKX,0.28842977727094876,-0.15576468901037818,1.4105159045239075,7.2037259174844,-10.001159236412427,10.594363879357083,20.0,20.594916125218198,-58.00659126615453,-55.778764100051376,FLAT
2026-10-03T08:12:02.261637+00:00,2,PERP,OP|BITGET|GATE,OP,BITGET,GATE,-6.99288685043209,0.1657962185910828,-8.33773342032238,8.11144295882404,-18.763984813842114,4.78727277422708,21.999999999999996,23.567734751718124,-61.993986145237855,-64.69274094626758,FLAT
2026-10-03T08:12:03.086038+00:00,2,PERP,ICP|HTX|MEXC,ICP,HTX,MEXC,-26.659108961681888,-0.012260679314721551,-26.432686410115906,18.467374095178666,-48.25090470446325,-4.979999999999984,26.0,43.38639277870874,-97.20461107305609,-96.83907918882466,FLAT
2026-10-03T08:12:03.606889+00:00,2,PERP,ICP|BITGET|HTX,ICP,BITGET,HTX,16.6036300963035,-0.12927091007168445,19.14832935310572,19.68501076840187,-7.126423391526915,40.35039915202931,21.999999999999996,47.39811857555519,-101.67287132018782,-96.60018837447878,FLAT
2026-10-03T08:12:04.004045+00:00,2,PERP,DOT|GATE|HTX,DOT,GATE,HTX,-2.3286038781711316,-0.12072464865079452,-1.023185580307321,10.813187799285586,-24.19066961074412,19.554338524268022,20.0,43.755187021742735,-92.92267105217952,-90.33271112631807,FLAT
2026-10-03T08:12:04.326502+00:00,2,SPOT,ICP|BITGET|HTX,ICP,BITGET,HTX,-13.611845236618514,-0.4969460670556552,-2.769050322871935,21.81885647669739,-91.09199342741125,63.978024679047785,60.0,155.28130698336489,-309.60425008790423,-288.0283819852846,FLAT
2026-10-03T08:12:04.753000+00:00,2,PERP,ICP|HTX|OKX,ICP,HTX,OKX,-29.680875630684334,-0.05788724632947844,-28.66375695833087,17.57068675480438,-51.2665862484929,-8.007876401091574,20.0,43.38731105237537,-91.9901403425374,-90.04319160961467,FLAT
2026-10-03T08:32:56.741172+00:00,0,PERP,OP|GATE|OKX,OP,GATE,OKX,4.649119157074111,0.4557814608550007,1.377996415394082,7.176954357783065,-5.573916622312325,14.888274679980551,20.0,20.452669913501545,-53.40458295120795,-59.96294817808801,FLAT
2026-10-03T08:32:57.089712+00:00,0,PERP,OP|BITGET|GATE,OP,BITGET,GATE,-9.14935598582689,-0.11067209050649947,-8.251844220166197,8.109648616495459,-24.38063868287932,6.104305167680124,21.999999999999996,30.512844710772125,-74.64163917348525,-72.86899409861844,FLAT
2026-10-03T08:32:57.735303+00:00,0,PERP,ICP|HTX|MEXC,ICP,HTX,MEXC,-0.430699006952473,1.3273252925152088,-25.59398447164145,18.95788892638814,-36.133694670280605,35.518179059179644,26.0,71.65411608878102,-114.19382628742018,-164.76627961960213,FLAT
2026-10-03T08:32:58.172872+00:00,0,PERP,ICP|BITGET|HTX,ICP,BITGET,HTX,-9.698080168245582,-1.4006599785383014,18.476353160680006,20.115112704460806,-47.419758745975706,28.04967375415357,21.999999999999996,75.54268539277838,-169.4387972994341,-113.11600598625195,FLAT
2026-10-03T08:32:58.562656+00:00,0,PERP,DOT|GATE|HTX,DOT,GATE,HTX,-9.212835584737622,-0.7847216447099504,-0.5755471753518382,11.006818108831835,-29.575800987848844,11.167867593113723,20.0,40.781231937292425,-95.78148574978944,-78.52464670575799,FLAT
2026-10-03T08:32:58.890887+00:00,0,SPOT,ICP|BITGET|HTX,ICP,BITGET,HTX,-25.19980623885365,-0.9877499697586793,-3.3173276950891464,22.15386404831851,-105.3734248489968,55.09143343505496,60.0,160.8701617581677,-328.92625891207535,-285.2789228883118,FLAT
2026-10-03T08:32:59.343189+00:00,0,PERP,ICP|HTX|OKX,ICP,HTX,OKX,-6.4736476704918555,1.1991230743475876,-27.909178751170153,17.876005840635518,-42.15597711532793,29.454421851289325,20.0,71.65594321166657,-111.90274157582434,-155.01954381412605,FLAT
2026-10-03T08:33:09.702209+00:00,1,PERP,OP|GATE|OKX,OP,GATE,OKX,4.713871467771913,0.4648037156262856,1.377996415394082,7.176954357783065,-5.037124601472431,14.482482792887996,20.0,19.510394548446445,-51.925515565312956,-58.614880925940355,FLAT
2026-10-03T08:33:10.028097+00:00,1,PERP,OP|BITGET|GATE,OP,BITGET,GATE,-10.732482127930876,-0.3058872245979843,-8.251844220166197,8.109648616495459,-22.84049562836121,1.384816658924759,21.999999999999996,24.251336431824313,-66.83998784001933,-61.88799731091527,FLAT
2026-10-03T08:33:10.757006+00:00,1,PERP,ICP|HTX|MEXC,ICP,HTX,MEXC,-0.430699006952473,1.3273252925152088,-25.59398447164145,18.95788892638814,-36.133694670280605,35.518179059179644,26.0,71.65411608878102,-114.19382628742018,-164.76627961960213,FLAT
2026-10-03T08:33:11.233978+00:00,1,PERP,ICP|BITGET|HTX,ICP,BITGET,HTX,-10.137076761602692,-1.4224841959715826,18.476353160680006,20.115112704460806,-47.419758745975706,27.168097282608272,21.999999999999996,74.66353624589777,-168.55964815255348,-111.35528036782604,FLAT
2026-10-03T08:33:11.621417+00:00,1,PERP,DOT|GATE|HTX,DOT,GATE,HTX,-9.212835584737622,-0.7847216447099504,-0.5755471753518382,11.006818108831835,-29.575800987848844,11.167867593113723,20.0,40.781231937292425,-95.78148574978944,-78.52464670575799,FLAT
2026-10-03T08:33:11.962783+00:00,1,SPOT,ICP|BITGET|HTX,ICP,BITGET,HTX,-26.0107134196097,-1.0243533893241072,-3.3173276950891464,22.15386404831851,-114.54362788600237,62.641318049250216,60.0,177.64693821585524,-354.87323840676845,-309.6055839601946,FLAT
2026-10-03T08:33:12.393530+00:00,1,PERP,ICP|HTX|OKX,ICP,HTX,OKX,-3.4521733387227194,1.3681470922800925,-27.909178751170153,17.876005840635518,-39.14483589280482,32.486300455234485,20.0,71.65502937409957,-108.89068651573425,-158.05050858050421,FLAT
2026-10-03T08:33:22.759208+00:00,2,PERP,OP|GATE|OKX,OP,GATE,OKX,1.865178443545279,0.06788144439331306,1.377996415394082,7.176954357783065,-8.4976602227127,12.24524880298894,20.0,20.7390265123518,-56.61468315045858,-57.60627889994666,FLAT
2026-10-03T08:33:23.115962+00:00,2,PERP,OP|BITGET|GATE,OP,BITGET,GATE,-10.945077223233346,-0.3321023055905245,-8.251844220166197,8.109648616495459,-26.85123233746034,4.985364316236751,21.999999999999996,31.871461687830926,-78.47084980512506,-73.10867022423388,FLAT
2026-10-03T08:33:23.779497+00:00,2,PERP,ICP|HTX|MEXC,ICP,HTX,MEXC,-0.430699006952473,1.3273252925152088,-25.59398447164145,18.95788892638814,-36.133694670280605,35.518179059179644,26.0,71.65411608878102,-114.19382628742018,-164.76627961960213,FLAT
2026-10-03T08:33:24.211965+00:00,2,PERP,ICP|BITGET|HTX,ICP,BITGET,HTX,-10.137076761602692,-1.4224841959715826,18.476353160680006,20.115112704460806,-47.419758745975706,27.168097282608272,21.999999999999996,74.66353624589777,-168.55964815255348,-111.35528036782604,FLAT
2026-10-03T08:33:24.608144+00:00,2,PERP,DOT|GATE|HTX,DOT,GATE,HTX,-9.383443207530151,-0.8002218211556422,-0.5755471753518382,11.006818108831835,-29.575800987848844,10.826503734613357,20.0,40.440243938241764,-95.44049775073877,-77.84229484820696,FLAT
2026-10-03T08:33:24.933980+00:00,2,SPOT,ICP|BITGET|HTX,ICP,BITGET,HTX,-23.240769051788845,-0.8993212792696494,-3.3173276950891464,22.15386404831851,-104.27939305869604,57.90784715455244,60.0,162.56497913229342,-329.5270444959003,-289.790153981935,FLAT
2026-10-03T08:33:25.459211+00:00,2,PERP,ICP|HTX|OKX,ICP,HTX,OKX,-3.4521733387227194,1.3681470922800925,-27.909178751170153,17.876005840635518,-39.14483589280482,32.486300455234485,20.0,71.65502937409957,-108.89068651573425,-158.05050858050421,FLAT
2026-10-03T08:54:39.969244+00:00,0,PERP,OP|GATE|OKX,OP,GATE,OKX,3.05469751273435,0.23024474113855795,1.3986103802929923,7.192725116117846,-10.542234846658838,16.681284941684194,20.0,27.215174072088367,-65.1560192990402,-68.49784863347956,FLAT
2026-10-03T08:54:40.217055+00:00,0,PERP,OP|BITGET|GATE,OP,BITGET,GATE,-12.32401172857056,-0.48506130292628247,-8.378211718478116,8.13464192317174,-27.000112349363505,2.3632664250627933,21.999999999999996,29.399606629251263,-76.02150726013664,-68.14108477279217,FLAT
2026-10-03T08:54:40.917891+00:00,0,PERP,ICP|HTX|MEXC,ICP,HTX,MEXC,-4.826851343943117,1.1443453855931953,-25.92961791968272,18.440906776410465,-42.65956169318685,33.28290468986195,26.0,75.97812920629298,-124.70807297979711,-167.19065181583764,FLAT
2026-10-03T08:54:41.312343+00:00,0,PERP,ICP|BITGET|HTX,ICP,BITGET,HTX,-10.329175983969652,-1.459052435882253,18.644295461283377,19.857731451394677,-51.17399157134051,30.551796245152918,21.999999999999996,81.81027509315817,-179.62856212578205,-121.7177758770277,FLAT
2026-10-03T08:54:41.800830+00:00,0,PERP,DOT|GATE|HTX,DOT,GATE,HTX,1.6239470982748472,0.23634995569507178,-0.9143005628857294,10.739361696497676,-25.319385084149324,28.6142598076089,20.0,53.92484685809591,-104.32993137935952,-109.45340722859055,FLAT
2026-10-03T08:54:42.054789+00:00,0,SPOT,ICP|BITGET|HTX,ICP,BITGET,HTX,5.5908709018992475,0.39565737165201537,-3.02369416134309,21.77279050121916,-36.80762471119148,48.0433975498995,60.0,84.80357527132648,-184.5875058211749,-201.87066698256908,FLAT
2026-10-03T08:54:42.568957+00:00,0,PERP,ICP|HTX|OKX,ICP,HTX,OKX,-10.85621231432743,0.9876759959241724,-28.160637943795003,17.520346450533864,-48.667006904833386,27.23146747352523,20.0,75.97994972014936,-122.48631868118775,-157.3720551374696,FLAT
2026-10-03T08:54:52.868183+00:00,1,PERP,OP|GATE|OKX,OP,GATE,OKX,0.3406322162113895,-0.1470900315251626,1.3986103802929923,7.192725116117846,-12.387057775631316,13.094812201615014,20.0,25.480974475164587,-65.2666426310889,-63.17717629648661,FLAT
2026-10-03T08:54:53.111005+00:00,1,PERP,OP|BITGET|GATE,OP,BITGET,GATE,-8.015025169751944,0.04464690052202868,-8.378211718478116,8.13464192317174,-25.99866218297553,9.996025924283725,21.999999999999996,36.02354018642407,-81.64399065092148,-82.39777782918591,FLAT
2026-10-03T08:54:53.749318+00:00,1,PERP,ICP|HTX|MEXC,ICP,HTX,MEXC,-4.826851343943117,1.1443453855931953,-25.92961791968272,18.440906776410465,-42.65956169318685,33.28290468986195,26.0,75.97812920629298,-124.70807297979711,-167.19065181583764,FLAT
2026-10-03T08:54:54.152611+00:00,1,PERP,ICP|BITGET|HTX,ICP,BITGET,HTX,-10.555850562673497,-1.4704673640808072,18.644295461283377,19.857731451394677,-51.17399157134051,30.0964007004767,21.999999999999996,81.35625640378878,-179.17454343641265,-120.8083616429821,FLAT
2026-10-03T08:54:54.527147+00:00,1,PERP,DOT|GATE|HTX,DOT,GATE,HTX,1.6239470982748472,0.23634995569507178,-0.9143005628857294,10.739361696497676,-25.319385084149324,28.6142598076089,20.0,53.92484685809591,-104.32993137935952,-109.45340722859055,FLAT
2026-10-03T08:54:54.778839+00:00,1,SPOT,ICP|BITGET|HTX,ICP,BITGET,HTX,5.4438443920745705,0.3889046079299539,-3.02369416134309,21.77279050121916,-37.100241058964926,48.0433975498995,60.0,85.09727684052011,-185.17382373814195,-202.16436855176272,FLAT
2026-10-03T08:54:55.217962+00:00,1,PERP,ICP|HTX|OKX,ICP,HTX,OKX,-7.253716998841808,1.193293808657313,-28.160637943795003,17.520346450533864,-45.66328429900901,31.43712025973633,20.0,77.15534476149396,-120.65799111670796,-162.75310296502528,FLAT
2026-10-03T08:55:05.518132+00:00,2,PERP,OP|GATE|OKX,OP,GATE,OKX,3.083389072706666,0.2342337104803756,1.3986103802929923,7.192725116117846,-9.809037232048068,16.003810564666487,20.0,25.80486079210425,-63.01250840444531,-66.41006097647775,FLAT
2026-10-03T08:55:05.760533+00:00,2,PERP,OP|BITGET|GATE,OP,BITGET,GATE,-10.05843730566891,-0.20655188059410795,-8.378211718478116,8.13464192317174,-28.00638381285858,7.9168688760744566,21.999999999999996,35.95940138984732,-83.58757348422778,-80.25448198439989,FLAT
2026-10-03T08:55:06.456738+00:00,2,PERP,ICP|HTX|MEXC,ICP,HTX,MEXC,1.202509626441195,1.4713011607884285,-25.92961791968272,18.440906776410465,-36.65211648153699,39.33434190620089,26.0,75.97631088747966,-118.69880944933394,-173.24027071336326,FLAT
2026-10-03T08:55:06.865684+00:00,2,PERP,ICP|BITGET|HTX,ICP,BITGET,HTX,-14.746792902814443,-1.6815157585260145,18.644295461283377,19.857731451394677,-54.167920553714886,24.69807526459089,21.999999999999996,78.98246247355776,-179.79467848855603,-113.03624227686527,FLAT
2026-10-03T08:55:07.254725+00:00,2,PERP,DOT|GATE|HTX,DOT,GATE,HTX,-2.399820850871315,-0.13832482134110854,-0.9143005628857294,10.739361696497676,-25.319385084149324,20.541225328465362,20.0,45.871608714385104,-96.27669323564871,-93.32713460573619,FLAT
2026-10-03T08:55:07.524823+00:00,2,SPOT,ICP|BITGET|HTX,ICP,BITGET,HTX,4.237859531759369,0.33351506747359055,-3.02369416134309,21.77279050121916,-39.59460388387459,48.12523452641493,60.0,87.68264536284957,-190.25355508538107,-204.83157405060757,FLAT
2026-10-03T08:55:07.968690+00:00,2,PERP,ICP|HTX|OKX,ICP,HTX,OKX,-4.826851343943117,1.3318107987037482,-28.160637943795003,17.520346450533864,-42.65956169318685,33.28290468986195,20.0,75.97812920629298,-116.47705295568483,-163.42167183994994,FLAT
2026-10-03T09:14:42.702145+00:00,0,PERP,OP|GATE|OKX,OP,GATE,OKX,-1.1589643314879883,-0.33761426467202355,1.3144624480696439,7.326191569424504,-13.563894292556444,11.270071189162234,20.0,24.836820582117305,-65.71517732274339,-60.792429323209895,FLAT
2026-10-03T09:14:43.030296+00:00,0,PERP,OP|BITGET|GATE,OP,BITGET,GATE,-9.15715969801778,-0.10478845650807347,-8.30561654771533,8.12630683453996,-23.306812477028593,5.0051265810413526,21.999999999999996,28.337882872582107,-71.33907880189537,-69.64862600133878,FLAT
2026-10-03T09:14:43.719042+00:00,0,PERP,ICP|HTX|MEXC,ICP,HTX,MEXC,-17.716969971561802,0.4238240148598154,-25.489970598749082,18.34016090324256,-41.866028708132944,6.542196514423004,26.0,48.49389125662736,-96.86994936601123,-112.52605836979944,FLAT
2026-10-03T09:14:44.153625+00:00,0,PERP,ICP|BITGET|HTX,ICP,BITGET,HTX,2.7315531226412837,-0.7673399842715246,17.95168666202104,19.834928260422938,-24.506385711373646,29.994001199760145,21.999999999999996,54.48549288731407,-124.94356526070875,-94.52780742505317,FLAT
2026-10-03T09:14:44.549695+00:00,0,PERP,DOT|GATE|HTX,DOT,GATE,HTX,-5.345161177267022,-0.4294867429116556,-0.6953524347955307,10.826431360718264,-29.28228627374296,18.61279692625395,20.0,47.92068851861337,-102.50762235756079,-93.22883787966285,FLAT
2026-10-03T09:14:44.905378+00:00,0,SPOT,ICP|BITGET|HTX,ICP,BITGET,HTX,-2.5521256711935614,0.034921483415602604,-3.3113110449945378,21.739780202515085,-77.71983339883715,72.7396343737996,60.0,150.4977744161041,-290.9062967699467,-292.54871983489824,FLAT
2026-10-03T09:14:45.401442+00:00,0,PERP,ICP|HTX|OKX,ICP,HTX,OKX,-23.711435084924346,0.23256170702803067,-27.763123578398087,17.4219932647183,-47.84688995215336,0.5340655048091669,20.0,48.495695403945234,-94.57946177770052,-102.79288448715249,FLAT
2026-10-03T09:14:55.746945+00:00,1,PERP,OP|GATE|OKX,OP,GATE,OKX,-0.08082792745112144,-0.19045234652939466,1.3144624480696439,7.326191569424504,-11.68822481436349,11.549625286273457,20.0,23.23801505247567,-62.24070231490881,-59.47317789067949,FLAT
2026-10-03T09:14:56.098446+00:00,1,PERP,OP|BITGET|GATE,OP,BITGET,GATE,-10.704168892302635,-0.2951589686956596,-8.30561654771533,8.12630683453996,-26.823663382350425,5.435406636349338,21.999999999999996,32.29362516018458,-78.81167199481968,-74.03464834424925,FLAT
2026-10-03T09:14:56.757700+00:00,1,PERP,ICP|HTX|MEXC,ICP,HTX,MEXC,-17.716969971561802,0.4238240148598154,-25.489970598749082,18.34016090324256,-41.866028708132944,6.542196514423004,26.0,48.49389125662736,-96.86994936601123,-112.52605836979944,FLAT
2026-10-03T09:14:57.217715+00:00,1,PERP,ICP|BITGET|HTX,ICP,BITGET,HTX,2.7315531226412837,-0.7673399842715246,17.95168666202104,19.834928260422938,-24.506385711373646,29.994001199760145,21.999999999999996,54.48549288731407,-124.94356526070875,-94.52780742505317,FLAT
2026-10-03T09:14:57.610132+00:00,1,PERP,DOT|GATE|HTX,DOT,GATE,HTX,-5.345161177267022,-0.4294867429116556,-0.6953524347955307,10.826431360718264,-29.28228627374296,18.61279692625395,20.0,47.92068851861337,-102.50762235756079,-93.22883787966285,FLAT
2026-10-03T09:14:57.944636+00:00,1,SPOT,ICP|BITGET|HTX,ICP,BITGET,HTX,46.62807220982445,2.2971429696902583,-3.3113110449945378,21.739780202515085,-78.01020581381657,171.4756994664457,60.0,248.32782483579837,-389.0267196046204,-489.11483534723857,FLAT
2026-10-03T09:14:58.407891+00:00,1,PERP,ICP|HTX|OKX,ICP,HTX,OKX,-23.711435084924346,0.23256170702803067,-27.763123578398087,17.4219932647183,-47.84688995215336,0.5340655048091669,20.0,48.495695403945234,-94.57946177770052,-102.79288448715249,FLAT
2026-10-03T09:15:08.763131+00:00,2,PERP,OP|GATE|OKX,OP,GATE,OKX,-3.6147684450049677,-0.6728230959242879,1.3144624480696439,7.326191569424504,-14.4321084326815,7.22149896217994,20.0,21.661420952496258,-63.4079918332474,-53.56845746660655,FLAT
2026-10-03T09:15:09.110410+00:00,2,PERP,OP|BITGET|GATE,OP,BITGET,GATE,-13.338187052881478,-0.6192936850200843,-8.30561654771533,8.12630683453996,-31.024204826668456,4.37456852697693,21.999999999999996,35.44603173789963,-86.16462001685275,-76.12621681259189,FLAT
2026-10-03T09:15:09.837220+00:00,2,PERP,ICP|HTX|MEXC,ICP,HTX,MEXC,-17.716969971561802,0.4238240148598154,-25.489970598749082,18.34016090324256,-41.866028708132944,6.542196514423004,26.0,48.49389125662736,-96.86994936601123,-112.52605836979944,FLAT
2026-10-03T09:15:10.270608+00:00,2,PERP,ICP|BITGET|HTX,ICP,BITGET,HTX,3.541837385383495,-0.7264886006867909,17.95168666202104,19.834928260422938,-24.506385711373646,31.619849504951336,21.999999999999996,56.10634744989256,-126.56441982328724,-97.77451029282285,FLAT
2026-10-03T09:15:10.729513+00:00,2,PERP,DOT|GATE|HTX,DOT,GATE,HTX,-5.345161177267022,-0.4294867429116556,-0.6953524347955307,10.826431360718264,-29.28228627374296,18.61279692625395,20.0,47.92068851861337,-102.50762235756079,-93.22883787966285,FLAT
2026-10-03T09:15:11.073320+00:00,2,SPOT,ICP|BITGET|HTX,ICP,BITGET,HTX,-7.67868603399946,-0.20089324493260785,-3.3113110449945378,21.739780202515085,-76.68397157746587,61.45521042836499,60.0,138.24521642722036,-277.61787695969167,-269.0117379005799,FLAT
2026-10-03T09:15:11.561399+00:00,2,PERP,ICP|HTX|OKX,ICP,HTX,OKX,-26.708667641605068,0.06052441421432663,-27.763123578398087,17.4219932647183,-50.83732057416079,-2.4700000000010824,20.0,48.496598290888386,-97.57079528665109,-99.78972186928539,FLAT
2026-10-03T09:35:19.743955+00:00,0,PERP,OP|GATE|OKX,OP,GATE,OKX,3.7817816257268433,0.2875092259590321,1.6539432154523261,7.4009395809013725,-6.1611765490821035,13.73996101325492,20.0,19.89360259444882,-53.70872235898325,-57.97962039225142,FLAT
2026-10-03T09:35:20.102324+00:00,0,PERP,OP|BITGET|GATE,OP,BITGET,GATE,-9.46886261512625,-0.10488034321942497,-8.572033410133265,8.55097511567718,-20.92612327266652,1.9971641178972988,21.999999999999996,22.945010353410037,-63.299100215943284,-61.5142078814406,FLAT
2026-10-03T09:35:20.766280+00:00,0,PERP,ICP|HTX|MEXC,ICP,HTX,MEXC,-15.44684727853518,0.5384401123032627,-25.365445617094263,18.420987054866156,-32.993401319737494,2.156289156625135,26.0,35.20397844042168,-74.83193414306491,-94.72571321414108,FLAT
2026-10-03T09:35:21.175796+00:00,0,PERP,ICP|BITGET|HTX,ICP,BITGET,HTX,4.934481519620615,-0.6667278171087697,18.076724333546956,19.71155616532844,-14.172463932825563,24.052916416115178,21.999999999999996,38.206523956907354,-98.45571222327987,-72.18271603947557,FLAT
2026-10-03T09:35:21.578174+00:00,0,PERP,DOT|GATE|HTX,DOT,GATE,HTX,-10.459452177491446,-0.8915918917425674,-0.7918973421854509,10.843026865589021,-31.682440078185657,10.781974461604449,20.0,42.50886848109038,-99.3994112170906,-80.08274028488029,FLAT
2026-10-03T09:35:21.911139+00:00,0,SPOT,ICP|BITGET|HTX,ICP,BITGET,HTX,-4.992400450142265,-0.05470160350386222,-3.771218393384895,22.324428874761374,-59.53397277694283,49.62816303131889,60.0,109.21660395149755,-230.97935833505548,-228.61598537620134,FLAT
2026-10-03T09:35:22.452983+00:00,0,PERP,ICP|HTX|OKX,ICP,HTX,OKX,-24.630158184213435,0.18528824265121202,-27.846840884423553,17.360425325341478,-42.33230452494907,-6.870927710843633,20.0,35.54884228350198,-76.0343059240275,-82.52475545708191,FLAT
2026-10-03T09:35:32.855749+00:00,1,PERP,OP|GATE|OKX,OP,GATE,OKX,4.315252741273756,0.3595907650278784,1.6539432154523261,7.4009395809013725,-6.879560404355889,15.529341214781667,20.0,22.399219209986196,-56.932722829794415,-62.27461720931554,FLAT
2026-10-03T09:35:33.190613+00:00,1,PERP,OP|BITGET|GATE,OP,BITGET,GATE,-8.443400234972032,0.015043100163559166,-8.572033410133265,8.55097511567718,-24.93803412626172,8.076263974428066,21.999999999999996,33.04217795686766,-77.40817867299612,-77.69047534142899,FLAT
2026-10-03T09:35:34.143471+00:00,1,PERP,ICP|HTX|MEXC,ICP,HTX,MEXC,-21.455304117843355,0.2122655798847647,-25.365445617094263,18.420987054866156,-38.99220155968774,-3.861855421688487,26.0,35.2057901978688,-80.83254614046227,-88.70938039327457,FLAT
2026-10-03T09:35:34.572132+00:00,1,PERP,ICP|BITGET|HTX,ICP,BITGET,HTX,8.490694111857877,-0.48631524275847826,18.076724333546956,19.71155616532844,-11.171012915073275,28.166383453669397,21.999999999999996,39.3040195580443,-96.55175680666454,-77.39367867816674,FLAT
2026-10-03T09:35:35.039870+00:00,1,PERP,DOT|GATE|HTX,DOT,GATE,HTX,-9.930984629993311,-0.8428538821398007,-0.7918973421854509,10.843026865589021,-31.962554171398594,12.122679318820051,20.0,44.129046905713835,-101.29970373492698,-83.04362356671933,FLAT
2026-10-03T09:35:35.361610+00:00,1,SPOT,ICP|BITGET|HTX,ICP,BITGET,HTX,-1.4474101836525755,0.10409261633382587,-3.771218393384895,22.324428874761374,-55.498522222222626,52.676429068032604,60.0,108.19056200706929,-225.917865835907,-230.63820946848676,FLAT
2026-10-03T09:35:35.859094+00:00,1,PERP,ICP|HTX|OKX,ICP,HTX,OKX,-24.45953253749744,0.19511666813724704,-27.846840884423553,17.360425325341478,-41.9916016796662,-6.870927710843633,20.0,35.20669689503956,-75.35145769028222,-82.18261006861948,FLAT
2026-10-03T09:35:46.237177+00:00,2,PERP,OP|GATE|OKX,OP,GATE,OKX,3.065261480517112,0.19069447191634809,1.6539432154523261,7.4009395809013725,-6.770735046217613,12.916093113306548,20.0,19.680784305453482,-54.105462567123425,-56.94293420330771,FLAT
2026-10-03T09:35:46.568134+00:00,2,PERP,OP|BITGET|GATE,OP,BITGET,GATE,-8.153034580393737,0.04900012268441118,-8.572033410133265,8.55097511567718,-21.442446400672388,5.149804824147175,21.999999999999996,26.613942884314294,-67.4843558748534,-68.33578111859472,FLAT
2026-10-03T09:35:47.304498+00:00,2,PERP,ICP|HTX|MEXC,ICP,HTX,MEXC,-21.455304117843355,0.2122655798847647,-25.365445617094263,18.420987054866156,-38.99220155968774,-3.861855421688487,26.0,35.2057901978688,-80.83254614046227,-88.70938039327457,FLAT
2026-10-03T09:35:47.708238+00:00,2,PERP,ICP|BITGET|HTX,ICP,BITGET,HTX,7.942579680029205,-0.5141219987158174,18.076724333546956,19.71155616532844,-11.171012915073275,27.06766917293102,21.999999999999996,38.20833135970521,-95.45606860832544,-75.19927619908927,FLAT
2026-10-03T09:35:48.110010+00:00,2,PERP,DOT|GATE|HTX,DOT,GATE,HTX,-9.930984629993311,-0.8428538821398007,-0.7918973421854509,10.843026865589021,-31.962554171398594,12.122679318820051,20.0,44.129046905713835,-101.29970373492698,-83.04362356671933,FLAT
2026-10-03T09:35:48.432987+00:00,2,SPOT,ICP|BITGET|HTX,ICP,BITGET,HTX,-0.927906256205091,0.1273632643921421,-3.771218393384895,22.324428874761374,-56.557610045031566,54.78258194116403,60.0,111.35046565132645,-230.1368573029731,-235.90426598587536,FLAT
2026-10-03T09:35:48.940127+00:00,2,PERP,ICP|HTX|OKX,ICP,HTX,OKX,-24.45953253749744,0.19511666813724704,-27.846840884423553,17.360425325341478,-41.9916016796662,-6.870927710843633,20.0,35.20669689503956,-75.35145769028222,-82.18261006861948,FLAT
2026-10-03T09:52:37.013509+00:00,0,PERP,OP|GATE|OKX,OP,GATE,OKX,5.0085110753284035,0.5053675225813449,1.2529590067349163,7.43132849022562,-9.565528794481803,19.61723270278215,20.0,29.16811139941816,-65.98659920063488,-73.5323850954654,FLAT
2026-10-03T09:52:37.239602+00:00,0,PERP,OP|BITGET|GATE,OP,BITGET,GATE,-10.45845816500468,-0.29155125895818984,-8.03242590959382,8.321117405151616,-27.427776294451924,6.528216354633187,21.999999999999996,33.99153368077337,-81.38688406563148,-76.55217594500039,FLAT
2026-10-03T09:52:37.886353+00:00,0,PERP,ICP|HTX|MEXC,ICP,HTX,MEXC,17.63649438641046,2.19910224703963,-24.86464433504297,19.326586009662478,-20.93927609931212,56.499969834089555,26.0,77.30184368875861,-105.37647545302775,-190.66645785789115,FLAT
2026-10-03T09:52:38.285817+00:00,0,PERP,ICP|BITGET|HTX,ICP,BITGET,HTX,-30.35568266274047,-2.3071231436495023,17.49455465733594,20.74021815948018,-71.14020348975791,10.459615873015249,21.999999999999996,81.84826374615537,-198.4830218932492,-102.81332496183468,FLAT
2026-10-03T09:52:38.742046+00:00,0,PERP,DOT|GATE|HTX,DOT,GATE,HTX,-17.448353726685628,-1.5108099124515602,-0.9104487416149011,10.94638369047699,-39.51890034364247,4.641170144454865,20.0,44.23724904978391,-108.84570065181148,-75.78886793585367,FLAT
2026-10-03T09:52:38.965183+00:00,0,SPOT,ICP|BITGET|HTX,ICP,BITGET,HTX,-13.072205620411337,-0.399074425997629,-3.976073944398886,22.7930708746205,-85.24291855171673,59.1711659779115,60.0,144.60307608746558,-291.86992069478345,-273.750316009776,FLAT
2026-10-03T09:52:39.362609+00:00,0,PERP,ICP|HTX|OKX,ICP,HTX,OKX,11.63161712318006,2.133880544990585,-27.304306162201332,18.246533704422138,-26.921926413401298,50.472699849171136,20.0,77.30364135119838,-102.92126160239835,-181.08064736257086,FLAT
2026-10-03T09:52:49.611591+00:00,1,PERP,OP|GATE|OKX,OP,GATE,OKX,4.1047231259327965,0.38374889805352946,1.2529590067349163,7.43132849022562,-8.740343562420039,16.977711553778363,20.0,25.707472596221685,-61.70077516537664,-67.43222514326513,FLAT
2026-10-03T09:52:49.832307+00:00,1,PERP,OP|BITGET|GATE,OP,BITGET,GATE,-9.513286801958731,-0.17796418681078907,-8.03242590959382,8.321117405151616,-24.1143885303452,5.098809731947096,21.999999999999996,29.241011937533642,-73.32297455828501,-70.37224757907455,FLAT
2026-10-03T09:52:50.540455+00:00,1,PERP,ICP|HTX|MEXC,ICP,HTX,MEXC,16.511558090661627,2.1408955728144763,-24.86464433504297,19.326586009662478,-20.93927609931212,54.23320277191834,26.0,75.04758800964335,-103.12221977391249,-186.14543511660466,FLAT
2026-10-03T09:52:50.947116+00:00,1,PERP,ICP|BITGET|HTX,ICP,BITGET,HTX,-27.915141908518848,-2.189451249580921,17.49455465733594,20.74021815948018,-67.77829144224978,11.979634621144264,21.999999999999996,79.98118212701772,-193.25402822660345,-102.46626209082604,FLAT
2026-10-03T09:52:51.335976+00:00,1,PERP,DOT|GATE|HTX,DOT,GATE,HTX,-18.994586041486407,-1.6520649934465699,-0.9104487416149011,10.94638369047699,-39.51890034364247,1.5473759943751553,20.0,41.144420878367626,-105.7528724803952,-69.60224561435768,FLAT
2026-10-03T09:52:51.557781+00:00,1,SPOT,ICP|BITGET|HTX,ICP,BITGET,HTX,8.714565928367168,0.5567762212724375,-3.976073944398886,22.7930708746205,-78.08338095817379,95.6036041676267,60.0,173.535708515026,-313.6430155288009,-339.1153866270516,FLAT
2026-10-03T09:52:51.960688+00:00,1,PERP,ICP|HTX|OKX,ICP,HTX,OKX,10.507355148603459,2.072265446320961,-27.304306162201332,18.246533704422138,-26.921926413401298,48.20729135281532,20.0,75.0493856720831,-100.66700592328307,-176.56098318709974,FLAT
2026-10-03T09:53:02.212790+00:00,2,PERP,OP|GATE|OKX,OP,GATE,OKX,2.4701258890891253,0.16378859903113435,1.2529590067349163,7.43132849022562,-11.95169224890491,16.92583168477979,20.0,28.870352826061946,-68.07500408170178,-70.54322550410683,FLAT
2026-10-03T09:53:02.432674+00:00,2,PERP,OP|BITGET|GATE,OP,BITGET,GATE,-8.408635705552392,-0.045211451496365046,-8.03242590959382,8.321117405151616,-25.034743970910878,8.2342640163513,21.999999999999996,33.2969977447298,-78.29931580604685,-77.56368767067491,FLAT
2026-10-03T09:53:04.094000+00:00,2,PERP,ICP|HTX|MEXC,ICP,HTX,MEXC,16.511558090661627,2.1408955728144763,-24.86464433504297,19.326586009662478,-20.93927609931212,54.23320277191834,26.0,75.04758800964335,-103.12221977391249,-186.14543511660466,FLAT
2026-10-03T09:53:04.544463+00:00,2,PERP,ICP|BITGET|HTX,ICP,BITGET,HTX,-28.021877611336123,-2.194597564918423,17.49455465733594,20.74021815948018,-68.22519449431464,12.2160969442775,21.999999999999996,80.66732148752618,-194.38707063917676,-103.38886377446774,FLAT
2026-10-03T09:53:04.934363+00:00,2,PERP,DOT|GATE|HTX,DOT,GATE,HTX,-15.022791070796737,-1.2892241609856165,-0.9104487416149011,10.94638369047699,-39.51890034364247,9.51390973078281,20.0,49.10654821236149,-113.71499981438906,-85.5309066847592,FLAT
2026-10-03T09:53:05.181305+00:00,2,SPOT,ICP|BITGET|HTX,ICP,BITGET,HTX,20.521258441119627,1.0747710354727,-3.976073944398886,22.7930708746205,-78.61830993207919,119.77022115525094,60.0,197.9821864042935,-338.6244223919738,-387.7284815039433,FLAT
2026-10-03T09:53:05.613021+00:00,2,PERP,ICP|HTX|OKX,ICP,HTX,OKX,10.507355148603459,2.072265446320961,-27.304306162201332,18.246533704422138,-26.921926413401298,48.20729135281532,20.0,75.0493856720831,-100.66700592328307,-176.56098318709974,FLAT
2026-10-03T10:27:42.277111+00:00,0,PERP,OP|GATE|OKX,OP,GATE,OKX,1.8526919233541328,0.05227341139424205,1.4728973586110305,7.265540063546281,-8.330749163972806,12.05280987450097,20.0,20.379769650789815,-56.183416173373644,-56.95968216667975,FLAT
2026-10-03T10:27:42.576448+00:00,0,PERP,OP|BITGET|GATE,OP,BITGET,GATE,-10.745461744802176,-0.2996410254872593,-8.30439040224081,8.146652610709213,-25.788622768497802,4.318437591588342,21.999999999999996,30.13943228680874,-75.62366465306573,-70.76226028063789,FLAT
2026-10-03T10:27:43.213499+00:00,0,PERP,ICP|HTX|MEXC,ICP,HTX,MEXC,-18.33566380594842,0.342117218867817,-24.680128478757474,18.544710183851777,-42.05467107239569,5.48940248711105,26.0,47.63117188357802,-97.00571447721623,-109.80070284944654,FLAT
2026-10-03T10:27:43.666949+00:00,0,PERP,ICP|BITGET|HTX,ICP,BITGET,HTX,7.804629128103091,-0.48094854943717436,17.3444153786403,19.83535715348566,-17.52797344808932,33.1525015069345,21.999999999999996,50.64094697331774,-113.51333580004736,-94.44903310161195,FLAT
2026-10-03T10:27:44.052880+00:00,0,PERP,DOT|GATE|HTX,DOT,GATE,HTX,-5.4874485558698005,-0.3574300996815919,-1.4383626611385685,11.328329366604166,-23.91407517776223,12.956816475484523,20.0,36.89112703150528,-85.36683954812894,-77.28630616812836,FLAT
2026-10-03T10:27:44.334869+00:00,0,SPOT,ICP|BITGET|HTX,ICP,BITGET,HTX,29.768417311928363,1.5078393872918074,-3.4361207016493647,22.021269833795472,-34.50939705484046,94.1112962717794,60.0,128.23891346361606,-225.31218981680715,-291.7863304370448,FLAT
2026-10-03T10:27:45.076334+00:00,0,PERP,ICP|HTX|OKX,ICP,HTX,OKX,-24.35687589232627,0.16439560252767815,-27.243830134097717,17.56101864881326,-48.06248122559475,-0.5452714588993768,20.0,47.632992397434414,-94.45164348893144,-100.33155107263275,FLAT
2026-10-03T10:27:55.429491+00:00,1,PERP,OP|GATE|OKX,OP,GATE,OKX,3.3875316881992745,0.2635226442690234,1.4728973586110305,7.265540063546281,-8.650193101478187,15.447468597624692,20.0,24.08948083702021,-60.21257129710943,-64.06405207603387,FLAT
2026-10-03T10:27:55.726645+00:00,1,PERP,OP|BITGET|GATE,OP,BITGET,GATE,-11.827625226823457,-0.4324763793108309,-8.30439040224081,8.146652610709213,-23.945680895958166,0.2995144420658846,21.999999999999996,24.273902196298003,-67.91519269001535,-60.877807040604694,FLAT
2026-10-03T10:27:56.373129+00:00,1,PERP,ICP|HTX|MEXC,ICP,HTX,MEXC,-6.2932396331927265,0.9914896842969023,-24.680128478757474,18.544710183851777,-30.039050765996443,17.558750379131904,26.0,47.62753743702694,-84.98645972426591,-121.86641629491632,FLAT
2026-10-03T10:27:56.767408+00:00,1,PERP,ICP|BITGET|HTX,ICP,BITGET,HTX,-4.30275436152705,-1.0913425744070002,17.3444153786403,19.83535715348566,-29.812112305982463,21.22304221620075,21.999999999999996,51.0571178508843,-126.21364553550706,-82.93574468844474,FLAT
2026-10-03T10:27:57.210722+00:00,1,PERP,DOT|GATE|HTX,DOT,GATE,HTX,-9.420452272395075,-0.7046131298748824,-1.4383626611385685,11.328329366604166,-31.390532278554595,12.586337073274834,20.0,44.018305944027844,-99.97047556144386,-84.04300567844125,FLAT
2026-10-03T10:27:57.508406+00:00,1,SPOT,ICP|BITGET|HTX,ICP,BITGET,HTX,-33.022219531605444,-1.3435237410583407,-3.4361207016493647,22.021269833795472,-134.34378670544643,68.40795860486804,60.0,203.42343646679447,-400.33110247059153,-341.26751577331186,FLAT
2026-10-03T10:27:57.925818+00:00,1,PERP,ICP|HTX|OKX,ICP,HTX,OKX,-12.314451719570574,0.8501430761555533,-27.243830134097717,17.56101864881326,-36.04686091919662,11.524076433120367,20.0,47.62935356476471,-82.43238434986361,-112.39726013198279,FLAT
2026-10-03T10:28:08.229982+00:00,2,PERP,OP|GATE|OKX,OP,GATE,OKX,4.035030060536293,0.3526417416346468,1.4728973586110305,7.265540063546281,-8.67437840100238,16.770787019357858,20.0,25.434875087906235,-61.58215084751964,-66.73276474865307,FLAT
2026-10-03T10:28:08.540315+00:00,2,PERP,OP|BITGET|GATE,OP,BITGET,GATE,-15.116965925545678,-0.8362423008376928,-8.30439040224081,8.146652610709213,-29.428755634050006,-0.793767588165295,21.999999999999996,28.67833644399064,-77.80270167579984,-64.18895925806615,FLAT
2026-10-03T10:28:09.242462+00:00,2,PERP,ICP|HTX|MEXC,ICP,HTX,MEXC,-0.31581139051772844,1.313814928715118,-24.680128478757474,18.544710183851777,-24.031240612798488,23.505451788961018,26.0,47.53795807976407,-78.88907021380508,-127.72353834748256,FLAT
2026-10-03T10:28:09.682198+00:00,2,PERP,ICP|BITGET|HTX,ICP,BITGET,HTX,-8.687485822751473,-1.3123989147237107,17.3444153786403,19.83535715348566,-35.40693466803302,18.055973517909774,21.999999999999996,53.509383603836156,-134.26073365050948,-82.22094174310563,FLAT
2026-10-03T10:28:10.156188+00:00,2,PERP,DOT|GATE|HTX,DOT,GATE,HTX,-12.94031413391683,-1.0153263645993498,-1.4383626611385685,11.328329366604166,-36.595783059147905,10.735321431489808,20.0,47.3924231824741,-108.54984358048343,-85.56610727510247,FLAT
2026-10-03T10:28:10.447371+00:00,2,SPOT,ICP|BITGET|HTX,ICP,BITGET,HTX,29.471329127988,1.4943484221393606,-3.4361207016493647,22.021269833795472,-46.91883060733648,105.96737565334857,60.0,152.43688117537897,-261.9195910810661,-327.8403775303769,FLAT
2026-10-03T10:28:10.876137+00:00,2,PERP,ICP|HTX|OKX,ICP,HTX,OKX,-9.347589974237902,1.0190889559284881,-27.243830134097717,17.56101864881326,-33.0429558425982,14.45352031534286,20.0,47.54067981061834,-79.33980551911883,-115.23803026005892,FLAT
2026-10-03T11:05:00.930368+00:00,0,PERP,OP|GATE|OKX,OP,GATE,OKX,3.627290768628555,0.2739648412983484,1.6201427086684792,7.326297967461768,-7.262251406273679,14.536881388875766,20.0,21.791210051288395,-56.673604166230554,-60.707948731495684,FLAT
2026-10-03T11:05:01.256231+00:00,0,PERP,OP|BITGET|GATE,OP,BITGET,GATE,-12.225199504042328,-0.4439640584167144,-8.67238835312896,8.002474712893585,-28.040320475419822,3.6111356065116063,21.999999999999996,31.690183745181898,-79.05811586747276,-71.97370770482246,FLAT
2026-10-03T11:05:01.975781+00:00,0,PERP,ICP|HTX|MEXC,ICP,HTX,MEXC,-7.366903092805854,0.9060339162874116,-24.117888703240453,18.488254478456916,-24.06015037593967,9.37724870938128,26.0,33.46197270017892,-65.40423437287814,-98.95711011280065,FLAT
2026-10-03T11:05:03.324616+00:00,0,PERP,ICP|BITGET|HTX,ICP,BITGET,HTX,-3.1744297576652425,-0.9941689301664742,16.405080455065157,19.694349339052263,-21.398122351119486,15.06024096385783,21.999999999999996,36.46993713467782,-102.27313994086246,-63.1250976434705,FLAT
2026-10-03T11:05:03.719975+00:00,0,PERP,DOT|GATE|HTX,DOT,GATE,HTX,-4.1400005001024365,-0.29946423856224885,-0.783364400757442,11.208804481832175,-29.769496940351694,21.533169323115775,20.0,51.323877172524504,-106.31000971211876,-99.64041089639773,FLAT
2026-10-03T11:05:04.025084+00:00,0,SPOT,ICP|BITGET|HTX,ICP,BITGET,HTX,-2.9366259385610327,0.02136704324393266,-3.404616987190859,21.90247116959976,-36.41470897682852,30.580384099037072,60.0,67.01475018298788,-166.02484217262554,-166.9997512692158,FLAT
2026-10-03T11:05:04.527852+00:00,0,PERP,ICP|HTX|OKX,ICP,HTX,OKX,-14.7074796403035,0.678228185832114,-26.639705991418968,17.59323277972574,-32.70394951700006,3.343868812633044,20.0,36.10083000566577,-68.16507353124686,-92.08440480971778,FLAT
2026-10-03T11:05:14.880210+00:00,1,PERP,OP|GATE|OKX,OP,GATE,OKX,2.600769575000772,0.13385025707219983,1.6201427086684792,7.326297967461768,-8.525375666080803,13.747741757543785,20.0,22.267306735571943,-58.41282511032122,-60.394905784447246,FLAT
2026-10-03T11:05:15.193880+00:00,1,PERP,OP|BITGET|GATE,OP,BITGET,GATE,-8.861560171558036,-0.02363916478539845,-8.67238835312896,8.002474712893585,-21.979245111339864,4.266054885513348,21.999999999999996,26.26857429488865,-67.57543105309955,-67.20701753353096,FLAT
2026-10-03T11:05:15.846715+00:00,1,PERP,ICP|HTX|MEXC,ICP,HTX,MEXC,-10.379000484488365,0.743114404594607,-24.117888703240453,18.488254478456916,-27.06766917293324,6.360558761009383,26.0,33.46288158545539,-68.41266205514817,-95.94132904970523,FLAT
2026-10-03T11:05:16.318165+00:00,1,PERP,ICP|BITGET|HTX,ICP,BITGET,HTX,-0.1633377184373508,-0.8412777639040203,16.405080455065157,19.694349339052263,-18.39342440542735,18.077734257306854,21.999999999999996,36.47175107517198,-99.2702559356645,-66.14440487741368,FLAT
2026-10-03T11:05:16.711328+00:00,1,PERP,DOT|GATE|HTX,DOT,GATE,HTX,-4.525253754616987,-0.3338348313528528,-0.783364400757442,11.208804481832175,-22.040140592206605,13.006953054668369,20.0,35.06295196299604,-82.3197281544452,-74.85326941842185,FLAT
2026-10-03T11:05:17.003406+00:00,1,SPOT,ICP|BITGET|HTX,ICP,BITGET,HTX,-0.647053510111073,0.12590193388348048,-3.404616987190859,21.90247116959976,-34.96547019553597,33.714030900218184,60.0,68.68391880514145,-166.24477201348657,-171.8025666925505,FLAT
2026-10-03T11:05:17.429709+00:00,1,PERP,ICP|HTX|OKX,ICP,HTX,OKX,-22.42739005121841,0.2394281933821047,-26.639705991418968,17.59323277972574,-39.09774436090308,-5.7062010324926415,20.0,33.46652261415978,-71.92456098364389,-80.4000275730861,FLAT
2026-10-03T11:05:27.780063+00:00,2,PERP,OP|GATE|OKX,OP,GATE,OKX,3.2560751662780163,0.22329592174317664,1.6201427086684792,7.326297967461768,-7.315834194255855,13.84481737042309,20.0,21.153750354394592,-56.08972725731893,-59.3784250161492,FLAT
2026-10-03T11:05:28.088420+00:00,2,PERP,OP|BITGET|GATE,OP,BITGET,GATE,-9.373725028150037,-0.08763997390595728,-8.67238835312896,8.002474712893585,-21.09665072698941,2.3580749520624167,21.999999999999996,23.476728761393648,-63.900991135254095,-62.50719206658502,FLAT
2026-10-03T11:05:28.764247+00:00,2,PERP,ICP|HTX|MEXC,ICP,HTX,MEXC,-13.391097876169766,0.5801948929018623,-24.117888703240453,18.488254478456916,-30.0751879699257,3.343868812633044,26.0,33.463791018992225,-71.42109028567748,-92.92554853486573,FLAT
2026-10-03T11:05:29.187193+00:00,2,PERP,ICP|BITGET|HTX,ICP,BITGET,HTX,2.1843109036523423,-0.7220735910891053,16.405080455065157,19.694349339052263,-16.714518179412607,21.097046413502962,21.999999999999996,37.803302061888594,-98.92290069636636,-70.49526802032639,FLAT
2026-10-03T11:05:29.569341+00:00,2,PERP,DOT|GATE|HTX,DOT,GATE,HTX,-4.127025894786751,-0.29830670161558204,-0.783364400757442,11.208804481832175,-29.743569801200522,21.533169323115775,20.0,51.29787272935626,-106.25807812979934,-99.61440645322948,FLAT
2026-10-03T11:05:29.878987+00:00,2,SPOT,ICP|BITGET|HTX,ICP,BITGET,HTX,2.568401195204295,0.27270978403047036,-3.404616987190859,21.90247116959976,-31.261714316219713,36.43718205959212,60.0,67.68149097036239,-161.53858829939125,-173.52329001714537,FLAT
2026-10-03T11:05:30.327303+00:00,2,PERP,ICP|HTX|OKX,ICP,HTX,OKX,-22.42739005121841,0.2394281933821047,-26.639705991418968,17.59323277972574,-39.09774436090308,-5.7062010324926415,20.0,33.46652261415978,-71.92456098364389,-80.4000275730861,FLAT
2026-10-03T14:33:31.559313+00:00,0,PERP,OP|GATE|OKX,OP,GATE,OKX,3.1860958531870764,0.20794029880734413,1.6595852416750878,7.341100403661027,-13.425555513444376,19.842914505125986,20.0,33.25781243890533,-74.3429531940248,-77.44114170235623,FLAT
2026-10-03T14:33:31.771107+00:00,0,PERP,OP|BITGET|GATE,OP,BITGET,GATE,-8.961279156921576,-0.019537809366922707,-8.806418471376686,7.926205166433189,-27.76515525438561,9.862366538542222,21.999999999999996,37.66126071299487,-84.61999749600378,-84.33004572291377,FLAT
2026-10-03T14:33:32.478913+00:00,0,PERP,ICP|HTX|MEXC,ICP,HTX,MEXC,-13.401766789453706,0.47271676136242147,-21.929251475551023,18.03931102743252,-48.44081138359324,21.87412195121974,26.0,70.40849538825627,-128.9200552962985,-146.21186881502703,FLAT
2026-10-03T14:33:32.869254+00:00,0,PERP,ICP|BITGET|HTX,ICP,BITGET,HTX,5.8107700534359985,-0.43554194961663945,14.190123350490552,19.238912128739823,-30.92225252154357,42.56612952265204,21.999999999999996,73.44569764882065,-146.55807352085478,-129.82170382098215,FLAT
2026-10-03T14:33:33.283872+00:00,0,PERP,DOT|GATE|HTX,DOT,GATE,HTX,-9.489268419893282,-0.8619184902595273,-0.5155707619988428,10.411306590246626,-28.681232364012878,9.73285803916868,20.0,38.450553482044306,-92.61621508405835,-74.69898228321183,FLAT
2026-10-03T14:33:33.489331+00:00,0,SPOT,ICP|BITGET|HTX,ICP,BITGET,HTX,-10.85624124061213,-0.2938702716007212,-4.330039094442465,22.207765728126304,-66.98857497418498,45.33885077479427,60.0,112.4494685411817,-241.10800442092423,-228.11835841041844,FLAT
2026-10-03T14:33:33.911731+00:00,0,PERP,ICP|HTX|OKX,ICP,HTX,OKX,-18.772040900043585,0.34973632429219126,-24.787830780724388,17.200929565597086,-54.49591280654032,17.193304198732662,20.0,71.8232305050878,-127.53131253090373,-139.80436548454486,FLAT
2026-10-03T14:33:44.157701+00:00,1,PERP,OP|GATE|OKX,OP,GATE,OKX,2.0181273161012925,0.04884037197575976,1.6595852416750878,7.341100403661027,-13.732221313123016,17.808426199610317,20.0,31.53423290095842,-72.92603945575652,-73.68307385889364,FLAT
2026-10-03T14:33:44.375815+00:00,1,PERP,OP|BITGET|GATE,OP,BITGET,GATE,-11.74990604113968,-0.37136151638219195,-8.806418471376686,7.926205166433189,-28.91332831709392,5.43508481649857,21.999999999999996,34.38880611399032,-82.49571595970755,-76.63030940186557,FLAT
2026-10-03T14:33:45.150584+00:00,1,PERP,ICP|HTX|MEXC,ICP,HTX,MEXC,-13.669501822600738,0.45787500644506984,-21.929251475551023,18.03931102743252,-48.44081138359324,21.334958854009045,26.0,69.87050067221823,-128.38206058026046,-145.1347110017783,FLAT
2026-10-03T14:33:45.606892+00:00,1,PERP,ICP|BITGET|HTX,ICP,BITGET,HTX,6.079027355623268,-0.4215984739984658,14.190123350490552,19.238912128739823,-30.385900941964916,42.56612952265204,21.999999999999996,72.90770293278261,-145.48372722523808,-129.2837091049441,FLAT
2026-10-03T14:33:46.041624+00:00,1,PERP,DOT|GATE|HTX,DOT,GATE,HTX,-5.739088992238184,-0.5017159167258376,-0.5155707619988428,10.411306590246626,-21.21632386190564,9.75087386662965,20.0,30.98497505006132,-77.68572814996813,-67.25141967868981,FLAT
2026-10-03T14:33:46.253776+00:00,1,SPOT,ICP|BITGET|HTX,ICP,BITGET,HTX,-12.62500614337081,-0.373516505463794,-4.330039094442465,22.207765728126304,-69.30937430913997,44.13599943184687,60.0,113.58872780763704,-244.56806302233454,-228.05476633392638,FLAT
2026-10-03T14:33:46.761150+00:00,1,PERP,ICP|HTX|OKX,ICP,HTX,OKX,-19.74483596597798,0.2931815280979178,-24.787830780724388,17.200929565597086,-54.49591280654032,15.239256324293127,20.0,69.87235233868643,-125.58043436450235,-135.89943944370395,FLAT
2026-10-03T14:33:57.008097+00:00,2,PERP,OP|GATE|OKX,OP,GATE,OKX,3.577068816000839,0.26119838564930903,1.6595852416750878,7.341100403661027,-10.324228554895454,17.509804698270237,20.0,27.824044891068084,-65.80785868763863,-69.67426434766324,FLAT
2026-10-03T14:33:57.239043+00:00,2,PERP,OP|BITGET|GATE,OP,BITGET,GATE,-11.756897209302952,-0.37224354858000586,-8.806418471376686,7.926205166433189,-30.34286189103397,6.856460198558789,21.999999999999996,37.243088234231145,-86.77953165388843,-80.90596690416662,FLAT
2026-10-03T14:33:58.080361+00:00,2,PERP,ICP|HTX|MEXC,ICP,HTX,MEXC,-16.439515301457376,0.3043207229891076,-21.929251475551023,18.03931102743252,-51.468362095066226,18.82610670731477,26.0,70.40942093977971,-131.9485315592949,-143.16477912264548,FLAT
2026-10-03T14:33:58.499927+00:00,2,PERP,ICP|BITGET|HTX,ICP,BITGET,HTX,8.852974604987018,-0.277414269049584,14.190123350490552,19.238912128739823,-27.892137704679243,45.620437956204185,21.999999999999996,73.44754593928924,-143.52980699445902,-132.87786054500287,FLAT
2026-10-03T14:33:58.902721+00:00,2,PERP,DOT|GATE|HTX,DOT,GATE,HTX,-4.043586757890294,-0.33886390390198645,-0.5155707619988428,10.411306590246626,-26.024605991447068,17.973645027944407,20.0,44.01601947416878,-95.52505470361702,-88.50523526411203,FLAT
2026-10-03T14:33:59.111011+00:00,2,SPOT,ICP|BITGET|HTX,ICP,BITGET,HTX,-4.6717612466185,-0.015387507071152209,-4.330039094442465,22.207765728126304,-66.28785810449233,57.02264470742291,60.0,123.36808770636121,-251.32590671641108,-250.7207715082266,FLAT
2026-10-03T14:33:59.562991+00:00,2,PERP,ICP|HTX|OKX,ICP,HTX,OKX,-22.515012325462493,0.13213346677540447,-24.787830780724388,17.200929565597086,-57.52346351801552,12.73007621951372,20.0,70.41127373359978,-129.1469064708909,-133.92918073383788,FLAT
2026-10-03T18:38:40.838518+00:00,0,PERP,OP|GATE|OKX,OP,GATE,OKX,2.611995700323444,0.1484160332566758,1.505561922370727,7.454947782085054,-7.449443728926308,12.690169561977438,20.0,20.134340304877224,-55.08934595617426,-57.31894794448394,FLAT
2026-10-03T18:38:41.136467+00:00,0,PERP,OP|BITGET|GATE,OP,BITGET,GATE,-8.702638707214216,0.028876590005539392,-8.925464149590967,7.716473528695945,-20.72129723193705,3.3249755988218332,21.999999999999996,24.067214322367334,-63.86304740471342,-64.31765407078014,FLAT
2026-10-03T18:38:41.818763+00:00,0,PERP,ICP|HTX|MEXC,ICP,HTX,MEXC,-14.498566312159955,0.33498215687387184,-20.44175943915737,17.7418199896395,-21.244309559937946,-7.7457516737666765,26.0,13.518153566323853,-46.32070368710443,-58.21416133171455,FLAT
2026-10-03T18:38:42.254417+00:00,0,PERP,ICP|BITGET|HTX,ICP,BITGET,HTX,6.912112649029023,-0.30508626602734035,12.44025116643288,18.119919291642095,-1.3683093997818307,15.19756838905817,21.999999999999996,16.5544336482846,-58.36299421449931,-47.31175087090989,FLAT
2026-10-03T18:38:42.638093+00:00,0,PERP,DOT|GATE|HTX,DOT,GATE,HTX,-7.6298457172596645,-0.6352908005648165,-0.646853281985959,10.99180474369431,-35.58036515086016,20.365521014766852,20.0,55.988568629226286,-116.92208049810048,-103.00094292597909,FLAT
2026-10-03T18:38:42.965644+00:00,0,SPOT,ICP|BITGET|HTX,ICP,BITGET,HTX,-15.261257279418627,-0.45692007188398664,-4.582515736685377,23.371136878934518,-90.71679807866828,60.287234042553095,60.0,151.23477819149045,-303.3690605334733,-282.1045279707289,FLAT
2026-10-03T18:38:43.436854+00:00,0,PERP,ICP|HTX|OKX,ICP,HTX,OKX,-20.57154878665535,0.18244791422958845,-23.64459116557852,16.843395507696098,-27.314112291350057,-13.821917224590141,20.0,13.52000410647551,-43.18952523224705,-49.34267804746389,FLAT
2026-10-03T18:38:53.740050+00:00,1,PERP,OP|GATE|OKX,OP,GATE,OKX,1.0580739399412842,-0.06002563606210615,1.505561922370727,7.454947782085054,-7.968795203336931,10.100480043633286,20.0,18.06735022819075,-53.5417073538984,-52.662268349453306,FLAT
2026-10-03T18:38:54.036213+00:00,1,PERP,OP|BITGET|GATE,OP,BITGET,GATE,-5.281862774068058,0.4721847825918304,-8.925464149590967,7.716473528695945,-20.011677131326344,9.467764180932647,21.999999999999996,29.495006854443673,-68.58121983617905,-75.88823518496729,FLAT
2026-10-03T18:38:54.712678+00:00,1,PERP,ICP|HTX|MEXC,ICP,HTX,MEXC,-14.498566312159955,0.33498215687387184,-20.44175943915737,17.7418199896395,-21.244309559937946,-7.7457516737666765,26.0,13.518153566323853,-46.32070368710443,-58.21416133171455,FLAT
2026-10-03T18:38:55.147330+00:00,1,PERP,ICP|BITGET|HTX,ICP,BITGET,HTX,6.912112649029023,-0.30508626602734035,12.44025116643288,18.119919291642095,-1.3683093997818307,15.19756838905817,21.999999999999996,16.5544336482846,-58.36299421449931,-47.31175087090989,FLAT
2026-10-03T18:38:55.528394+00:00,1,PERP,DOT|GATE|HTX,DOT,GATE,HTX,-7.2853734197952935,-0.6039517888650331,-0.646853281985959,10.99180474369431,-35.58036515086016,21.056973945967616,20.0,56.678591972558756,-117.61210384143297,-104.38241920051235,FLAT
2026-10-03T18:38:55.867083+00:00,1,SPOT,ICP|BITGET|HTX,ICP,BITGET,HTX,-15.659510013327216,-0.4739604382115465,-4.582515736685377,23.371136878934518,-91.57793815573689,60.35959181210249,60.0,152.1757630500661,-305.17118546911763,-283.117870598854,FLAT
2026-10-03T18:38:56.335942+00:00,1,PERP,ICP|HTX|OKX,ICP,HTX,OKX,-20.57154878665535,0.18244791422958845,-23.64459116557852,16.843395507696098,-27.314112291350057,-13.821917224590141,20.0,13.52000410647551,-43.18952523224705,-49.34267804746389,FLAT
2026-10-03T18:39:06.638593+00:00,2,PERP,OP|GATE|OKX,OP,GATE,OKX,1.6878684558929713,0.024454434672278202,1.505561922370727,7.454947782085054,-6.521961439319712,9.91058491002672,20.0,16.429763115695305,-50.45728647738575,-50.834786103351306,FLAT
2026-10-03T18:39:06.932388+00:00,2,PERP,OP|BITGET|GATE,OP,BITGET,GATE,-6.043544684155577,0.3734762329862386,-8.925464149590967,7.716473528695945,-20.088222888442473,8.018615459617351,21.999999999999996,28.12382423345889,-67.2865829723104,-73.0679038426672,FLAT
2026-10-03T18:39:07.863585+00:00,2,PERP,ICP|HTX|MEXC,ICP,HTX,MEXC,-14.498566312159955,0.33498215687387184,-20.44175943915737,17.7418199896395,-21.244309559937946,-7.7457516737666765,26.0,13.518153566323853,-46.32070368710443,-58.21416133171455,FLAT
2026-10-03T18:39:08.299681+00:00,2,PERP,ICP|BITGET|HTX,ICP,BITGET,HTX,6.912112649029023,-0.30508626602734035,12.44025116643288,18.119919291642095,-1.3683093997818307,15.19756838905817,21.999999999999996,16.5544336482846,-58.36299421449931,-47.31175087090989,FLAT
2026-10-03T18:39:08.679804+00:00,2,PERP,DOT|GATE|HTX,DOT,GATE,HTX,-7.2853734197952935,-0.6039517888650331,-0.646853281985959,10.99180474369431,-35.58036515086016,21.056973945967616,20.0,56.678591972558756,-117.61210384143297,-104.38241920051235,FLAT
2026-10-03T18:39:09.007400+00:00,2,SPOT,ICP|BITGET|HTX,ICP,BITGET,HTX,-15.695411836565976,-0.4754965989650749,-4.582515736685377,23.371136878934518,-91.57797808708511,60.287234042553095,60.0,152.10387947990188,-305.0993418303016,-282.97362925914035,FLAT
2026-10-03T18:39:09.485446+00:00,2,PERP,ICP|HTX|OKX,ICP,HTX,OKX,-20.57154878665535,0.18244791422958845,-23.64459116557852,16.843395507696098,-27.314112291350057,-13.821917224590141,20.0,13.52000410647551,-43.18952523224705,-49.34267804746389,FLAT
2026-10-04T02:17:21.281221+00:00,0,PERP,OP|GATE|OKX,OP,GATE,OKX,3.318707714801139,0.2734055311517722,1.3982880748338342,7.024070185695132,-5.773465460304772,12.423994450632136,20.0,18.191413262610684,-51.36316679774929,-55.21711963840898,FLAT
2026-10-04T02:17:21.596161+00:00,0,PERP,OP|BITGET|GATE,OP,BITGET,GATE,-4.068598344310059,0.5333287861320036,-8.441057174535542,8.198430206509162,-15.004633844201143,6.875616688490904,21.999999999999996,21.88915329220606,-56.45272996187166,-65.20582715523251,FLAT
2026-10-04T02:17:22.334167+00:00,0,PERP,ICP|HTX|MEXC,ICP,HTX,MEXC,-39.162524476576976,-1.2932685957165366,-16.847956919977428,17.25439528223922,-86.95652173913105,9.079903147699575,26.0,96.41190435240611,-198.52046917155974,-154.3397644200831,FLAT
2026-10-04T02:17:22.866575+00:00,0,PERP,ICP|BITGET|HTX,ICP,BITGET,HTX,36.67822493673923,1.5592495471476306,9.461540284869905,17.454989614495897,-13.689455424598096,87.08125000000067,21.999999999999996,100.40243471918114,-151.55343042864914,-206.0221444343119,FLAT
2026-10-04T02:17:23.431022+00:00,0,PERP,ICP|HTX|OKX,ICP,HTX,OKX,-45.18752824220429,-1.5215431071142584,-19.967462112421686,16.57532146927779,-92.95352323838158,3.0266343825680053,20.0,96.41373479331106,-195.39979591927096,-145.40783128830077,FLAT
2026-10-04T02:17:23.733453+00:00,0,SPOT,ICP|BITGET|HTX,ICP,BITGET,HTX,-5.56135273041658,0.010205659448666301,-5.781135536002741,21.53538501766121,-90.83148400097384,79.81443525614029,60.0,170.7408088252914,-321.7911572902625,-322.33637961743443,FLAT
2026-10-04T02:17:24.245151+00:00,0,PERP,DOT|GATE|HTX,DOT,GATE,HTX,8.485887507749812,0.7090492797152739,0.7526314634824196,10.906514209241934,-18.952821202353753,35.947908629674345,20.0,54.85417130021576,-100.55962396605194,-116.0494484664077,FLAT
2026-10-04T02:17:34.586496+00:00,1,PERP,OP|GATE|OKX,OP,GATE,OKX,4.492033185403699,0.440449059986677,1.3982880748338342,7.024070185695132,-4.485040555680664,13.482914472522367,20.0,17.95987678148921,-49.84320541200371,-56.044503179177745,FLAT
2026-10-04T02:17:34.886966+00:00,1,PERP,OP|BITGET|GATE,OP,BITGET,GATE,-6.4859030576103205,0.23847908290698416,-8.441057174535542,8.198430206509162,-18.337252116571445,5.375356585717306,21.999999999999996,23.72799430728435,-61.62418924932025,-65.54440806753719,FLAT
2026-10-04T02:17:35.604297+00:00,1,PERP,ICP|HTX|MEXC,ICP,HTX,MEXC,-36.15002259376276,-1.1186752916025915,-16.847956919977428,17.25439528223922,-83.95802098950523,12.10653753026536,26.0,96.41098996208424,-195.52105403161204,-157.36548441232702,FLAT
2026-10-04T02:17:36.076704+00:00,1,PERP,ICP|BITGET|HTX,ICP,BITGET,HTX,33.647932770739516,1.3856434761658905,9.461540284869905,17.454989614495897,-16.69987963746289,84.03102887813762,21.999999999999996,100.39309414828465,-154.55451407061744,-202.96258274155238,FLAT
2026-10-04T02:17:36.632515+00:00,1,PERP,ICP|HTX|OKX,ICP,HTX,OKX,-39.162524476576976,-1.158050683948011,-19.967462112421686,16.57532146927779,-86.95652173913105,9.079903147699575,20.0,96.41190435240611,-189.4009639791155,-151.45926961252738,FLAT
2026-10-04T02:17:37.032532+00:00,1,SPOT,ICP|BITGET|HTX,ICP,BITGET,HTX,-10.970979393385427,-0.24099145908589448,-5.781135536002741,21.53538501766121,-95.39463734862696,73.56693211214792,60.0,169.14706309571636,-324.7605649083406,-314.49513074386704,FLAT
2026-10-04T02:17:37.545921+00:00,1,PERP,DOT|GATE|HTX,DOT,GATE,HTX,4.933672891365148,0.3833526778280643,0.7526314634824196,10.906514209241934,-26.096056466378137,36.014108833615225,20.0,62.07949591065635,-114.92818384051691,-123.34097328078916,FLAT
2026-10-04T02:17:47.887487+00:00,2,PERP,OP|GATE|OKX,OP,GATE,OKX,4.373235993329061,0.42353618911067487,1.3982880748338342,7.024070185695132,-4.840995975107232,13.602260777951791,20.0,18.435182747684156,-50.674466797625215,-56.63915545080211,FLAT
2026-10-04T02:17:48.200228+00:00,2,PERP,OP|BITGET|GATE,OP,BITGET,GATE,-4.612804681526361,0.46694945209995586,-8.441057174535542,8.198430206509162,-16.359236713586746,7.142406447717686,21.999999999999996,23.512485732276556,-59.430665271327754,-67.09594935452978,FLAT
2026-10-04T02:17:48.921993+00:00,2,PERP,ICP|HTX|MEXC,ICP,HTX,MEXC,-30.12501882813656,-0.7694886833748299,-16.847956919977428,17.25439528223922,-77.96101949025469,18.15980629539915,26.0,96.4091628391987,-189.52222540947596,-163.41692605457527,FLAT
2026-10-04T02:17:49.337843+00:00,2,PERP,ICP|BITGET|HTX,ICP,BITGET,HTX,27.539984049076427,1.035717818427853,9.461540284869905,17.454989614495897,-22.82041980676275,77.93611740707141,21.999999999999996,100.47980332562993,-160.76176341726256,-196.95438044783143,FLAT
2026-10-04T02:17:49.797258+00:00,2,PERP,ICP|HTX|OKX,ICP,HTX,OKX,-36.15002259376276,-0.9763044723648534,-19.967462112421686,16.57532146927779,-83.95802098950523,12.10653753026536,20.0,96.41098996208424,-186.4015488391678,-154.48498960477127,FLAT
2026-10-04T02:17:50.098434+00:00,2,SPOT,ICP|BITGET|HTX,ICP,BITGET,HTX,-4.759242080860648,0.047451831221221985,-5.781135536002741,21.53538501766121,-78.84804943555035,69.41086931636642,60.0,148.3294677498852,-287.3963816494328,-289.52147260225433,FLAT
2026-10-04T02:17:50.492418+00:00,2,PERP,DOT|GATE|HTX,DOT,GATE,HTX,1.5019412919325958,0.0687029617414543,0.7526314634824196,10.906514209241934,-24.65089024010325,27.676973869412702,20.0,52.31999653400129,-103.72351823758696,-105.24433893993157,FLAT
2026-10-04T07:17:57.800712+00:00,0,PERP,OP|GATE|OKX,OP,GATE,OKX,1.3233857875460942,0.07325630647906115,0.8211816351646719,6.85543916311106,-6.965854677131178,9.624244510202384,20.0,16.587895832360708,-50.374932144656555,-51.39095870739842,FLAT
2026-10-04T07:17:58.130714+00:00,0,PERP,OP|BITGET|GATE,OP,BITGET,GATE,-7.404289565665634,0.09846178659829773,-8.20102860429089,8.091860468424924,-20.12561079036579,5.331631186007435,21.999999999999996,25.47609684346388,-65.40067902953878,-67.0087566337622,FLAT
2026-10-04T07:18:08.502086+00:00,1,PERP,OP|GATE|OKX,OP,GATE,OKX,0.7188087317966385,-0.014933091948200682,0.8211816351646719,6.85543916311106,-6.985258667444594,8.433543208954397,20.0,15.417686259920764,-49.22412656253003,-49.03004783371049,FLAT
2026-10-04T07:18:08.839641+00:00,1,PERP,OP|BITGET|GATE,OP,BITGET,GATE,-7.1152445604638626,0.13418224993669162,-8.20102860429089,8.091860468424924,-19.58604980108025,5.370044933263873,21.999999999999996,24.973855837025962,-64.35887703381532,-66.54492937458072,FLAT
2026-10-04T07:18:19.200584+00:00,2,PERP,OP|GATE|OKX,OP,GATE,OKX,0.1710214689620848,-0.09483858739511278,0.8211816351646719,6.85543916311106,-6.911873610133679,7.263034402984481,20.0,14.1746597310443,-47.90771497634265,-46.61651249886411,FLAT
2026-10-04T07:18:19.651520+00:00,2,PERP,OP|BITGET|GATE,OP,BITGET,GATE,-6.1970726281290744,0.24765083184286352,-8.20102860429089,8.091860468424924,-18.418681423155725,6.038730990072239,21.999999999999996,24.47257000407338,-62.69022282293821,-66.7123295984365,FLAT
2026-10-04T15:06:16.890241+00:00,0,PERP,OP|GATE|OKX,OP,GATE,OKX,3.514475366641623,0.3794096239205756,0.9414720486884995,6.781597396938323,-6.815607712326033,13.861932308303349,20.0,20.670260910332342,-54.427340671346876,-59.590721169947194,FLAT
2026-10-04T15:06:17.189690+00:00,0,PERP,OP|BITGET|GATE,OP,BITGET,GATE,-1.4148523132861968,0.8085878564088425,-8.09350228122438,8.259646635802664,-15.07286661235896,12.257183103270286,21.999999999999996,27.333909866945913,-62.31327419808049,-75.68459525144058,FLAT
2026-10-04T15:06:17.621296+00:00,0,PERP,ICP|BITGET|HTX,ICP,BITGET,HTX,-0.07088881237793387,-0.1522024910098237,3.253338445147623,21.840820314241764,-26.45715165156215,26.331187829140568,21.999999999999996,52.78870895624942,-110.4991990529592,-103.86655834024236,FLAT
2026-10-04T15:06:18.578880+00:00,0,PERP,ICP|HTX|MEXC,ICP,HTX,MEXC,-5.849663644340586,0.22989730427995084,-10.813552056738791,21.591764322532345,-32.09804493726431,20.521841102316696,26.0,52.650396658383784,-105.9348895389093,-115.98578981743927,FLAT
2026-10-04T15:06:19.275178+00:00,0,PERP,HBAR|HTX|MEXC,HBAR,HTX,MEXC,-25.342547137225946,0.5803066727747708,-33.37233231720562,13.83714087171319,-59.96334225664146,9.513904428948283,26.0,69.65296573083833,-128.24397567027418,-144.53920247699222,FLAT
2026-10-04T15:06:19.737288+00:00,0,PERP,ICP|HTX|OKX,ICP,HTX,OKX,-10.236911377596858,0.22181805131683538,-14.922023337358594,21.12141880224943,-35.016049022468245,14.658457930223356,20.0,49.72513816950756,-95.81916385461722,-105.30561943708952,FLAT
2026-10-04T15:06:20.184989+00:00,0,PERP,HBAR|HTX|OKX,HBAR,HTX,OKX,-25.6462141665692,0.585082014915666,-33.91813930824297,14.138060871459343,-71.2020212614417,20.219681694093605,20.0,91.65571338625243,-154.93959533945116,-171.79353438858902,FLAT
2026-10-04T15:06:20.576660+00:00,0,PERP,DOT|GATE|HTX,DOT,GATE,HTX,5.304081134609451,0.4658153997698517,-0.1357592868786296,11.678103437919347,-24.987212692016982,35.64619927973966,20.0,60.6012259876949,-111.45267939283326,-122.3831845543132,FLAT
2026-10-04T15:06:21.075546+00:00,0,PERP,APT|BITGET|HTX,APT,BITGET,HTX,26.449614805965638,0.41948968034935324,19.57689574555061,16.383523558175238,1.0267759999993409,51.892931255788085,21.999999999999996,50.731962924150736,-97.282082669702,-111.0479984343882,FLAT
2026-10-04T15:06:31.389970+00:00,1,PERP,OP|GATE|OKX,OP,GATE,OKX,3.057094112679515,0.31196515218466847,0.9414720486884995,6.781597396938323,-5.620119468453533,11.747163259170357,20.0,17.361965495461277,-49.92355701260331,-54.16765670594313,FLAT
2026-10-04T15:06:31.680651+00:00,1,PERP,OP|BITGET|GATE,OP,BITGET,GATE,-2.8933015136589635,0.6295911915921892,-8.09350228122438,8.259646635802664,-15.479916482987743,9.706396797379835,21.999999999999996,25.193595750936066,-60.58000995269943,-70.99349482954028,FLAT
2026-10-04T15:06:32.114835+00:00,1,PERP,ICP|BITGET|HTX,ICP,BITGET,HTX,-1.6786800960033599,-0.22581654306889548,3.253338445147623,21.840820314241764,-29.231218941829784,25.896847162081293,21.999999999999996,55.137312308611975,-115.62186969558937,-105.78082102554563,FLAT
2026-10-04T15:06:32.806117+00:00,1,PERP,ICP|HTX|MEXC,ICP,HTX,MEXC,-4.387247733255162,0.297627568895673,-10.813552056738791,21.591764322532345,-29.180040852058163,20.521841102316696,26.0,49.7234247362901,-100.08991353160947,-113.05881789534558,FLAT
2026-10-04T15:06:33.548630+00:00,1,PERP,HBAR|HTX|MEXC,HBAR,HTX,MEXC,-24.381175768186658,0.6497842749725331,-33.37233231720562,13.83714087171319,-58.048069569007765,9.511188254931469,26.0,67.723623503273,-124.39936075507515,-142.60714407541008,FLAT
2026-10-04T15:06:33.988059+00:00,1,PERP,ICP|HTX|OKX,ICP,HTX,OKX,-10.236911377596858,0.22181805131683538,-14.922023337358594,21.12141880224943,-35.016049022468245,14.658457930223356,20.0,49.72513816950756,-95.81916385461722,-105.30561943708952,FLAT
2026-10-04T15:06:34.440806+00:00,1,PERP,HBAR|HTX|OKX,HBAR,HTX,OKX,-25.083848302255298,0.6248587473421869,-33.91813930824297,14.138060871459343,-69.32216095011823,19.450732312762398,20.0,88.99513856266941,-150.39916020454467,-168.3640101836748,FLAT
2026-10-04T15:06:34.828514+00:00,1,PERP,DOT|GATE|HTX,DOT,GATE,HTX,5.720786289298285,0.5014980049894435,-0.1357592868786296,11.678103437919347,-24.17954253266852,35.64619927973966,20.0,59.791525840812135,-109.83530908660202,-121.57348440743044,FLAT
2026-10-04T15:06:35.268513+00:00,1,PERP,APT|BITGET|HTX,APT,BITGET,HTX,27.279039785854664,0.47011523577055875,19.57689574555061,16.383523558175238,1.9636616998774947,52.61425367294015,21.999999999999996,50.512790163703585,-96.1260242093767,-111.55014809109312,FLAT
2026-10-04T15:06:45.589550+00:00,2,PERP,OP|GATE|OKX,OP,GATE,OKX,2.107984684378561,0.17201148452379453,0.9414720486884995,6.781597396938323,-7.574148346368714,11.805867198164677,20.0,19.375918331553322,-53.891538726610534,-56.2403134810295,FLAT
2026-10-04T15:06:45.870867+00:00,2,PERP,OP|BITGET|GATE,OP,BITGET,GATE,-1.3846454187249613,0.8122450218897843,-8.09350228122438,8.259646635802664,-13.453631945360423,10.694166549001238,21.999999999999996,24.15113857285003,-57.51126823698607,-70.93880740307566,FLAT
2026-10-04T15:06:46.301088+00:00,2,PERP,ICP|BITGET|HTX,ICP,BITGET,HTX,-3.5599920348139413,-0.3119539642711492,3.253338445147623,21.840820314241764,-30.499450964349695,23.398654577362343,21.999999999999996,53.917293224354545,-115.67008263385185,-102.06260935656925,FLAT
2026-10-04T15:06:47.242870+00:00,2,PERP,ICP|HTX|MEXC,ICP,HTX,MEXC,-1.462415911085424,0.43308809812706583,-10.813552056738791,21.591764322532345,-26.262036766850905,23.453532688360035,26.0,49.72256877151302,-97.17105348162512,-115.98965351661184,FLAT
2026-10-04T15:06:48.187519+00:00,2,PERP,HBAR|HTX|MEXC,HBAR,HTX,MEXC,-21.459629766068524,0.860922257103694,-33.37233231720562,13.83714087171319,-55.136241414043276,12.442517185502489,26.0,67.72333768016422,-121.48724677700187,-145.53818718287232,FLAT
2026-10-04T15:06:48.637844+00:00,2,PERP,ICP|HTX|OKX,ICP,HTX,OKX,-7.400726337501995,0.3560980950321188,-14.922023337358594,21.12141880224943,-32.27492462674175,17.590149516271136,20.0,49.90173203946809,-93.25463332885124,-108.41390489309782,FLAT
2026-10-04T15:06:49.109589+00:00,2,PERP,HBAR|HTX|OKX,HBAR,HTX,OKX,-24.771091568683843,0.6469803619267457,-33.91813930824297,14.138060871459343,-69.37797258484979,20.134525750217236,20.0,89.73378171393713,-151.19361499054395,-169.78644677239734,FLAT
2026-10-04T15:06:49.543250+00:00,2,PERP,DOT|GATE|HTX,DOT,GATE,HTX,5.720786289298285,0.5014980049894435,-0.1357592868786296,11.678103437919347,-24.17954253266852,35.64619927973966,20.0,59.791525840812135,-109.83530908660202,-121.57348440743044,FLAT
2026-10-04T15:06:49.983518+00:00,2,PERP,APT|BITGET|HTX,APT,BITGET,HTX,24.419020810297898,0.29554845436964083,19.57689574555061,16.383523558175238,-0.2646399739913985,49.11893592877581,21.999999999999996,49.2632744603196,-97.1048101798616,-106.80531464354479,FLAT
2026-10-04T20:42:48.751901+00:00,0,PERP,OP|GATE|OKX,OP,GATE,OKX,7.441060455319892,1.3123043790793172,-0.14856015435102088,5.783430072065764,-2.791340598095049,17.690072075149388,20.0,20.466170200986248,-49.10895064473028,-64.30480243048666,FLAT
2026-10-04T20:42:49.068821+00:00,0,PERP,OP|BITGET|GATE,OP,BITGET,GATE,0.3955259732446592,0.8668054476016691,-6.7284818882569635,8.218692996465087,-11.421200731815961,12.221025303922328,21.999999999999996,23.641287706256076,-56.33400654981507,-70.59079489843536,FLAT
2026-10-04T20:42:49.503461+00:00,0,PERP,ICP|BITGET|HTX,ICP,BITGET,HTX,6.6284595362531284,0.2445007229266576,1.4054943387146714,21.361757687338944,-13.269237713611215,26.540843409024184,21.999999999999996,39.78370523645131,-82.45843728877719,-92.91905430676083,FLAT
2026-10-04T20:42:50.220047+00:00,0,PERP,ICP|HTX|MEXC,ICP,HTX,MEXC,-14.729709824715664,-0.24849043444210342,-9.371536506030013,21.562895693411768,-32.35294117647114,2.9507229271175106,26.0,35.35564926742371,-90.33705393786482,-79.67790870057122,FLAT
2026-10-04T20:42:50.749726+00:00,0,PERP,APT|BITGET|HTX,APT,BITGET,HTX,32.40863818854134,0.7374119609755906,20.100006043866944,16.69166327108414,6.350966906500943,58.480720809541694,21.999999999999996,51.96135025897601,-93.71038939634201,-118.34206502465076,FLAT
2026-10-04T20:42:51.185072+00:00,0,PERP,ICP|HTX|OKX,ICP,HTX,OKX,-17.67565178966035,-0.18726142890041586,-13.685767070210169,21.306495111558558,-35.29411764705892,0.0,20.0,35.35651994402061,-82.96487052086937,-75.04228701423078,FLAT
2026-10-04T20:42:51.860153+00:00,0,PERP,HBAR|HTX|MEXC,HBAR,HTX,MEXC,-28.355789199665526,0.2411554257980185,-31.47565301704276,12.937149587462727,-64.23601731967321,7.77650196666313,26.0,72.2164123348609,-136.97677663749135,-143.46856731856678,FLAT
2026-10-04T20:42:52.341888+00:00,0,PERP,HBAR|HTX|OKX,HBAR,HTX,OKX,-30.244111310051558,0.14921794689779613,-32.249982016586415,13.4425566645059,-72.14660230596026,11.952749874737378,20.0,84.35344129321986,-150.2500615825937,-154.55617318454364,FLAT
2026-10-04T20:42:52.739192+00:00,0,PERP,DOT|GATE|HTX,DOT,GATE,HTX,10.623778937315365,0.974565262455803,-0.20145512659626902,11.107756946551913,-18.019050150678282,39.29029936450501,20.0,57.24852015906139,-101.06611518314341,-122.74027465016269,FLAT
2026-10-04T20:43:03.102782+00:00,1,PERP,OP|GATE|OKX,OP,GATE,OKX,4.895934966953064,0.8722324050686167,-0.14856015435102088,5.783430072065764,-4.977465995597008,14.78451261496705,20.0,19.752296359422605,-50.581202200668585,-60.685369128740675,FLAT
2026-10-04T20:43:03.419860+00:00,1,PERP,OP|BITGET|GATE,OP,BITGET,GATE,2.1102263180039493,1.0754396362125338,-6.7284818882569635,8.218692996465087,-12.226734113379711,16.46630706773511,21.999999999999996,28.686974838888325,-62.185227064011066,-79.88176379488038,FLAT
2026-10-04T20:43:03.855678+00:00,1,PERP,ICP|BITGET|HTX,ICP,BITGET,HTX,7.72594855708908,0.29587706736887687,1.4054943387146714,21.361757687338944,-11.363579398760981,26.82646607669481,21.999999999999996,38.16055966101583,-78.92963339849148,-91.58153139899596,FLAT
2026-10-04T20:43:04.584591+00:00,1,PERP,ICP|HTX|MEXC,ICP,HTX,MEXC,-14.729709824715664,-0.24849043444210342,-9.371536506030013,21.562895693411768,-32.35294117647114,2.9507229271175106,26.0,35.35564926742371,-90.33705393786482,-79.67790870057122,FLAT
2026-10-04T20:43:05.120123+00:00,1,PERP,APT|BITGET|HTX,APT,BITGET,HTX,32.85395583063622,0.7640910063686477,20.100006043866944,16.69166327108414,7.1131560816728445,58.60735426939323,21.999999999999996,51.3255703033231,-92.31242026551719,-117.83291852884938,FLAT
2026-10-04T20:43:05.582131+00:00,1,PERP,ICP|HTX|OKX,ICP,HTX,OKX,-17.67565178966035,-0.18726142890041586,-13.685767070210169,21.306495111558558,-35.29411764705892,0.0,20.0,35.35651994402061,-82.96487052086937,-75.04228701423078,FLAT
2026-10-04T20:43:06.246966+00:00,1,PERP,HBAR|HTX|MEXC,HBAR,HTX,MEXC,-29.070875465405656,0.1858815603374913,-31.47565301704276,12.937149587462727,-62.73123808332559,4.812844890049739,26.0,67.7402712631956,-130.99585632947844,-136.0287691702881,FLAT
2026-10-04T20:43:06.691250+00:00,1,PERP,HBAR|HTX|OKX,HBAR,HTX,OKX,-31.23320996922474,0.07563829357300683,-32.249982016586415,13.4425566645059,-71.16727959234792,8.965847394608595,20.0,80.38331360505217,-145.3006111808137,-147.59914301624718,FLAT
2026-10-04T20:43:07.081572+00:00,1,PERP,DOT|GATE|HTX,DOT,GATE,HTX,9.268475455892489,0.8525511161304649,-0.20145512659626902,11.107756946551913,-19.41101733107797,37.9716899076965,20.0,57.329561668859355,-102.53912387334105,-121.50270670315213,FLAT
2026-10-04T20:43:17.395679+00:00,2,PERP,OP|GATE|OKX,OP,GATE,OKX,5.052586792853031,0.8993187230404727,-0.14856015435102088,5.783430072065764,-4.742601339214891,14.862822501742201,20.0,19.595511489369933,-50.1895526742338,-60.60689414546316,FLAT
2026-10-04T20:43:17.710167+00:00,2,PERP,OP|BITGET|GATE,OP,BITGET,GATE,2.346980534717602,1.1042464327208694,-6.7284818882569635,8.218692996465087,-9.810171565267645,14.51504137125248,21.999999999999996,24.319500305071376,-55.40118998208205,-73.56302356458082,FLAT
2026-10-04T20:43:18.215375+00:00,2,PERP,ICP|BITGET|HTX,ICP,BITGET,HTX,4.52271707227947,0.1459253858783525,1.4054943387146714,21.361757687338944,-14.731879787861502,23.78905927455044,21.999999999999996,38.50352142779246,-82.64089555436863,-88.88708636362821,FLAT
2026-10-04T20:43:18.908894+00:00,2,PERP,ICP|HTX|MEXC,ICP,HTX,MEXC,-11.783767859772087,-0.11186954609621827,-9.371536506030013,21.562895693411768,-29.41176470588225,5.901445854235021,26.0,35.354779104421944,-87.39500730427417,-82.62776146468697,FLAT
2026-10-04T20:43:19.514228+00:00,2,PERP,APT|BITGET|HTX,APT,BITGET,HTX,29.17966538460437,0.5439637256801487,20.100006043866944,16.69166327108414,2.816736672683895,55.55882893373054,21.999999999999996,52.58863538535212,-97.87190475653517,-116.04745827521572,FLAT
2026-10-04T20:43:20.028532+00:00,2,PERP,ICP|HTX|OKX,ICP,HTX,OKX,-14.729709824715664,-0.048996456199835864,-13.685767070210169,21.306495111558558,-32.35294117647114,2.9507229271175106,20.0,35.35564926742371,-80.02282337368467,-77.99213926475139,FLAT
2026-10-04T20:43:20.770794+00:00,2,PERP,HBAR|HTX|MEXC,HBAR,HTX,MEXC,-27.425702161055774,0.3130481586076546,-31.47565301704276,12.937149587462727,-58.66954921581846,4.012092979721604,26.0,62.85342200904461,-122.04731820782031,-130.34116800580898,FLAT
2026-10-04T20:43:21.241658+00:00,2,PERP,HBAR|HTX|OKX,HBAR,HTX,OKX,-29.32712161875628,0.21743337006328095,-32.249982016586415,13.4425566645059,-68.0985497718134,9.684982539055476,20.0,78.01157310596302,-139.86014086119002,-145.9465376616049,FLAT
2026-10-04T20:43:21.630830+00:00,2,PERP,DOT|GATE|HTX,DOT,GATE,HTX,2.6709531200186376,0.2585948054531896,-0.20145512659626902,11.107756946551913,-25.362007468971992,30.72709397630824,20.0,56.07411473226694,-107.23466707464266,-113.00266383517145,FLAT
2026-10-04T21:31:22.657290+00:00,0,PERP,OP|GATE|OKX,OP,GATE,OKX,6.064924924278348,1.0632244556479666,-0.30291697573913945,5.989179299056564,-6.790914719785324,18.94713941358317,20.0,25.722426647328387,-58.21042439137457,-70.9724830366507,FLAT
2026-10-04T21:31:22.991554+00:00,0,PERP,OP|BITGET|GATE,OP,BITGET,GATE,-2.236881116235434,0.5017265377867783,-6.445789141156958,8.388848721233494,-17.8203859924686,13.36330053047563,21.999999999999996,31.190654582973472,-70.5652514342851,-78.99974425460606,FLAT
2026-10-04T21:31:23.528141+00:00,0,PERP,ICP|BITGET|HTX,ICP,BITGET,HTX,-2.56329539831901,-0.1754744867599941,1.1998300882523472,21.445428085043417,-16.984351675064513,11.86943620178127,21.999999999999996,28.861181125850056,-75.04536288916691,-67.53078723937898,FLAT
2026-10-04T21:31:24.685086+00:00,0,PERP,ICP|HTX|MEXC,ICP,HTX,MEXC,-5.933837709539702,0.15526178191222215,-9.285499224102246,21.587163777737775,-17.78304682869325,5.940005940006099,26.0,23.73711240494185,-64.23466000953286,-70.9626175690502,FLAT
2026-10-04T21:31:25.156906+00:00,0,PERP,APT|BITGET|HTX,APT,BITGET,HTX,6.84485338401597,-0.756862038397454,19.668183903409307,16.942758215942348,-9.778509756563913,23.475654116404954,21.999999999999996,33.23141579259995,-90.67810945257317,-65.0388860055956,FLAT
2026-10-04T21:31:25.657639+00:00,0,PERP,ICP|HTX|OKX,ICP,HTX,OKX,-7.302413913093941,0.28929953541279674,-13.473589940027788,21.331441193392504,-20.517359866085716,5.940005940006099,20.0,26.476671638134896,-59.52044156419282,-71.89026751816878,FLAT
2026-10-04T21:31:26.310907+00:00,0,PERP,HBAR|HTX|MEXC,HBAR,HTX,MEXC,-21.60644744082618,0.6740884621392663,-30.517469172015588,13.219365456737926,-56.53460305622416,13.56285271023161,26.0,70.2484080509378,-128.26554193514636,-146.328729933185,FLAT
2026-10-04T21:31:26.737369+00:00,0,PERP,HBAR|HTX|OKX,HBAR,HTX,OKX,-26.870964139491527,0.3266208776294703,-31.30526348721563,13.57628875382094,-73.8783190140091,20.47758011575418,20.0,94.60888859985333,-163.18194412664678,-172.39173220282314,FLAT
2026-10-04T21:31:27.137471+00:00,0,PERP,DOT|GATE|HTX,DOT,GATE,HTX,-4.808747748361597,-0.4237741667275093,-0.08533099388570285,11.146070537879424,-33.739758465261005,24.146332029035822,20.0,57.91392983434009,-117.56835730571538,-108.1455928572616,FLAT
2026-10-04T21:31:37.486443+00:00,1,PERP,OP|GATE|OKX,OP,GATE,OKX,6.017988787823114,1.0553876329195795,-0.30291697573913945,5.989179299056564,-7.011555965593663,19.074156861076386,20.0,26.06999675984264,-58.77863574969716,-71.44707059665816,FLAT
2026-10-04T21:31:37.882833+00:00,1,PERP,OP|BITGET|GATE,OP,BITGET,GATE,-3.9702923904560983,0.29509374086517837,-6.445789141156958,8.388848721233494,-20.499940332964208,12.580330447569121,21.999999999999996,33.093396527219085,-75.14754771902633,-80.11951611594516,FLAT
2026-10-04T21:31:38.363772+00:00,1,PERP,ICP|BITGET|HTX,ICP,BITGET,HTX,-5.3794683184005265,-0.3067925891039425,1.1998300882523472,21.445428085043417,-20.746887966807126,10.00332385756808,21.999999999999996,30.76675501778708,-80.71347307284655,-67.57024878710281,FLAT
2026-10-04T21:31:39.085655+00:00,1,PERP,ICP|HTX|MEXC,ICP,HTX,MEXC,-2.966918854768741,0.29270081213029364,-9.285499224102246,21.587163777737775,-14.819205690576043,8.910008910010259,26.0,23.73623136014872,-61.26993782662252,-73.93173949426122,FLAT
2026-10-04T21:31:39.559702+00:00,1,PERP,APT|BITGET|HTX,APT,BITGET,HTX,12.842402953869847,-0.40287306603459155,19.668183903409307,16.942758215942348,2.685636524266677,23.00462820572946,21.999999999999996,20.292929217503108,-65.27547659664573,-51.629373519823254,FLAT
2026-10-04T21:31:40.059596+00:00,1,PERP,ICP|HTX|OKX,ICP,HTX,OKX,-5.933837709539702,0.3534572353612729,-13.473589940027788,21.331441193392504,-17.78304682869325,5.940005940006099,20.0,23.73711240494185,-54.04656929360732,-69.15070828497574,FLAT
2026-10-04T21:31:40.782966+00:00,1,PERP,HBAR|HTX|MEXC,HBAR,HTX,MEXC,-20.448188254658106,0.761706827026645,-30.517469172015588,13.219365456737926,-56.1112280787146,15.46327967056893,26.0,71.72030050032603,-129.31405940702504,-149.70104934291055,FLAT
2026-10-04T21:31:41.310682+00:00,1,PERP,HBAR|HTX|OKX,HBAR,HTX,OKX,-23.70060160796994,0.5601429092398625,-31.30526348721563,13.57628875382094,-68.6438975105197,21.555768494547767,20.0,90.41286328048992,-153.751497303794,-169.27389526225332,FLAT
2026-10-04T21:31:41.703166+00:00,1,PERP,DOT|GATE|HTX,DOT,GATE,HTX,-8.458083780295,-0.7511842633648217,-0.08533099388570285,11.146070537879424,-41.01162700629657,24.146332029035822,20.0,65.21307708312096,-132.13937309553182,-115.44474010604249,FLAT
2026-10-04T21:31:52.109054+00:00,2,PERP,OP|GATE|OKX,OP,GATE,OKX,7.8350746281952155,1.358782430376776,-0.30291697573913945,5.989179299056564,-4.391305136125512,20.0874186647515,20.0,24.459532035016867,-54.547920195403236,-70.84986767550751,FLAT
2026-10-04T21:31:52.469129+00:00,2,PERP,OP|BITGET|GATE,OP,BITGET,GATE,-1.3874267979796517,0.6029864777956714,-6.445789141156958,8.388848721233494,-15.708604967553663,12.944414944320304,21.999999999999996,28.656991891144447,-65.91980771754115,-76.04719597662171,FLAT
2026-10-04T21:31:52.882289+00:00,2,PERP,ICP|BITGET|HTX,ICP,BITGET,HTX,-5.3794683184005265,-0.3067925891039425,1.1998300882523472,21.445428085043417,-20.746887966807126,10.00332385756808,21.999999999999996,30.76675501778708,-80.71347307284655,-67.57024878710281,FLAT
2026-10-04T21:31:53.586275+00:00,2,PERP,ICP|HTX|MEXC,ICP,HTX,MEXC,-2.966918854768741,0.29270081213029364,-9.285499224102246,21.587163777737775,-14.819205690576043,8.910008910010259,26.0,23.73623136014872,-61.26993782662252,-73.93173949426122,FLAT
2026-10-04T21:31:54.058769+00:00,2,PERP,APT|BITGET|HTX,APT,BITGET,HTX,13.067066346899026,-0.38961292325466446,19.668183903409307,16.942758215942348,3.3026275861858245,22.83598611905413,21.999999999999996,19.507866446395013,-63.87342276361849,-50.67566866203984,FLAT
2026-10-04T21:31:54.562569+00:00,2,PERP,ICP|HTX|OKX,ICP,HTX,OKX,-5.933837709539702,0.3534572353612729,-13.473589940027788,21.331441193392504,-17.78304682869325,5.940005940006099,20.0,23.73711240494185,-54.04656929360732,-69.15070828497574,FLAT
2026-10-04T21:31:55.293868+00:00,2,PERP,HBAR|HTX|MEXC,HBAR,HTX,MEXC,-20.390744191640664,0.7660522748626577,-30.517469172015588,13.219365456737926,-56.18342071119886,15.651263476004207,26.0,71.9805925682073,-129.64654410739058,-150.1493252162271,FLAT
2026-10-04T21:31:55.797258+00:00,2,PERP,HBAR|HTX|OKX,HBAR,HTX,OKX,-22.81170485619599,0.6256171170953618,-31.30526348721563,13.57628875382094,-68.01519128520228,22.70666825535894,20.0,90.92818930149444,-153.6381170994811,-170.94012104406903,FLAT
2026-10-04T21:31:56.187540+00:00,2,PERP,DOT|GATE|HTX,DOT,GATE,HTX,-5.099771270725695,-0.44988413269040783,-0.08533099388570285,11.146070537879424,-34.31986268784271,24.146332029035822,20.0,58.49601477362948,-118.73054646758649,-108.727677796551,FLAT
2026-10-04T22:10:07.160290+00:00,0,PERP,OP|GATE|OKX,OP,GATE,OKX,2.814902553138765,0.47642850354587674,-0.7187287405968942,7.416918314996229,-7.95913315821517,13.607930186201322,20.0,21.560977415122423,-54.8013818327407,-61.88763634192064,FLAT
2026-10-04T22:10:07.409893+00:00,0,PERP,OP|BITGET|GATE,OP,BITGET,GATE,-0.4061499823204695,0.6217669211064116,-5.935259315175103,8.892575569983338,-13.04933997626434,12.24650347718681,21.999999999999996,25.296867345283246,-60.410948006372486,-71.47863013764515,FLAT
2026-10-04T22:10:07.829147+00:00,0,PERP,ICP|BITGET|HTX,ICP,BITGET,HTX,-20.171349648849812,-0.9966067855172788,1.1123347252359659,21.356150372826022,-50.269398874741576,9.947505394189982,21.999999999999996,60.338608196545366,-139.72034179652292,-97.17377886549939,FLAT
2026-10-04T22:10:08.501190+00:00,0,PERP,ICP|HTX|MEXC,ICP,HTX,MEXC,4.452359750668489,0.6277762694199854,-9.071674919064588,21.54276185404108,-23.68265245707546,32.73809523809401,26.0,56.395235862782634,-103.00621340079351,-130.20500601994124,FLAT
2026-10-04T22:10:08.893215+00:00,0,PERP,APT|BITGET|HTX,APT,BITGET,HTX,11.996629727992758,-0.4824032688395172,20.029753825346454,16.652300297795254,-7.01102088830452,31.014784717091626,21.999999999999996,37.98023921694747,-93.02101393059844,-76.96527010869264,FLAT
2026-10-04T22:10:09.315750+00:00,0,PERP,ICP|HTX|OKX,ICP,HTX,OKX,7.4205995844445205,0.9653487750579919,-13.219770821897585,21.38125715765493,-20.72232089994297,35.71428571428336,20.0,56.39435586312363,-89.89690594116901,-131.32841239930457,FLAT
2026-10-04T22:10:10.178348+00:00,0,PERP,HBAR|HTX|MEXC,HBAR,HTX,MEXC,-31.21121716681108,-0.034642828746809434,-30.75579599871973,13.146188823662158,-64.01767081532506,1.8081343150022633,26.0,66.03120800043936,-131.2930828170447,-130.59513831416137,FLAT
2026-10-04T22:10:10.611608+00:00,0,PERP,HBAR|HTX|OKX,HBAR,HTX,OKX,-30.772175406657,0.05956188043772681,-31.58394514232653,13.629014559375012,-72.68484297770716,11.41248487074309,20.0,84.35603000825388,-151.4569278436345,-153.3524600213235,FLAT
2026-10-04T22:10:11.007315+00:00,0,PERP,DOT|GATE|HTX,DOT,GATE,HTX,3.107669162050186,0.31674775117244885,-0.532995861681392,11.493893832728332,-25.311679877290103,31.553603081451165,20.0,56.84760417549757,-107.62628819110628,-114.93420311863012,FLAT
2026-10-04T22:10:21.263683+00:00,1,PERP,OP|GATE|OKX,OP,GATE,OKX,-0.09988526388782226,0.08343673887547548,-0.7187287405968942,7.416918314996229,-11.188854681383198,11.00857212387174,20.0,22.197631417646765,-58.667757358433064,-59.92493228211539,FLAT
2026-10-04T22:10:21.499910+00:00,1,PERP,OP|BITGET|GATE,OP,BITGET,GATE,-1.8878100210817372,0.45514927168630737,-5.935259315175103,8.892575569983338,-14.684709409578112,10.918667884918243,21.999999999999996,25.608208054241018,-62.35765814864403,-70.46213525433436,FLAT
2026-10-04T22:10:21.903168+00:00,1,PERP,ICP|BITGET|HTX,ICP,BITGET,HTX,-7.099947314240795,-0.38453943693551756,1.1123347252359659,21.356150372826022,-30.283455272511752,16.10178932384354,21.999999999999996,46.418194106026675,-105.81398410377439,-89.40764870463425,FLAT
2026-10-04T22:10:22.568926+00:00,1,PERP,ICP|HTX|MEXC,ICP,HTX,MEXC,-8.898116565326797,0.008056457891225964,-9.071674919064588,21.54276185404108,-29.603315571345988,11.887072808320909,26.0,41.52718553797166,-94.05882619025306,-94.48593326535716,FLAT
2026-10-04T22:10:23.000454+00:00,1,PERP,APT|BITGET|HTX,APT,BITGET,HTX,17.770634432714427,-0.13566410359120964,20.029753825346454,16.652300297795254,-0.8911851521464786,36.443765911546855,21.999999999999996,37.268718758686184,-86.1896577361791,-81.68273084488658,FLAT
2026-10-04T22:10:23.464102+00:00,1,PERP,ICP|HTX|OKX,ICP,HTX,OKX,-4.998916232219486,0.3844888319270256,-13.219770821897585,21.38125715765493,-26.64298401420906,16.728769047886782,20.0,43.393283792881974,-82.81649698519345,-99.34182366266634,FLAT
2026-10-04T22:10:24.123149+00:00,1,PERP,HBAR|HTX|MEXC,HBAR,HTX,MEXC,-30.10347642763311,0.04962043219039208,-30.75579599871973,13.146188823662158,-63.61783079683714,3.6325298286588037,26.0,67.45268611298778,-132.31472091110518,-133.84101194036631,FLAT
2026-10-04T22:10:24.561108+00:00,1,PERP,HBAR|HTX|OKX,HBAR,HTX,OKX,-30.34319282268827,0.09103756652639153,-31.58394514232653,13.629014559375012,-73.1318215996879,12.728424557040263,20.0,86.1206309396632,-153.66850739702457,-156.43300063903,FLAT
2026-10-04T22:10:24.949721+00:00,1,PERP,DOT|GATE|HTX,DOT,GATE,HTX,6.738431544206502,0.6326339456157878,-0.532995861681392,11.493893832728332,-25.311679877290103,38.841831403961805,20.0,64.11026675339272,-114.88895076900144,-129.48509401903593,FLAT
2026-10-04T22:10:35.213809+00:00,2,PERP,OP|GATE|OKX,OP,GATE,OKX,0.4932934657375654,0.16341317982212072,-0.7187287405968942,7.416918314996229,-13.120202084309085,14.137616451701529,20.0,27.256439129155883,-65.65791247286808,-68.1127843214543,FLAT
2026-10-04T22:10:35.440240+00:00,2,PERP,OP|BITGET|GATE,OP,BITGET,GATE,0.45503760481846456,0.7186103586866163,-5.935259315175103,8.892575569983338,-15.410811201861385,16.33537152869957,21.999999999999996,31.74473161664165,-69.22028350332792,-82.01536246051631,FLAT
2026-10-04T22:10:35.844474+00:00,2,PERP,ICP|BITGET|HTX,ICP,BITGET,HTX,-7.225688070738867,-0.3904272376066566,1.1123347252359659,21.356150372826022,-29.26271999999841,14.823599169877522,21.999999999999996,44.11819419403956,-102.49324891927394,-85.82945863868112,FLAT
2026-10-04T22:10:36.547416+00:00,2,PERP,ICP|HTX|MEXC,ICP,HTX,MEXC,-8.898116565326797,0.008056457891225964,-9.071674919064588,21.54276185404108,-29.603315571345988,11.887072808320909,26.0,41.52718553797166,-94.05882619025306,-94.48593326535716,FLAT
2026-10-04T22:10:36.943832+00:00,2,PERP,APT|BITGET|HTX,APT,BITGET,HTX,15.791552449133661,-0.25451146690970533,20.029753825346454,16.652300297795254,-3.1848511166099325,34.77829701751034,21.999999999999996,37.90329013785424,-89.11789507981064,-80.65183333001812,FLAT
2026-10-04T22:10:37.415762+00:00,2,PERP,ICP|HTX|OKX,ICP,HTX,OKX,-1.6080348399138966,0.5430801330513182,-13.219770821897585,21.38125715765493,-23.68265245707546,20.551863617970234,20.0,44.241465841801976,-80.70434747697986,-104.01310028166981,FLAT
2026-10-04T22:10:38.131298+00:00,2,PERP,HBAR|HTX|MEXC,HBAR,HTX,MEXC,-30.045849378005364,0.05400398778971703,-30.75579599871973,13.146188823662158,-64.01767081532506,4.15148673306831,26.0,68.37384653858028,-133.6357213551856,-135.28112927036833,FLAT
2026-10-04T22:10:38.614013+00:00,2,PERP,HBAR|HTX|OKX,HBAR,HTX,OKX,-33.25994580546943,-0.122972989414706,-31.58394514232653,13.629014559375012,-74.9851947374991,8.734412200928077,20.0,83.99811920098327,-153.39936879615584,-150.31647654423787,FLAT
2026-10-04T22:10:39.012044+00:00,2,PERP,DOT|GATE|HTX,DOT,GATE,HTX,7.299857483449301,0.6814795280975194,-0.532995861681392,11.493893832728332,-23.768691308414525,38.394296732637834,20.0,62.117632271574955,-111.3533277183081,-127.04492486589419,FLAT
2026-10-04T22:47:37.185183+00:00,0,PERP,OP|GATE|OKX,OP,GATE,OKX,2.9322944940135542,0.4999840857991125,-0.20081739392273212,6.266423226108705,-7.758816593003148,13.641621618665223,20.0,21.394149311567578,-54.95214851064799,-61.23658832415553,FLAT
2026-10-04T22:47:37.483504+00:00,0,PERP,OP|BITGET|GATE,OP,BITGET,GATE,-2.4741325471433484,0.4683897462465493,-6.329588119583537,8.231297980658116,-18.05129039166853,13.125098340889263,21.999999999999996,31.184088461550342,-70.90579073363533,-78.63877492202315,FLAT
2026-10-04T22:47:37.917571+00:00,0,PERP,ICP|BITGET|HTX,ICP,BITGET,HTX,-3.3945899223641884,-0.2245094188394511,1.4007916803595988,21.35937827246799,-15.685551957295152,8.904719501332536,21.999999999999996,24.598618847397102,-69.68496248505184,-60.10254666837004,FLAT
2026-10-04T22:47:38.663794+00:00,0,PERP,ICP|HTX|MEXC,ICP,HTX,MEXC,-10.388839418224993,-0.051482792828664886,-9.277704827755162,21.58264012925047,-20.759193357056116,0.0,26.0,20.780765700039503,-64.26225422934046,-62.05847052779467,FLAT
2026-10-04T22:47:39.159150+00:00,0,PERP,APT|BITGET|HTX,APT,BITGET,HTX,28.109931958149037,0.4757053876612055,20.18602335903816,16.65717648914718,0.6580631625441313,55.57949181147714,21.999999999999996,54.76747195933453,-102.29543215582856,-118.16094041177351,FLAT
2026-10-04T22:47:39.692409+00:00,0,PERP,ICP|HTX|OKX,ICP,HTX,OKX,-10.388839418224993,0.1443115160917512,-13.466977387703968,21.32981520006996,-20.759193357056116,0.0,20.0,20.780765700039503,-54.07298166939165,-60.24774308774347,FLAT
2026-10-04T22:47:40.443377+00:00,0,PERP,HBAR|HTX|MEXC,HBAR,HTX,MEXC,-28.932137306491022,0.14255832623606698,-30.8062317160298,13.14615890225453,-62.30115938774428,4.657691897702598,26.0,67.1524094129179,-130.6473370846324,-134.6163330266503,FLAT
2026-10-04T22:47:40.950729+00:00,0,PERP,HBAR|HTX|OKX,HBAR,HTX,OKX,-29.032008141324226,0.1820990483606588,-31.514099705017284,13.630447748288702,-74.06819153867872,16.302185490193466,20.0,90.63251869630109,-159.18661052996254,-164.44880389151183,FLAT
2026-10-04T22:47:41.350210+00:00,0,PERP,DOT|GATE|HTX,DOT,GATE,HTX,0.42303929021825226,0.06549631406722294,-0.31291958843615264,11.236645743133646,-31.11194975388587,32.01023858109053,20.0,63.11947494853377,-119.91850511398349,-121.44263311806046,FLAT
2026-10-04T22:47:51.695500+00:00,1,PERP,OP|GATE|OKX,OP,GATE,OKX,1.237259437274485,0.22948926034959619,-0.20081739392273212,6.266423226108705,-9.319223680064326,11.813302172065665,20.0,21.12989343234328,-56.24829971848487,-59.144012998331675,FLAT
2026-10-04T22:47:52.015915+00:00,1,PERP,OP|BITGET|GATE,OP,BITGET,GATE,-0.8773348260260327,0.6623807455846206,-6.329588119583537,8.231297980658116,-17.273555232966142,15.542361090767898,21.999999999999996,32.8187788358293,-71.7627459492119,-82.69072804618072,FLAT
2026-10-04T22:47:52.509155+00:00,1,PERP,ICP|BITGET|HTX,ICP,BITGET,HTX,-5.925932229041697,-0.3430214033357593,1.4007916803595988,21.35937827246799,-17.793594306049208,5.94878967052237,21.999999999999996,23.756459794400765,-70.95084578080957,-56.30445778456353,FLAT
2026-10-04T22:47:53.264757+00:00,1,PERP,ICP|HTX|MEXC,ICP,HTX,MEXC,-7.420599584446741,0.08604624977235885,-9.277704827755162,21.58264012925047,-17.793594306049208,2.970885323827499,26.0,20.779883084061932,-61.29577256235598,-65.0284732356446,FLAT
2026-10-04T22:47:53.831191+00:00,1,PERP,APT|BITGET|HTX,APT,BITGET,HTX,21.59845255359949,0.08479403429996582,20.18602335903816,16.65717648914718,-4.616980482100574,47.82438220712004,21.999999999999996,52.328339472495486,-105.13134331363422,-107.96669832057736,FLAT
2026-10-04T22:47:54.338148+00:00,1,PERP,ICP|HTX|OKX,ICP,HTX,OKX,-10.388839418224993,0.1443115160917512,-13.466977387703968,21.32981520006996,-20.759193357056116,0.0,20.0,20.780765700039503,-54.07298166939165,-60.24774308774347,FLAT
2026-10-04T22:47:55.080526+00:00,1,PERP,HBAR|HTX|MEXC,HBAR,HTX,MEXC,-28.737686066651058,0.1573498133377949,-30.8062317160298,13.14615890225453,-63.547279910775025,6.31079542489088,26.0,70.0585906104641,-134.79963880520933,-139.17561775138478,FLAT
2026-10-04T22:47:55.489961+00:00,1,PERP,HBAR|HTX|OKX,HBAR,HTX,OKX,-28.324902477571136,0.23397596956024794,-31.514099705017284,13.630447748288702,-74.6295904827754,18.29756050747422,20.0,93.19002415711611,-162.30551493487422,-169.00168436960763,FLAT
2026-10-04T22:47:55.952416+00:00,1,PERP,DOT|GATE|HTX,DOT,GATE,HTX,-3.711075236151329,-0.30241726271309033,-0.31291958843615264,11.236645743133646,-31.11194975388587,23.712463363072533,20.0,54.84475704973675,-111.64378721518648,-104.87014000124545,FLAT
2026-10-04T22:48:06.279930+00:00,2,PERP,OP|GATE|OKX,OP,GATE,OKX,1.1452097899478098,0.2147999162045733,-0.20081739392273212,6.266423226108705,-9.644430746271748,11.953600168190803,20.0,21.595541494658573,-57.039154847007595,-59.74995905677211,FLAT
2026-10-04T22:48:06.583101+00:00,2,PERP,OP|BITGET|GATE,OP,BITGET,GATE,-1.9386593975101452,0.5334430526499205,-6.329588119583537,8.231297980658116,-17.15552896202177,13.298944881443564,21.999999999999996,30.46036495365739,-69.28630579609562,-78.08889795468448,FLAT
2026-10-04T22:48:07.078587+00:00,2,PERP,ICP|BITGET|HTX,ICP,BITGET,HTX,-4.969492928852404,-0.2982429791705703,1.4007916803595988,21.35937827246799,-17.793594306049208,7.864694211932033,21.999999999999996,25.67104175951701,-72.86542774592581,-60.13494429108945,FLAT
2026-10-04T22:48:07.843796+00:00,2,PERP,ICP|HTX|MEXC,ICP,HTX,MEXC,-7.420599584446741,0.08604624977235885,-9.277704827755162,21.58264012925047,-17.793594306049208,2.970885323827499,26.0,20.779883084061932,-61.29577256235598,-65.0284732356446,FLAT
2026-10-04T22:48:08.364068+00:00,2,PERP,APT|BITGET|HTX,APT,BITGET,HTX,21.836528911651776,0.09908675421005396,20.18602335903816,16.65717648914718,-5.636842645521112,49.32781822288845,21.999999999999996,54.84489281868796,-108.66775882324723,-111.98668768253825,FLAT
2026-10-04T22:48:08.904054+00:00,2,PERP,ICP|HTX|OKX,ICP,HTX,OKX,-10.388839418224993,0.1443115160917512,-13.466977387703968,21.32981520006996,-20.759193357056116,0.0,20.0,20.780765700039503,-54.07298166939165,-60.24774308774347,FLAT
2026-10-04T22:48:09.534904+00:00,2,PERP,HBAR|HTX|MEXC,HBAR,HTX,MEXC,-26.636438447624755,0.3171871950893531,-30.8062317160298,13.14615890225453,-59.71675731376247,6.659120823666598,26.0,66.5524521961672,-127.46297779389987,-136.0178047358636,FLAT
2026-10-04T22:48:10.140997+00:00,2,PERP,HBAR|HTX|OKX,HBAR,HTX,OKX,-25.908142767110398,0.4112819359591992,-31.514099705017284,13.630447748288702,-70.57981710873906,19.054192294056804,20.0,89.8658927004297,-154.93161010415147,-166.4341846995038,FLAT
2026-10-04T22:48:10.591391+00:00,2,PERP,DOT|GATE|HTX,DOT,GATE,HTX,-2.34555417974458,-0.18089335890565966,-0.31291958843615264,11.236645743133646,-31.11194975388587,26.45250490891593,20.0,57.57794246454378,-114.3769726299935,-110.34336696189587,FLAT
2026-10-04T23:00:52.907043+00:00,0,PERP,OP|GATE|OKX,OP,GATE,OKX,5.113529296305597,0.839050238370264,-0.14795873139862425,6.270766382146455,-5.167591278928407,15.412247323114414,20.0,20.56930538021121,-51.588937927740986,-62.12951143472424,FLAT
2026-10-04T23:00:53.135615+00:00,0,PERP,OP|BITGET|GATE,OP,BITGET,GATE,-3.1239905324265127,0.35165745138982724,-6.065584791931506,8.364942212596857,-18.565167068069766,12.339068288265143,21.999999999999996,30.91387732820975,-71.413459604348,-77.3185304084064,FLAT
2026-10-04T23:00:53.612965+00:00,0,PERP,ICP|BITGET|HTX,ICP,BITGET,HTX,-2.965159377317228,-0.1899472068480645,1.0637801513099634,21.210838503405164,-17.78304682869325,11.865915158708606,21.999999999999996,29.657750117717246,-76.50457709772046,-68.45988512511589,FLAT
2026-10-04T23:00:54.518523+00:00,0,PERP,ICP|HTX|MEXC,ICP,HTX,MEXC,-8.898116565325687,0.0057670365137271725,-9.021872128389443,21.459125977299337,-20.740740740742282,2.9691211401439155,26.0,23.730952407319613,-67.44982101967246,-67.72194567585296,FLAT
2026-10-04T23:00:54.993224+00:00,0,PERP,APT|BITGET|HTX,APT,BITGET,HTX,12.451044034655911,-0.47095762940123237,20.260517859180172,16.5821155386167,-6.283879009351123,31.195408035935568,21.999999999999996,37.432677076068984,-91.97707394460028,-76.36756725282439,FLAT
2026-10-04T23:00:55.559963+00:00,0,PERP,ICP|HTX|OKX,ICP,HTX,OKX,-11.86415542043573,0.06717430706913116,-13.293534658347774,21.27865995612022,-23.70370370370356,0.0,20.0,23.731833975369568,-60.142003020725355,-63.02536863371734,FLAT
2026-10-04T23:00:56.266488+00:00,0,PERP,HBAR|HTX|MEXC,HBAR,HTX,MEXC,-29.53525636853471,0.09172935911419354,-30.746677935093867,13.20647585743036,-63.44923940770464,4.606440123995359,26.0,68.25651497218175,-132.95907644479252,-135.60963303127096,FLAT
2026-10-04T23:00:56.904649+00:00,0,PERP,HBAR|HTX|OKX,HBAR,HTX,OKX,-29.303795062243232,0.16498411512328467,-31.561300582623883,13.683168944438837,-74.74649889081309,16.44403114038573,20.0,91.45751432120507,-160.64271262939428,-165.46284604421467,FLAT
2026-10-04T23:00:57.359449+00:00,0,PERP,DOT|GATE|HTX,DOT,GATE,HTX,5.18454083456632,0.4835948641077147,-0.26395124594394137,11.266645874255353,-22.433834666711896,32.831870469720585,20.0,55.237052091921285,-103.40693551268924,-114.33287380758581,FLAT
2026-10-04T23:01:07.607112+00:00,1,PERP,OP|GATE|OKX,OP,GATE,OKX,3.951470411638347,0.6537365440225116,-0.14795873139862425,6.270766382146455,-7.735175141917461,15.660844505962501,20.0,23.386756360195914,-56.97397277071475,-65.19555959755704,FLAT
2026-10-04T23:01:07.836498+00:00,1,PERP,OP|BITGET|GATE,OP,BITGET,GATE,-2.7191417849625754,0.40005572326961036,-6.065584791931506,8.364942212596857,-16.163479641817524,10.73525167238465,21.999999999999996,26.906043689865538,-65.00393853975154,-71.70688015418169,FLAT
2026-10-04T23:01:08.326274+00:00,1,PERP,ICP|BITGET|HTX,ICP,BITGET,HTX,4.197630003679453,0.14774757027480953,1.0637801513099634,21.210838503405164,-9.405414234876508,17.809439002671734,21.999999999999996,27.20343142079329,-65.67262580697975,-71.94909027215506,FLAT
2026-10-04T23:01:09.043361+00:00,1,PERP,ICP|HTX|MEXC,ICP,HTX,MEXC,-17.796233130653594,-0.40888715652008195,-9.021872128389443,21.459125977299337,-29.62962962962945,-5.9382422802845,26.0,23.733598683133412,-76.34135618437341,-58.81722853123835,FLAT
2026-10-04T23:01:09.569925+00:00,1,PERP,APT|BITGET|HTX,APT,BITGET,HTX,7.714913983216665,-0.7565743856233,20.260517859180172,16.5821155386167,-3.2618643253834456,18.697970889429705,21.999999999999996,21.942904657484743,-73.46528684204836,-48.380357687734275,FLAT
2026-10-04T23:01:10.060309+00:00,1,PERP,ICP|HTX|OKX,ICP,HTX,OKX,-20.762271985762524,-0.35099660142210104,-13.293534658347774,21.27865995612022,-32.59259259259295,-8.907363420425085,20.0,23.73448182378024,-69.03353975802543,-54.12065306170293,FLAT
2026-10-04T23:01:10.818728+00:00,1,PERP,HBAR|HTX|MEXC,HBAR,HTX,MEXC,-29.352849946596706,0.1055412513939479,-30.746677935093867,13.20647585743036,-62.668571337614054,4.183513707800568,26.0,67.04816229035949,-130.97005569287967,-133.9783539332539,FLAT
2026-10-04T23:01:11.302691+00:00,1,PERP,HBAR|HTX|OKX,HBAR,HTX,OKX,-27.896398421086708,0.2678401601572476,-31.561300582623883,13.683168944438837,-73.58221938832843,18.096400045037875,20.0,91.93405444833398,-159.95497325403852,-167.59175507599574,FLAT
2026-10-04T23:01:11.740289+00:00,1,PERP,DOT|GATE|HTX,DOT,GATE,HTX,2.597972540629989,0.2540173729178369,-0.26395124594394137,11.266645874255353,-27.09216693730032,32.31839890590615,20.0,59.39511971426045,-112.22333540561684,-117.97746986611055,FLAT
2026-10-04T23:01:22.006467+00:00,2,PERP,OP|GATE|OKX,OP,GATE,OKX,4.963164035063361,0.815071468937816,-0.14795873139862425,6.270766382146455,-6.9289269322792,16.878154071564566,20.0,23.79524900574798,-56.576217206628556,-66.82136180871117,FLAT
2026-10-04T23:01:22.226348+00:00,2,PERP,OP|BITGET|GATE,OP,BITGET,GATE,2.3177229727289195,1.002195538426543,-6.065584791931506,8.364942212596857,-11.037293912780077,15.682728651720268,21.999999999999996,26.713827305248795,-59.685536426097364,-76.46214074890057,FLAT
2026-10-04T23:01:22.767678+00:00,2,PERP,ICP|BITGET|HTX,ICP,BITGET,HTX,-1.4827995255051185,-0.12006030201994404,1.0637801513099634,21.210838503405164,-14.823599169880852,11.865915158708606,21.999999999999996,26.69347008778327,-70.58084940897409,-65.49560509518192,FLAT
2026-10-04T23:01:23.485511+00:00,2,PERP,ICP|HTX|MEXC,ICP,HTX,MEXC,-11.86415542043573,-0.13245102783091037,-9.021872128389443,21.459125977299337,-23.70370370370356,0.0,26.0,23.731833975369568,-70.41366555068369,-64.75370610375901,FLAT
2026-10-04T23:01:24.048374+00:00,2,PERP,APT|BITGET|HTX,APT,BITGET,HTX,7.856741564327141,-0.7480213405802725,20.260517859180172,16.5821155386167,-4.954315886157579,20.673931295691617,21.999999999999996,25.60812607167863,-78.82295981701637,-54.021539508190074,FLAT
2026-10-04T23:01:24.508066+00:00,2,PERP,ICP|HTX|OKX,ICP,HTX,OKX,-11.86415542043573,0.06717430706913116,-13.293534658347774,21.27865995612022,-23.70370370370356,0.0,20.0,23.731833975369568,-60.142003020725355,-63.02536863371734,FLAT
2026-10-04T23:01:25.222511+00:00,2,PERP,HBAR|HTX|MEXC,HBAR,HTX,MEXC,-24.933783693755764,0.4401548379818219,-30.746677935093867,13.20647585743036,-57.13933955612593,7.476614566039874,26.0,64.77681785710695,-123.16947947813901,-135.0001103582407,FLAT
2026-10-04T23:01:25.705300+00:00,2,PERP,HBAR|HTX|OKX,HBAR,HTX,OKX,-26.01636870579793,0.4052374051172951,-31.561300582623883,13.683168944438837,-69.9006885119835,18.147075898506948,20.0,88.27654305165855,-152.61593098101815,-163.98491953278938,FLAT
2026-10-04T23:01:26.167581+00:00,2,PERP,DOT|GATE|HTX,DOT,GATE,HTX,-0.598464930053888,-0.02969061847184894,-0.26395124594394137,11.266645874255353,-33.46078549536835,32.31839890590615,20.0,65.78307606108395,-124.97991031050836,-124.36542621293404,FLAT
2026-10-04T23:20:29.612454+00:00,0,PERP,OP|GATE|OKX,OP,GATE,OKX,3.0801116932588357,0.5269028755742174,-0.22056295266172857,6.264294235106418,-7.457267326733685,13.634737243075623,20.0,21.08549589940355,-54.32220027347551,-60.940796095140904,FLAT
2026-10-04T23:20:29.840345+00:00,0,PERP,OP|BITGET|GATE,OP,BITGET,GATE,-3.459804450897108,0.3258361788673175,-6.158961332249342,8.283785093279489,-15.360787013706245,8.450066074996432,21.999999999999996,23.81909071066531,-61.02091639212221,-66.42811811791108,FLAT
2026-10-04T23:20:30.416272+00:00,0,PERP,ICP|BITGET|HTX,ICP,BITGET,HTX,-8.549855864127265,-0.44902352966076503,0.981280068809894,21.226361879382765,-31.943813008614708,14.863258026160953,21.999999999999996,46.84711680411955,-107.77220988154414,-88.7290947614706,FLAT
2026-10-04T23:20:31.156211+00:00,0,PERP,ICP|HTX|MEXC,ICP,HTX,MEXC,-2.9739776951653862,0.27995811751854277,-8.980891426271864,21.456472790822417,-23.74591867022824,17.878426698452188,26.0,41.63657244978884,-88.40159969374523,-100.4958905745129,FLAT
2026-10-04T23:20:31.622123+00:00,0,PERP,APT|BITGET|HTX,APT,BITGET,HTX,11.282071154652407,-0.526087505378391,20.013727206702363,16.59734542786693,-3.49863285687535,26.0696406960359,21.999999999999996,29.534950417570943,-81.04731048114866,-63.590863906904474,FLAT
2026-10-04T23:20:32.111105+00:00,0,PERP,ICP|HTX|OKX,ICP,HTX,OKX,-5.947955390334103,0.34522286158262727,-13.29382851459242,21.27864038488691,-26.7141585040076,14.898688915376823,20.0,41.63745769377546,-81.05778768319064,-95.8299751237447,FLAT
2026-10-04T23:20:32.872428+00:00,0,PERP,HBAR|HTX|MEXC,HBAR,HTX,MEXC,-23.951092896706825,0.5046225181467736,-30.5602562933129,13.097242312685985,-59.781909172471615,12.133087039609691,26.0,72.08675925353994,-133.30841213269866,-146.78010258646253,FLAT
2026-10-04T23:20:33.457758+00:00,0,PERP,HBAR|HTX|OKX,HBAR,HTX,OKX,-24.685791241506607,0.495855784124578,-31.428159419940975,13.597437791994027,-70.94602131187511,21.90155002661953,20.0,93.07618482012077,-158.5940467120549,-172.4058942666813,FLAT
2026-10-04T23:20:33.924269+00:00,0,PERP,DOT|GATE|HTX,DOT,GATE,HTX,-8.672492901559137,-0.7405709419713954,-0.36359104154089367,11.219589358853316,-45.25828662386155,27.97382322557551,20.0,73.29562541002893,-144.1903209923496,-127.63303967714533,FLAT
2026-10-04T23:20:44.162470+00:00,1,PERP,OP|GATE|OKX,OP,GATE,OKX,3.8163583975436843,0.6444335464930205,-0.22056295266172857,6.264294235106418,-8.088160422454749,15.742508383860265,20.0,23.821558011346504,-57.68915548113952,-65.7846293478685,FLAT
2026-10-04T23:20:44.387726+00:00,1,PERP,OP|BITGET|GATE,OP,BITGET,GATE,-1.5905579961228433,0.5514874281121532,-6.158961332249342,8.283785093279489,-16.246928577681174,13.082448084849041,21.999999999999996,29.33403297501611,-67.42200022044794,-76.5754423921145,FLAT
2026-10-04T23:20:44.864130+00:00,1,PERP,ICP|BITGET|HTX,ICP,BITGET,HTX,-11.494529330705605,-0.5877507163219192,0.981280068809894,21.226361879382765,-34.8571153206656,11.887072808320909,21.999999999999996,46.79797245967283,-110.63636784914831,-85.70376519918383,FLAT
2026-10-04T23:20:45.855337+00:00,1,PERP,ICP|HTX|MEXC,ICP,HTX,MEXC,0.0,0.4185632705722845,-8.980891426271864,21.456472790822417,-20.777678836449986,20.858164481525332,26.0,41.6356877323427,-85.43247514252083,-103.4747436401399,FLAT
2026-10-04T23:20:46.329661+00:00,1,PERP,APT|BITGET|HTX,APT,BITGET,HTX,10.1604217863982,-0.5936675514242459,20.013727206702363,16.59734542786693,-7.268043462832496,27.597548192126453,21.999999999999996,34.83020055054169,-90.11197122007655,-70.41402153596579,FLAT
2026-10-04T23:20:46.913681+00:00,1,PERP,ICP|HTX|OKX,ICP,HTX,OKX,0.0,0.624749902913643,-13.29382851459242,21.27864038488691,-20.777678836449986,20.858164481525332,20.0,41.6356877323427,-75.11953805420026,-101.78768072846046,FLAT
2026-10-04T23:20:47.938648+00:00,1,PERP,HBAR|HTX|MEXC,HBAR,HTX,MEXC,-18.43234192721144,0.9259899203631872,-30.5602562933129,13.097242312685985,-50.64009819240711,13.98027901915233,26.0,64.73905697660793,-116.81889887570213,-141.27959228907315,FLAT
2026-10-04T23:20:48.456790+00:00,1,PERP,HBAR|HTX|OKX,HBAR,HTX,OKX,-21.900970872759107,0.7006605724492697,-31.428159419940975,13.597437791994027,-65.2121093697089,21.68565786654586,20.0,87.0876242071986,-146.87157415696652,-166.20144149368542,FLAT
2026-10-04T23:20:48.908991+00:00,1,PERP,DOT|GATE|HTX,DOT,GATE,HTX,-8.777316240338173,-0.7499138274751612,-0.36359104154089367,11.219589358853316,-45.25828662386155,27.76323577528661,20.0,73.08562334661674,-143.9803189289374,-127.21245016344425,FLAT
2026-10-04T23:20:59.158800+00:00,2,PERP,OP|GATE|OKX,OP,GATE,OKX,3.9868225361505694,0.671645572654175,-0.22056295266172857,6.264294235106418,-7.093158493255425,15.08633279173388,20.0,22.170635050598847,-55.04323059119254,-63.47753079499446,FLAT
2026-10-04T23:20:59.393533+00:00,2,PERP,OP|BITGET|GATE,OP,BITGET,GATE,-4.322883491809648,0.2216472083431132,-6.158961332249342,8.283785093279489,-19.130077145796953,10.50214113726966,21.999999999999996,29.645022751351586,-70.61613856489919,-74.30612522087058,FLAT
2026-10-04T23:20:59.842450+00:00,2,PERP,ICP|BITGET|HTX,ICP,BITGET,HTX,-10.160018011121652,-0.5248802476487092,0.981280068809894,21.226361879382765,-32.67003267003354,12.364449494650653,21.999999999999996,45.0802791711855,-106.73159191002892,-84.46344859702626,FLAT
2026-10-04T23:21:00.616949+00:00,2,PERP,ICP|HTX|MEXC,ICP,HTX,MEXC,-2.9739776951653862,0.27995811751854277,-8.980891426271864,21.456472790822417,-23.74591867022824,17.878426698452188,26.0,41.63657244978884,-88.40159969374523,-100.4958905745129,FLAT
2026-10-04T23:21:01.087086+00:00,2,PERP,APT|BITGET|HTX,APT,BITGET,HTX,19.058277952623826,-0.05756638965134382,20.013727206702363,16.59734542786693,6.648091655268029,31.474000120526036,21.999999999999996,24.77868332741201,-66.14431887884635,-64.23895624123568,FLAT
2026-10-04T23:21:01.563187+00:00,2,PERP,ICP|HTX|OKX,ICP,HTX,OKX,-8.92193308550171,0.20545934091709336,-13.29382851459242,21.27864038488691,-29.682398337788072,11.918951132301459,20.0,41.63834346477014,-84.0269132879658,-92.85112311166402,FLAT
2026-10-04T23:21:02.299741+00:00,2,PERP,HBAR|HTX|MEXC,HBAR,HTX,MEXC,-20.194530176909087,0.7914434099126023,-30.5602562933129,13.097242312685985,-52.48995280944801,12.306314758454562,26.0,64.92673280820901,-118.85642932434412,-139.79330385997648,FLAT
2026-10-04T23:21:03.457184+00:00,2,PERP,HBAR|HTX|OKX,HBAR,HTX,OKX,-21.411879505781606,0.7366299495083412,-31.428159419940975,13.597437791994027,-65.2100615444906,22.664890725325737,20.0,88.06262770461488,-147.84452982916451,-168.1556778498816,FLAT
2026-10-04T23:21:04.271487+00:00,2,PERP,DOT|GATE|HTX,DOT,GATE,HTX,-4.542138413300423,-0.37243318254444496,-0.36359104154089367,11.219589358853316,-37.03122735660757,27.97382322557551,20.0,65.03457907915569,-127.70221539422238,-119.37199334627209,FLAT
2026-10-04T23:38:44.790541+00:00,0,PERP,OP|GATE|OKX,OP,GATE,OKX,3.526657059693683,0.6056850889368618,-0.32424464797219266,6.357927210037861,-9.436333223448168,16.516977854530435,20.0,25.944132691314557,-61.05622126679053,-68.78535519381718,FLAT
2026-10-04T23:38:45.085084+00:00,0,PERP,OP|BITGET|GATE,OP,BITGET,GATE,-0.3529942641766759,0.6567850157052195,-5.961781437007069,8.539761167979734,-15.044213646564497,14.349205102803797,21.999999999999996,29.394452255071222,-66.47688446462864,-77.70543879488208,FLAT
2026-10-04T23:38:45.606603+00:00,0,PERP,ICP|BITGET|HTX,ICP,BITGET,HTX,1.8257924285824956,0.03202745813216026,1.1462312578038036,21.21808006038147,-21.976847593583315,25.642732917035005,21.999999999999996,47.610883457044004,-98.73396230843112,-100.1073851162752,FLAT
2026-10-04T23:38:46.379983+00:00,0,PERP,ICP|HTX|MEXC,ICP,HTX,MEXC,-7.429420505200568,0.0816348896631294,-9.186676505593699,21.525796233014322,-29.655990510081274,14.889815366290193,26.0,44.57873252428834,-97.04804652877591,-100.65522439617223,FLAT
2026-10-04T23:38:46.883952+00:00,0,PERP,APT|BITGET|HTX,APT,BITGET,HTX,18.56235173957943,-0.09532168871706548,20.135196194084372,16.50038386513976,3.8345636090864055,33.293685570154885,21.999999999999996,29.404539793269944,-73.7051723782679,-70.56302916934045,FLAT
2026-10-04T23:38:47.392742+00:00,0,PERP,ICP|HTX|OKX,ICP,HTX,OKX,-16.34472511144125,-0.12911558912982957,-13.581942318455235,21.397747643066975,-38.552787663107544,5.955926146514745,20.0,44.581388256715776,-95.55223360136807,-90.11925672168576,FLAT
2026-10-04T23:38:48.144070+00:00,0,PERP,HBAR|HTX|MEXC,HBAR,HTX,MEXC,-24.172180734820525,0.49047378706387873,-30.599711309905015,13.104738203363711,-60.2595141496709,12.174237632953666,26.0,72.60833525384217,-134.26813809360806,-147.38228419670085,FLAT
2026-10-04T23:38:48.637908+00:00,0,PERP,HBAR|HTX|OKX,HBAR,HTX,OKX,-24.72808077485622,0.4943171306518996,-31.454252204864297,13.606996425832302,-71.58375907225457,22.463992596859494,20.0,94.27968399718635,-160.40919086457663,-174.19792879891014,FLAT
2026-10-04T23:38:49.087108+00:00,0,PERP,DOT|GATE|HTX,DOT,GATE,HTX,12.600395675590459,1.1431185491549263,-0.2026071464132639,11.200065672513672,-13.609601796046311,38.8321622481147,20.0,52.37575947826569,-91.78275412789874,-117.41052887279366,FLAT
2026-10-04T23:38:59.382509+00:00,1,PERP,OP|GATE|OKX,OP,GATE,OKX,1.7467648896740684,0.32573659138100264,-0.32424464797219266,6.357927210037861,-9.225732103691486,12.740466616800727,20.0,21.962341946045598,-56.86382940176489,-61.02705321081852,FLAT
2026-10-04T23:38:59.673696+00:00,1,PERP,OP|BITGET|GATE,OP,BITGET,GATE,-2.987237841747259,0.3483169536887064,-5.961781437007069,8.539761167979734,-19.260250994138637,13.30738501085893,21.999999999999996,32.57735329650406,-73.87582285363563,-79.84651974437006,FLAT
2026-10-04T23:39:00.160111+00:00,1,PERP,ICP|BITGET|HTX,ICP,BITGET,HTX,2.9726516052308583,0.08607849259827037,1.1462312578038036,21.21808006038147,-20.80237741456159,26.76181980374448,21.999999999999996,47.550058039585785,-97.49866671195117,-101.16564658552645,FLAT
2026-10-04T23:39:00.923091+00:00,1,PERP,ICP|HTX|MEXC,ICP,HTX,MEXC,-10.401188707278575,-0.05642124400593214,-9.186676505593699,21.525796233014322,-32.621589561089294,11.91185229303171,26.0,44.579617241734475,-100.01453029723007,-97.67814604035988,FLAT
2026-10-04T23:39:01.429114+00:00,1,PERP,APT|BITGET|HTX,APT,BITGET,HTX,17.83100970653262,-0.13964441714715445,20.135196194084372,16.50038386513976,2.4758779999967118,33.19176837622617,21.999999999999996,30.66121729907636,-76.32053549316402,-71.71778948121815,FLAT
2026-10-04T23:39:01.941203+00:00,1,PERP,ICP|HTX|OKX,ICP,HTX,OKX,-16.34472511144125,-0.12911558912982957,-13.581942318455235,21.397747643066975,-38.552787663107544,5.955926146514745,20.0,44.581388256715776,-95.55223360136807,-90.11925672168576,FLAT
2026-10-04T23:39:02.703269+00:00,1,PERP,HBAR|HTX|MEXC,HBAR,HTX,MEXC,-24.11738815501274,0.49465491445135457,-30.599711309905015,13.104738203363711,-60.15031956314254,12.174237632953666,26.0,72.498479280622,-134.04908753385953,-147.2724282234807,FLAT
2026-10-04T23:39:03.288603+00:00,1,PERP,HBAR|HTX|OKX,HBAR,HTX,OKX,-25.397744435587953,0.44510247373757833,-31.454252204864297,13.606996425832302,-71.51006990098851,21.04563928604808,20.0,92.79019119621056,-158.84600889233477,-171.29008268712295,FLAT
2026-10-04T23:39:04.290483+00:00,1,PERP,DOT|GATE|HTX,DOT,GATE,HTX,9.023038591364774,0.8237135395035137,-0.2026071464132639,11.200065672513672,-20.78092783279528,38.85825411350075,20.0,59.58540143506611,-106.16372212144812,-124.64626269498012,FLAT
2026-10-04T23:39:14.633840+00:00,2,PERP,OP|GATE|OKX,OP,GATE,OKX,2.364222071113975,0.4228527050202196,-0.32424464797219266,6.357927210037861,-10.206569499914275,14.961311783971976,20.0,25.16190497161707,-61.04422982355915,-66.44746140356123,FLAT
2026-10-04T23:39:14.928394+00:00,2,PERP,OP|BITGET|GATE,OP,BITGET,GATE,-3.35620244167667,0.30511145968579884,-5.961781437007069,8.539761167979734,-17.52797735461442,10.826156321084301,21.999999999999996,28.363649139875857,-67.9298450574832,-73.15158689796722,FLAT
2026-10-04T23:39:15.421649+00:00,2,PERP,ICP|BITGET|HTX,ICP,BITGET,HTX,-8.618713099105557,-0.4602180936786323,1.1462312578038036,21.21808006038147,-20.80237741456159,3.572927424151384,21.999999999999996,24.39632872449512,-74.34493739686052,-54.8230248908427,FLAT
2026-10-04T23:39:16.185251+00:00,2,PERP,ICP|HTX|MEXC,ICP,HTX,MEXC,1.487652484382096,0.49588544249083216,-9.186676505593699,21.525796233014322,-8.917954815694795,11.91185229303171,26.0,20.826692225168234,-52.55797053526933,-73.92522102379364,FLAT
2026-10-04T23:39:16.680589+00:00,2,PERP,APT|BITGET|HTX,APT,BITGET,HTX,15.137762975743208,-0.30286769442371614,20.135196194084372,16.50038386513976,-0.14775788396703682,30.428684990269073,21.999999999999996,30.530225987691768,-78.81318006574318,-68.82371478387647,FLAT
2026-10-04T23:39:17.185207+00:00,2,PERP,ICP|HTX|OKX,ICP,HTX,OKX,-4.4629574531396266,0.4261656421707649,-13.581942318455235,21.397747643066975,-14.863258026159842,5.955926146514745,20.0,20.82846324014953,-48.10977894785414,-66.3663317051195,FLAT
2026-10-04T23:39:18.036738+00:00,2,PERP,HBAR|HTX|MEXC,HBAR,HTX,MEXC,-24.11738815501274,0.49465491445135457,-30.599711309905015,13.104738203363711,-60.15031956314254,12.174237632953666,26.0,72.498479280622,-134.04908753385953,-147.2724282234807,FLAT
2026-10-04T23:39:18.588062+00:00,2,PERP,HBAR|HTX|OKX,HBAR,HTX,OKX,-24.91595887946452,0.4805096672905056,-31.454252204864297,13.606996425832302,-71.61930004699224,22.12268367508541,20.0,93.97493195200008,-160.139979794128,-173.55186783194978,FLAT
2026-10-04T23:39:19.036146+00:00,2,PERP,DOT|GATE|HTX,DOT,GATE,HTX,5.918038579890705,0.5464830211955615,-0.2026071464132639,11.200065672513672,-26.88447453437992,38.77382520951489,20.0,65.61942269157706,-118.30129007954372,-130.5958550475052,FLAT
2026-10-05T00:20:27.399211+00:00,0,PERP,OP|GATE|OKX,OP,GATE,OKX,-0.07446642089736777,0.015025988575517799,-0.16871945304846836,6.27266763031281,-11.515500564613923,11.3877663356865,20.0,22.903417833022903,-60.250198944588355,-60.45990362175787,FLAT
2026-10-05T00:20:27.744656+00:00,0,PERP,OP|BITGET|GATE,OP,BITGET,GATE,-2.905497174429117,0.35132668363175235,-5.873949653424544,8.449265647316587,-17.26832918188648,11.472599593369548,21.999999999999996,28.74927376126933,-68.14365328973126,-74.0958230080634,FLAT
2026-10-05T00:20:28.210421+00:00,0,PERP,ICP|BITGET|HTX,ICP,BITGET,HTX,-14.830194275545772,-0.7247865392570882,0.6052103853245203,21.29648361942773,-32.61191817373277,2.967359050443097,21.999999999999996,35.63211329783723,-96.84924185689451,-65.9942619629558,FLAT
2026-10-05T00:20:28.879108+00:00,0,PERP,ICP|HTX|MEXC,ICP,HTX,MEXC,5.940888162780933,0.6860890786472806,-8.809569893283607,21.499333709184096,-8.89943636902979,20.820939916716963,26.0,29.70267715406482,-61.792543629811,-91.33318696406539,FLAT
2026-10-05T00:20:29.287301+00:00,0,PERP,APT|BITGET|HTX,APT,BITGET,HTX,19.45992800101992,-0.013921014249354118,19.69523352331461,16.902900757077028,6.589900652476111,32.338270760343676,21.999999999999996,25.698358601599423,-66.80369147243792,-66.34139583862849,FLAT
2026-10-05T00:20:29.958859+00:00,0,PERP,ICP|HTX|OKX,ICP,HTX,OKX,0.0,0.6217182653116456,-13.246208100238952,21.30580495909846,-14.832393948382983,14.87209994051053,20.0,29.704440813901048,-57.29062666204507,-83.82274885465053,FLAT
2026-10-05T00:20:30.668564+00:00,0,PERP,HBAR|HTX|MEXC,HBAR,HTX,MEXC,-22.553992201846953,0.5769676438521861,-29.694999321120854,12.376789574535245,-58.70167637942569,13.853975623911996,26.0,72.71872803323832,-133.72540509154317,-148.2677029782712,FLAT
2026-10-05T00:20:31.112978+00:00,0,PERP,HBAR|HTX|OKX,HBAR,HTX,OKX,-23.51628515344317,0.5462963161164857,-30.522623084080895,12.825160492467564,-69.33195263879588,22.62928089520777,20.0,92.17681569549836,-156.98614525021335,-171.328719674787,FLAT
2026-10-05T00:20:31.508888+00:00,0,PERP,DOT|GATE|HTX,DOT,GATE,HTX,-7.940165062069182,-0.6820048690437376,-0.3054846064639047,11.194466201260592,-38.960526001527995,23.10604617816958,20.0,62.11588244918673,-126.77092384425082,-111.52741323382021,FLAT
2026-10-05T00:20:41.900412+00:00,1,PERP,OP|GATE|OKX,OP,GATE,OKX,1.096911822693336,0.20176922329275224,-0.16871945304846836,6.27266763031281,-9.676004272862748,11.888317520978298,20.0,21.56194078577464,-57.06922560558892,-59.6189777598014,FLAT
2026-10-05T00:20:42.234634+00:00,1,PERP,OP|BITGET|GATE,OP,BITGET,GATE,-2.814771259822546,0.3620644114288875,-5.873949653424544,8.449265647316587,-16.838767305290546,11.224129432483299,21.999999999999996,28.070790107004242,-67.03560775887024,-73.16886919291208,FLAT
2026-10-05T00:20:42.671074+00:00,1,PERP,ICP|BITGET|HTX,ICP,BITGET,HTX,-10.79705591208846,-0.5354060558153017,0.6052103853245203,21.29648361942773,-26.698309107088257,5.117054928740483,21.999999999999996,31.849747189745635,-87.1532666821584,-64.36159173316159,FLAT
2026-10-05T00:20:43.355732+00:00,1,PERP,ICP|HTX|MEXC,ICP,HTX,MEXC,1.4854426619126393,0.4788526330375726,-8.809569893283607,21.499333709184096,-11.86943620178127,14.87209994051053,26.0,26.73752667200318,-61.797392980500845,-82.41919650579732,FLAT
2026-10-05T00:20:43.852920+00:00,1,PERP,APT|BITGET|HTX,APT,BITGET,HTX,20.1752928836596,0.028401004492912094,19.69523352331461,16.902900757077028,7.828431487861831,32.52883733525502,21.999999999999996,24.650670589302912,-64.51747262475568,-65.48427440124331,FLAT
2026-10-05T00:20:44.354437+00:00,1,PERP,ICP|HTX|OKX,ICP,HTX,OKX,-4.456327985740138,0.4125579921234176,-13.246208100238952,21.30580495909846,-17.804154302670796,8.923259964306318,20.0,26.73929242862758,-57.29723863105942,-74.90876049317285,FLAT
2026-10-05T00:20:45.013127+00:00,1,PERP,HBAR|HTX|MEXC,HBAR,HTX,MEXC,-22.33750811392765,0.5944587780930646,-29.694999321120854,12.376789574535245,-57.735915291425854,13.308900149544556,26.0,71.20299948417502,-131.24391545448003,-146.20689895484043,FLAT
2026-10-05T00:20:45.500979+00:00,1,PERP,HBAR|HTX|OKX,HBAR,HTX,OKX,-23.89907886487741,0.5164492267440712,-30.522623084080895,12.825160492467564,-69.00497393487525,21.522827908839748,20.0,90.74356748723395,-155.2259183380283,-168.7890184801546,FLAT
2026-10-05T00:20:45.908094+00:00,1,PERP,DOT|GATE|HTX,DOT,GATE,HTX,-4.951800980489418,-0.4150547503106757,-0.3054846064639047,11.194466201260592,-38.960526001527995,29.113584391744496,20.0,68.107788854536,-132.76283024960009,-123.5268578527444,FLAT
2026-10-05T00:20:56.304550+00:00,2,PERP,OP|GATE|OKX,OP,GATE,OKX,1.390100419151885,0.24850987874239033,-0.16871945304846836,6.27266763031281,-9.632064509328409,12.43132749319864,20.0,22.060308928905233,-57.52365398518517,-60.660355875152334,FLAT
2026-10-05T00:20:56.657607+00:00,2,PERP,OP|BITGET|GATE,OP,BITGET,GATE,-2.067151597521244,0.4505478008153651,-5.873949653424544,8.449265647316587,-17.928369180078008,13.817037787877684,21.999999999999996,31.751953955194352,-71.80637348184781,-79.44294139649658,FLAT
2026-10-05T00:20:57.117501+00:00,2,PERP,ICP|BITGET|HTX,ICP,BITGET,HTX,-6.422098168190615,-0.32997506438595664,0.6052103853245203,21.29648361942773,-21.74362017804188,8.910008910010259,21.999999999999996,30.6733241427783,-81.0221547061447,-66.97812266746404,FLAT
2026-10-05T00:20:57.823378+00:00,2,PERP,ICP|HTX|MEXC,ICP,HTX,MEXC,-1.4854426619137495,0.34066763791108245,-8.809569893283607,21.499333709184096,-14.836795252225476,11.897679952408424,26.0,26.73840928798075,-64.76563464692262,-79.44565913367279,FLAT
2026-10-05T00:20:58.231002+00:00,2,PERP,APT|BITGET|HTX,APT,BITGET,HTX,20.437346661621447,0.04390448414578335,19.69523352331461,16.902900757077028,7.78814042499576,33.09416372196505,21.999999999999996,25.254407699515657,-65.1615007978345,-66.6533378981661,FLAT
2026-10-05T00:20:58.705734+00:00,2,PERP,ICP|HTX|OKX,ICP,HTX,OKX,-7.427213309566527,0.2731178099979496,-13.246208100238952,21.30580495909846,-20.771513353116113,5.948839976204212,20.0,26.740176094402386,-60.26548134727955,-71.93522417084554,FLAT
2026-10-05T00:20:59.417440+00:00,2,PERP,HBAR|HTX|MEXC,HBAR,HTX,MEXC,-21.191844098468195,0.6870243023398866,-29.694999321120854,12.376789574535245,-57.92966028808743,15.811605705522425,26.0,73.89691029826467,-134.13157126523126,-151.40351532490794,FLAT
2026-10-05T00:20:59.950768+00:00,2,PERP,HBAR|HTX|OKX,HBAR,HTX,OKX,-23.267434542332268,0.5656996297246902,-30.522623084080895,12.825160492467564,-70.8629125492921,24.672183649370183,20.0,95.75665770020473,-162.09694716541594,-176.95146443365581,FLAT
2026-10-05T00:21:00.352306+00:00,2,PERP,DOT|GATE|HTX,DOT,GATE,HTX,2.1213246819384857,0.21678651261898588,-0.3054846064639047,11.194466201260592,-33.14826347551314,37.44979362095169,20.0,70.58303503478858,-129.42581390383782,-134.33831326220417,FLAT
2026-10-05T00:49:35.969755+00:00,0,PERP,OP|GATE|OKX,OP,GATE,OKX,2.684257906440113,0.4600514730030569,-0.2098789288151264,6.290897877933778,-9.765063453108791,15.158193950008947,20.0,24.9165448499353,-60.471729374228964,-66.28461772875937,FLAT
2026-10-05T00:49:36.205163+00:00,0,PERP,OP|BITGET|GATE,OP,BITGET,GATE,-5.768906771899118,0.0014330895707450803,-5.781204921128473,8.581563553603015,-23.282802932562685,11.768802261951095,21.999999999999996,35.071821623782164,-80.57341963521637,-80.62182880686173,FLAT
2026-10-05T00:49:36.710915+00:00,0,PERP,ICP|BITGET|HTX,ICP,BITGET,HTX,-17.809439002670622,-0.8773555844387039,0.7697216466504782,21.176317765398718,-41.543026706232226,5.938242280287831,21.999999999999996,47.56597714005462,-117.87872549293732,-80.73449777369197,FLAT
2026-10-05T00:49:37.415634+00:00,0,PERP,ICP|HTX|MEXC,ICP,HTX,MEXC,10.407374368122113,0.8908680727587168,-8.76831985203355,21.52472942573307,-11.86943620178127,32.777115613826794,26.0,44.59994155388666,-79.70105790363436,-118.145377019747,FLAT
2026-10-05T00:49:37.874768+00:00,0,PERP,APT|BITGET|HTX,APT,BITGET,HTX,19.561929408959955,-0.00687941602013756,19.67841837456741,16.93297298294898,4.507296959641582,34.622619448752005,21.999999999999996,30.056524908791317,-73.22764632371715,-73.00072598297591,FLAT
2026-10-05T00:49:38.377429+00:00,0,PERP,ICP|HTX|OKX,ICP,HTX,OKX,4.46030330062408,0.8310651221512108,-13.246208100238952,21.30580495909846,-17.804154302670796,26.81764004767606,20.0,44.60170731051105,-75.1596535129429,-110.66555545842606,FLAT
2026-10-05T00:49:39.201687+00:00,0,PERP,HBAR|HTX|MEXC,HBAR,HTX,MEXC,-31.603370661229533,-0.145180402422795,-29.8275646587031,12.231719797517322,-62.23233417750329,-0.7918524333716537,26.0,61.634725838021524,-126.03949535682172,-122.67043806335298,FLAT
2026-10-05T00:49:39.673678+00:00,0,PERP,HBAR|HTX|OKX,HBAR,HTX,OKX,-32.18195052402062,-0.1231208869095738,-30.61521137968753,12.725210024549154,-72.11357740018131,7.987676786711528,20.0,80.3591584755611,-147.85752449605488,-144.96204664196017,FLAT
2026-10-05T00:49:40.127436+00:00,0,PERP,DOT|GATE|HTX,DOT,GATE,HTX,-1.2900988040587258,-0.06589073381047418,-0.5362926974093277,11.440244523875235,-31.890518917343513,29.335758067425832,20.0,61.23416622940447,-118.58839244933867,-117.10621699423965,FLAT
2026-10-05T00:49:50.420293+00:00,1,PERP,OP|GATE|OKX,OP,GATE,OKX,3.539952570765781,0.5960725435925412,-0.2098789288151264,6.290897877933778,-8.451764342015666,15.555100650144205,20.0,23.998346821932536,-58.24023223513308,-65.76332640089187,FLAT
2026-10-05T00:49:50.679814+00:00,1,PERP,OP|BITGET|GATE,OP,BITGET,GATE,-1.4548639572076194,0.5041436722920284,-5.781204921128473,8.581563553603015,-15.0229762677756,12.123328674540357,21.999999999999996,27.15025119134781,-64.39202253799493,-73.05478478701664,FLAT
2026-10-05T00:49:51.144658+00:00,1,PERP,ICP|BITGET|HTX,ICP,BITGET,HTX,-23.72831084087368,-1.15685988276739,0.7697216466504782,21.176317765398718,-50.40023717758801,2.967359050443097,21.999999999999996,53.49451912218681,-132.66447794642528,-83.69215652597941,FLAT
2026-10-05T00:49:51.842422+00:00,1,PERP,ICP|HTX|MEXC,ICP,HTX,MEXC,14.865467518954123,1.0979830177439163,-8.76831985203355,21.52472942573307,-8.89943636902979,38.73659117997752,26.0,47.565082978414395,-79.69619949541064,-127.06999401042546,FLAT
2026-10-05T00:49:52.342091+00:00,1,PERP,APT|BITGET|HTX,APT,BITGET,HTX,12.218324186743512,-0.44056611885792296,19.67841837456741,16.93297298294898,-2.705743871944666,27.14804021638706,21.999999999999996,29.81735121345193,-80.201513459964,-65.28697305527157,FLAT
2026-10-05T00:49:52.875703+00:00,1,PERP,ICP|HTX|OKX,ICP,HTX,OKX,8.919280511372474,1.0403497382128173,-13.246208100238952,21.30580495909846,-14.832393948382983,32.777115613826794,20.0,47.566846638250624,-75.15303248639465,-119.59017035231636,FLAT
2026-10-05T00:49:53.515862+00:00,1,PERP,HBAR|HTX|MEXC,HBAR,HTX,MEXC,-27.595552770555145,0.18247735601341913,-29.8275646587031,12.231719797517322,-56.500450975883744,1.473766316368863,26.0,58.13417544824819,-116.80706176542883,-121.43550642332015,FLAT
2026-10-05T00:49:54.018733+00:00,1,PERP,HBAR|HTX|OKX,HBAR,HTX,OKX,-29.289639665125435,0.10416894589596834,-30.61521137968753,12.725210024549154,-68.53398878014727,10.17794464115429,20.0,78.9425200999898,-142.86129750044955,-145.7356761208316,FLAT
2026-10-05T00:49:54.453571+00:00,1,PERP,DOT|GATE|HTX,DOT,GATE,HTX,-3.8178388460652357,-0.2868423084670507,-0.5362926974093277,11.440244523875235,-31.983446475398747,24.371162145084835,20.0,56.37612240467617,-113.82327618266558,-107.28357724717033,FLAT
2026-10-05T00:50:04.720874+00:00,2,PERP,OP|GATE|OKX,OP,GATE,OKX,2.528367147542898,0.4352711058882093,-0.2098789288151264,6.290897877933778,-8.624173690494619,13.70042432537355,20.0,22.31893790759225,-56.73323266927174,-62.22924116178093,FLAT
2026-10-05T00:50:04.966570+00:00,2,PERP,OP|BITGET|GATE,OP,BITGET,GATE,-2.1950318802588242,0.4178927323056385,-5.781204921128473,8.581563553603015,-15.970104760811843,11.59027508118804,21.999999999999996,27.56642696034685,-65.75532680003022,-72.93790696266336,FLAT
2026-10-05T00:50:05.445773+00:00,2,PERP,ICP|BITGET|HTX,ICP,BITGET,HTX,-22.248590922574472,-1.0869837156880966,0.7697216466504782,21.176317765398718,-47.4495848161316,2.967359050443097,21.999999999999996,50.5293601362108,-126.74866659899288,-80.72699754000341,FLAT
2026-10-05T00:50:06.159050+00:00,2,PERP,ICP|HTX|MEXC,ICP,HTX,MEXC,14.865467518954123,1.0979830177439163,-8.76831985203355,21.52472942573307,-8.89943636902979,38.73659117997752,26.0,47.565082978414395,-79.69619949541064,-127.06999401042546,FLAT
2026-10-05T00:50:06.644161+00:00,2,PERP,APT|BITGET|HTX,APT,BITGET,HTX,16.898847883999313,-0.1641513568448403,19.67841837456741,16.93297298294898,1.6744956811920453,32.129855166189714,21.999999999999996,30.40397880943781,-76.40790150281316,-70.8554156010601,FLAT
2026-10-05T00:50:07.071435+00:00,2,PERP,ICP|HTX|OKX,ICP,HTX,OKX,5.946187007581649,0.9008059139124267,-13.246208100238952,21.30580495909846,-17.79887273805847,29.797377830749205,20.0,47.56772925422819,-78.12039389204772,-116.61131518521636,FLAT
2026-10-05T00:50:07.772146+00:00,2,PERP,HBAR|HTX|MEXC,HBAR,HTX,MEXC,-25.108857072715374,0.3857762983538492,-29.8275646587031,12.231719797517322,-54.88206576164667,4.836615953964785,26.0,59.86850778290512,-116.92300888584869,-126.53268839557299,FLAT
2026-10-05T00:50:08.274255+00:00,2,PERP,HBAR|HTX|OKX,HBAR,HTX,OKX,-27.73762892710918,0.22613241329824726,-30.61521137968753,12.725210024549154,-67.58951420648197,12.34483474565895,20.0,80.15601761365433,-143.13032044044877,-149.11606373900082,FLAT
2026-10-05T00:50:08.703026+00:00,2,PERP,DOT|GATE|HTX,DOT,GATE,HTX,-3.8308632968730993,-0.28798078507746605,-0.5362926974093277,11.440244523875235,-31.983446475398747,24.34510242581789,20.0,56.35012615789699,-113.79727993588642,-107.2315212811242,FLAT
2026-10-05T01:07:40.667274+00:00,0,PERP,OP|GATE|OKX,OP,GATE,OKX,3.062593307401329,0.4996389795570446,-0.07500989370852008,6.279740631708707,-8.761156499750289,14.908475782047237,20.0,23.662364766296204,-58.348511372337974,-64.64585044205197,FLAT
2026-10-05T01:07:41.041582+00:00,0,PERP,OP|BITGET|GATE,OP,BITGET,GATE,-4.3424168262007345,0.17932431751752156,-5.848367628182012,8.397917375785537,-20.699757460956867,12.037922957561786,21.999999999999996,32.751886495264195,-75.60327632803904,-78.63817708100798,FLAT
2026-10-05T01:07:41.549519+00:00,0,PERP,ICP|BITGET|HTX,ICP,BITGET,HTX,-8.756984130858791,-0.4339458870662854,0.3068473198776204,20.88700854388305,-23.520470112895488,6.0150169491524075,21.999999999999996,29.561371453209627,-81.38868888598273,-63.26954108248441,FLAT
2026-10-05T01:07:42.259885+00:00,0,PERP,ICP|HTX|MEXC,ICP,HTX,MEXC,-1.4872099940499428,0.32891657705796296,-8.470430813744962,21.230978633419284,-14.854426619130834,11.91185229303171,26.0,26.77022231743035,-65.15421812281622,-79.15250542420702,FLAT
2026-10-05T01:07:42.732051+00:00,0,PERP,APT|BITGET|HTX,APT,BITGET,HTX,11.071258269448325,-0.5059018159619519,19.47533577099488,16.61207221714858,-2.3157006808693925,24.464432994062424,21.999999999999996,26.750516045028643,-76.5415524968929,-59.73961326809618,FLAT
2026-10-05T01:07:43.160234+00:00,0,PERP,ICP|HTX|OKX,ICP,HTX,OKX,-1.4872099940499428,0.5354394017316667,-12.782447029250726,21.095266800819683,-14.854426619130834,11.91185229303171,20.0,26.77022231743035,-54.84220190731046,-77.46452163971279,FLAT
2026-10-05T01:07:43.889372+00:00,0,PERP,HBAR|HTX|MEXC,HBAR,HTX,MEXC,-21.97745676077334,0.6502973168123004,-29.124720913871826,10.990763714255719,-55.27298699504524,11.537391911917716,26.0,66.95681299654645,-125.10507907771986,-139.618925822336,FLAT
2026-10-05T01:07:44.403898+00:00,0,PERP,HBAR|HTX|OKX,HBAR,HTX,OKX,-23.439722353643113,0.5607197553955616,-29.898666252488297,11.519023249481734,-66.36227621917624,19.76556338071811,20.0,86.32926487592461,-148.79287484261255,-161.993494509131,FLAT
2026-10-05T01:07:44.861046+00:00,0,PERP,DOT|GATE|HTX,DOT,GATE,HTX,-9.580251651173377,-0.806137850909228,-0.5849614886712434,11.158501182343084,-42.39265145274285,23.259288266026523,20.0,65.71488501277474,-133.52257497684636,-115.55913476747251,FLAT
2026-10-05T01:07:55.240067+00:00,1,PERP,OP|GATE|OKX,OP,GATE,OKX,-0.21140426277432844,-0.021719745617693718,-0.07500989370852008,6.279740631708707,-11.037136377067824,10.633204397747509,20.0,21.670782461459467,-58.63290894481877,-58.3789967529155,FLAT
2026-10-05T01:07:55.588269+00:00,1,PERP,OP|BITGET|GATE,OP,BITGET,GATE,-1.5672218890572243,0.5097865991714798,-5.848367628182012,8.397917375785537,-13.890560698446297,10.765258863070226,21.999999999999996,24.659680891013373,-60.701873961277656,-69.2733073822656,FLAT
2026-10-05T01:07:56.158564+00:00,1,PERP,ICP|BITGET|HTX,ICP,BITGET,HTX,-0.7607315776658741,-0.05111210134761709,0.3068473198776204,20.88700854388305,-14.867677668747303,13.352460934243915,21.999999999999996,28.222284178647147,-71.39680916727207,-69.26789779301343,FLAT
2026-10-05T01:07:56.893882+00:00,1,PERP,ICP|HTX|MEXC,ICP,HTX,MEXC,-7.436049970257486,0.0487203562938581,-8.470430813744962,21.230978633419284,-20.796197266785832,5.955926146514745,26.0,26.771993332411647,-71.09775978545252,-73.19835029267135,FLAT
2026-10-05T01:07:57.288049+00:00,1,PERP,APT|BITGET|HTX,APT,BITGET,HTX,13.557482979555946,-0.356238084814606,19.47533577099488,16.61207221714858,-0.5635866358566499,27.68717482955818,21.999999999999996,28.212509771774062,-76.25143217862559,-64.42434883033735,FLAT
2026-10-05T01:07:57.804672+00:00,1,PERP,ICP|HTX|OKX,ICP,HTX,OKX,-10.410469958358481,0.11244119798475732,-12.782447029250726,21.095266800819683,-23.76708259061111,2.9779630732562623,20.0,26.772879630883793,-63.75751519224418,-68.53328973339077,FLAT
2026-10-05T01:07:58.543395+00:00,1,PERP,HBAR|HTX|MEXC,HBAR,HTX,MEXC,-26.333183310518482,0.2539894111027555,-29.124720913871826,10.990763714255719,-60.10683217416268,7.663434052269658,26.0,67.9484625779186,-130.93057383820945,-136.7366175440601,FLAT
2026-10-05T01:07:59.064908+00:00,1,PERP,HBAR|HTX|OKX,HBAR,HTX,OKX,-27.098186611276276,0.24311780439700226,-29.898666252488297,11.519023249481734,-69.64122496158298,15.725714415379954,20.0,85.59797029810946,-151.34052900720414,-157.2223509659777,FLAT
2026-10-05T01:07:59.522393+00:00,1,PERP,DOT|GATE|HTX,DOT,GATE,HTX,-9.580251651173377,-0.806137850909228,-0.5849614886712434,11.158501182343084,-42.39265145274285,23.259288266026523,20.0,65.71488501277474,-133.52257497684636,-115.55913476747251,FLAT
2026-10-05T01:08:09.896593+00:00,2,PERP,OP|GATE|OKX,OP,GATE,OKX,-1.4620503430651244,-0.22087543589824868,-0.07500989370852008,6.279740631708707,-13.572775809432835,10.67303068774228,20.0,24.2493274051004,-63.74709332082472,-60.997367986551204,FLAT
2026-10-05T01:08:10.241800+00:00,2,PERP,OP|BITGET|GATE,OP,BITGET,GATE,-2.6773693286685774,0.3775934148455254,-5.848367628182012,8.397917375785537,-20.083976506712897,14.754944958199623,21.999999999999996,34.848232654954984,-77.08384153348587,-83.45154524133662,FLAT
2026-10-05T01:08:10.769269+00:00,2,PERP,ICP|BITGET|HTX,ICP,BITGET,HTX,2.975304968759751,0.12775681320164983,0.3068473198776204,20.88700854388305,-11.897679952409534,17.857142857142794,21.999999999999996,29.745969842336525,-69.95049711462367,-75.29626537960169,FLAT
2026-10-05T01:08:11.390283+00:00,2,PERP,ICP|HTX|MEXC,ICP,HTX,MEXC,-10.410469958358481,-0.0913777540880636,-8.470430813744962,21.230978633419284,-23.76708259061111,2.9779630732562623,26.0,26.772879630883793,-74.06953140774993,-70.22127351788501,FLAT
2026-10-05T01:08:11.970376+00:00,2,PERP,APT|BITGET|HTX,APT,BITGET,HTX,18.182583501868965,-0.07782004871080521,19.47533577099488,16.61207221714858,2.0354258163424177,34.338331159771144,21.999999999999996,32.244274637583686,-77.68418459223615,-75.10727002635994,FLAT
2026-10-05T01:08:12.547382+00:00,2,PERP,ICP|HTX|OKX,ICP,HTX,OKX,-13.384889946459477,-0.028558203264124768,-12.782447029250726,21.095266800819683,-26.73796791443528,0.0,20.0,26.773766457310025,-66.72928734249459,-65.55621348656075,FLAT
2026-10-05T01:08:13.260053+00:00,2,PERP,HBAR|HTX|MEXC,HBAR,HTX,MEXC,-29.221389137876752,-0.008795405534880264,-29.124720913871826,10.990763714255719,-62.094583397537264,3.8644956004429964,26.0,66.15169760982717,-131.1215600934926,-131.140914124142,FLAT
2026-10-05T01:08:13.846695+00:00,2,PERP,HBAR|HTX|OKX,HBAR,HTX,OKX,-30.321566607461882,-0.03671321307495514,-29.898666252488297,11.519023249481734,-72.88821238082055,12.520486544713716,20.0,85.66756833972707,-154.65711446805932,-154.0867211369291,FLAT
2026-10-05T01:08:14.320803+00:00,2,PERP,DOT|GATE|HTX,DOT,GATE,HTX,-7.80490454516114,-0.6470352010998164,-0.5849614886712434,11.158501182343084,-34.15641708669925,18.568422162386078,20.0,52.7660135937121,-112.33746919174011,-97.91939724476943,FLAT
2026-10-05T01:29:07.938228+00:00,0,PERP,OP|GATE|OKX,OP,GATE,OKX,-1.0430201227540348,-0.13492235714481662,-0.18802043104714103,6.336975648811073,-11.063479606335802,8.993930162595198,20.0,20.059488455535305,-56.93494763082396,-55.24143904917764,FLAT
2026-10-05T01:29:08.262719+00:00,0,PERP,OP|BITGET|GATE,OP,BITGET,GATE,-2.0896921753021935,0.4202543390951488,-5.694115109075026,8.576765540442793,-16.275186623053717,12.110991628431211,21.999999999999996,28.392103199297182,-66.97317471327587,-74.19720993680342,FLAT
2026-10-05T01:29:08.721876+00:00,0,PERP,ICP|BITGET|HTX,ICP,BITGET,HTX,1.7136347392110451,0.05952361782274372,0.4719455970940424,20.86044477025317,-9.30192902171001,12.737089490919562,21.999999999999996,22.035239652072597,-59.80911427087664,-62.300383545898114,FLAT
2026-10-05T01:29:09.433587+00:00,0,PERP,ICP|HTX|MEXC,ICP,HTX,MEXC,-11.899449650450977,-0.16151016379944266,-8.470430813744962,21.230978633419284,-20.80856123662045,-2.9770765108649844,26.0,17.852718615560853,-62.19084903843634,-55.34607291844083,FLAT
2026-10-05T01:29:09.919802+00:00,0,PERP,APT|BITGET|HTX,APT,BITGET,HTX,12.966712912456657,-0.3796433175587856,19.337885793620195,16.781996643934075,-5.60226373200523,31.547228924504456,21.999999999999996,37.10138077683527,-90.0415303024607,-77.31072390771953,FLAT
2026-10-05T01:29:10.388411+00:00,0,PERP,ICP|HTX|OKX,ICP,HTX,OKX,-11.899449650450977,0.047763253171645134,-12.906344343156949,21.080948759656913,-20.80856123662045,-2.9770765108649844,20.0,17.852718615560853,-51.75493550902435,-53.781986447852816,FLAT
2026-10-05T01:29:11.367816+00:00,0,PERP,HBAR|HTX|MEXC,HBAR,HTX,MEXC,-23.57411399446896,0.47128965700768033,-28.911614429257675,11.325307813198483,-54.9455602563298,7.990288688723979,26.0,63.083972230922434,-121.11791805799456,-131.98587534890407,FLAT
2026-10-05T01:29:11.839531+00:00,0,PERP,HBAR|HTX|OKX,HBAR,HTX,OKX,-24.013013339660993,0.48769739826334935,-29.752118253613528,11.767757905596829,-65.28976795218355,17.517622295362134,20.0,83.00593412841305,-144.54358382698308,-156.2756746773887,FLAT
2026-10-05T01:29:12.294320+00:00,0,PERP,DOT|GATE|HTX,DOT,GATE,HTX,-1.176027690843462,-0.05087499784130246,-0.6072276034335071,11.180346172873524,-25.55902756652295,23.22707358621834,20.0,48.791830924760085,-99.74363088784953,-98.62613211441194,FLAT
2026-10-05T01:29:22.636777+00:00,1,PERP,OP|GATE|OKX,OP,GATE,OKX,-1.5364340540102717,-0.21278504095500456,-0.18802043104714103,6.336975648811073,-11.507843990891109,8.452237117320127,20.0,19.963133384702196,-57.282956944546164,-54.60339093306946,FLAT
2026-10-05T01:29:22.949813+00:00,1,PERP,OP|BITGET|GATE,OP,BITGET,GATE,-2.266379644050298,0.39965362803280785,-5.694115109075026,8.576765540442793,-15.959675917804894,11.441252711004157,21.999999999999996,27.407132624963413,-65.67269343369328,-72.54250044504259,FLAT
2026-10-05T01:29:23.407108+00:00,1,PERP,ICP|BITGET|HTX,ICP,BITGET,HTX,2.9082072597175213,0.11678857711114428,0.4719455970940424,20.86044477025317,-8.923259964308539,14.750081452812314,21.999999999999996,23.666454146767162,-61.06165970816974,-65.94459000248543,FLAT
2026-10-05T01:29:24.120992+00:00,1,PERP,ICP|HTX|MEXC,ICP,HTX,MEXC,-11.899449650450977,-0.16151016379944266,-8.470430813744962,21.230978633419284,-20.80856123662045,-2.9770765108649844,26.0,17.852718615560853,-62.19084903843634,-55.34607291844083,FLAT
2026-10-05T01:29:24.596113+00:00,1,PERP,APT|BITGET|HTX,APT,BITGET,HTX,17.593177397861037,-0.1039631000277783,19.337885793620195,16.781996643934075,-0.45719503352970037,35.652861984898365,21.999999999999996,36.04663712882431,-83.84171795597419,-80.36161332010246,FLAT
2026-10-05T01:29:25.084905+00:00,1,PERP,ICP|HTX|OKX,ICP,HTX,OKX,-14.874312063064554,-0.0933529008748292,-12.906344343156949,21.080948759656913,-23.78121284185464,-5.9541530217288585,20.0,17.853605970414367,-54.72847446911206,-50.80579729184245,FLAT
2026-10-05T01:29:25.816042+00:00,1,PERP,HBAR|HTX|MEXC,HBAR,HTX,MEXC,-26.71458164054563,0.1939932075092588,-28.911614429257675,11.325307813198483,-57.62534858391844,4.384685011511458,26.0,62.17555999648248,-122.88929415114325,-127.47185943725161,FLAT
2026-10-05T01:29:26.342951+00:00,1,PERP,HBAR|HTX|OKX,HBAR,HTX,OKX,-25.516714944520125,0.3599159111761651,-29.752118253613528,11.767757905596829,-65.58543459020515,14.796351339161351,20.0,80.58667387668152,-142.41999021327314,-151.1351434694564,FLAT
2026-10-05T01:29:26.791433+00:00,1,PERP,DOT|GATE|HTX,DOT,GATE,HTX,-1.176027690843462,-0.05087499784130246,-0.6072276034335071,11.180346172873524,-25.55902756652295,23.22707358621834,20.0,48.791830924760085,-99.74363088784953,-98.62613211441194,FLAT
2026-10-05T01:29:37.150264+00:00,2,PERP,OP|GATE|OKX,OP,GATE,OKX,-1.9950638394650166,-0.28515864799905116,-0.18802043104714103,6.336975648811073,-13.209347696215845,9.238663269863778,20.0,22.452473537191302,-61.47380080236,-57.87915723810222,FLAT
2026-10-05T01:29:37.467393+00:00,2,PERP,OP|BITGET|GATE,OP,BITGET,GATE,-3.1300417841118033,0.2989557441989778,-5.694115109075026,8.576765540442793,-16.13514092662527,9.884690765173954,21.999999999999996,26.02797499012003,-64.46900080767027,-69.60678086436901,FLAT
2026-10-05T01:29:37.876054+00:00,2,PERP,ICP|BITGET|HTX,ICP,BITGET,HTX,4.464285714285143,0.19138326920450643,0.4719455970940424,20.86044477025317,-5.950609937520612,14.885382554332693,21.999999999999996,20.826693015451028,-55.24924855006568,-63.24012997268968,FLAT
2026-10-05T01:29:38.589994+00:00,2,PERP,ICP|HTX|MEXC,ICP,HTX,MEXC,-14.874312063064554,-0.30162911281156696,-8.470430813744962,21.230978633419284,-23.78121284185464,-5.9541530217288585,26.0,17.853605970414367,-65.16438799852403,-52.36988376243047,FLAT
2026-10-05T01:29:39.056529+00:00,2,PERP,APT|BITGET|HTX,APT,BITGET,HTX,22.02814386284002,0.16030619754606087,19.337885793620195,16.781996643934075,3.3182444661461474,40.75013493422652,21.999999999999996,37.34961229879495,-81.369253626269,-86.76186143940129,FLAT
2026-10-05T01:29:39.531269+00:00,2,PERP,ICP|HTX|OKX,ICP,HTX,OKX,-15.333523126407345,-0.1151361265056221,-12.906344343156949,21.080948759656913,-24.698952431286834,-5.9541530217288585,20.0,18.773575547049177,-56.56618363517906,-51.725766868477265,FLAT
2026-10-05T01:29:40.248997+00:00,2,PERP,HBAR|HTX|MEXC,HBAR,HTX,MEXC,-27.208292991285354,0.15039957112576438,-28.911614429257675,11.325307813198483,-59.328898836403795,5.114048728325216,26.0,64.61813094317938,-127.03541535032551,-130.64379410076228,FLAT
2026-10-05T01:29:40.741369+00:00,2,PERP,HBAR|HTX|OKX,HBAR,HTX,OKX,-26.861347214337528,0.24565181086034485,-29.752118253613528,11.767757905596829,-68.71009236070202,15.250232115144868,20.0,84.1856356436954,-149.1436097507839,-155.1879860124538,FLAT
2026-10-05T01:29:41.137600+00:00,2,PERP,DOT|GATE|HTX,DOT,GATE,HTX,2.932471956997862,0.31660017549542574,-0.6072276034335071,11.180346172873524,-25.55902756652295,31.470987156303476,20.0,57.01325698526596,-107.96505694835541,-115.09147174500295,FLAT
2026-10-05T01:48:58.004206+00:00,0,PERP,OP|GATE|OKX,OP,GATE,OKX,-0.955042323305122,-0.18053452972388667,0.3927165895732973,7.465380251299906,-10.82956913138644,8.935141274160063,20.0,19.7665857954843,-56.98887151644404,-54.309010480071066,FLAT
2026-10-05T01:48:58.350659+00:00,0,PERP,OP|BITGET|GATE,OP,BITGET,GATE,-6.577496760657997,-0.07074910909112941,-5.98288630938526,8.404493836195735,-18.63148181277974,5.486153921847592,21.999999999999996,24.133505666464778,-64.78210116985925,-63.602545897697624,FLAT
2026-10-05T01:49:08.763087+00:00,1,PERP,OP|GATE|OKX,OP,GATE,OKX,-0.24076374362080877,-0.08485573565844844,0.3927165895732973,7.465380251299906,-10.099933622709223,9.635086085233446,20.0,19.735480768947795,-56.228130981230315,-54.977850264607945,FLAT
2026-10-05T01:49:09.103934+00:00,1,PERP,OP|BITGET|GATE,OP,BITGET,GATE,-5.961326127924549,0.0025653158751640552,-5.98288630938526,8.404493836195735,-20.262971857760714,8.35710990706895,21.999999999999996,28.637143449748507,-70.91722899812396,-70.97713966620272,FLAT
2026-10-05T01:49:19.513773+00:00,2,PERP,OP|GATE|OKX,OP,GATE,OKX,0.18340711000819354,-0.028037350077199062,0.3927165895732973,7.465380251299906,-9.096610835067631,9.477360128120615,20.0,18.573619855042377,-54.06294727968331,-53.6582633935897,FLAT
2026-10-05T01:49:19.865441+00:00,2,PERP,OP|BITGET|GATE,OP,BITGET,GATE,-6.1485109809955585,-0.01970668012117523,-5.98288630938526,8.404493836195735,-17.344745662420948,5.056072868718786,21.999999999999996,22.414597058876552,-61.776456411912235,-61.4535562369806,FLAT
2026-10-05T02:02:55.511425+00:00,0,PERP,OP|GATE|OKX,OP,GATE,OKX,0.5756005364765393,0.117667399224931,-0.16231312261140612,6.271181856219684,-10.046132085873571,11.216105705933455,20.0,21.26099743326854,-57.14481639653071,-58.6394162618134,FLAT
2026-10-05T02:02:55.886655+00:00,0,PERP,OP|BITGET|GATE,OP,BITGET,GATE,-6.9001211300845355,-0.16423631346416634,-5.561852310657567,8.148434357782614,-19.777968986822714,5.989158343446821,21.999999999999996,25.784914161723595,-68.00103083788873,-65.33592481582798,FLAT
2026-10-05T02:02:56.373954+00:00,0,PERP,ICP|BITGET|HTX,ICP,BITGET,HTX,6.73709796196631,0.3071778129293603,0.3446595077667086,20.81022191426836,-2.9420570830829273,16.423419623092794,21.999999999999996,19.35243612821387,-50.6391527190635,-63.43119624353996,FLAT
2026-10-05T02:02:57.097283+00:00,0,PERP,ICP|HTX|MEXC,ICP,HTX,MEXC,-13.44487600836608,-0.24249845143902524,-8.299978197572132,21.216208929431456,-20.901761719916976,-5.979073243648214,26.0,14.942773521605226,-59.54455704395007,-49.26367847552915,FLAT
2026-10-05T02:02:57.507164+00:00,0,PERP,APT|BITGET|HTX,APT,BITGET,HTX,9.968587687356756,-0.546293056626251,19.215901588284957,16.927386846241383,-4.848156110973667,24.792367778692093,21.999999999999996,29.611004230118333,-81.67506192937695,-63.18747042052546,FLAT
2026-10-05T02:02:58.040830+00:00,0,PERP,ICP|HTX|OKX,ICP,HTX,OKX,-16.432626232447678,-0.17554102476373976,-12.73577136245041,21.059777194378665,-23.887727679903215,-8.968609865470656,20.0,14.94366885981287,-52.095625177265674,-44.71083035679263,FLAT
2026-10-05T02:02:58.806340+00:00,0,PERP,HBAR|HTX|MEXC,HBAR,HTX,MEXC,-25.360822091389235,0.3393008015859836,-29.058794715578934,10.898803088305057,-55.54521556743297,5.002311256459002,26.0,60.70094175169748,-119.18736260355152,-126.76204772373542,FLAT
2026-10-05T02:02:59.298832+00:00,0,PERP,HBAR|HTX|OKX,HBAR,HTX,OKX,-24.466759178289887,0.4758203195133272,-29.885988607830143,11.389234984926844,-64.5405350382322,15.844317509499106,20.0,80.58130836829773,-141.2358547986998,-152.311614485627,FLAT
2026-10-05T02:02:59.765102+00:00,0,PERP,DOT|GATE|HTX,DOT,GATE,HTX,-1.7741278039196118,-0.1390132509957102,-0.2498151914476221,10.965232462040818,-27.146689845480854,23.619438014161886,20.0,50.775127326136754,-103.67200198017,-100.64438053174626,FLAT
2026-10-05T02:03:10.141911+00:00,1,PERP,OP|GATE|OKX,OP,GATE,OKX,-0.09601841328921168,0.010571326241551125,-0.16231312261140612,6.271181856219684,-10.706859265736668,10.533687002427516,20.0,21.240733463956527,-57.78527960708179,-57.93673358899545,FLAT
2026-10-05T02:03:10.470250+00:00,1,PERP,OP|BITGET|GATE,OP,BITGET,GATE,-4.771665615668219,0.09697405173726859,-5.561852310657567,8.148434357782614,-18.76404476595317,9.235784444445727,21.999999999999996,28.01318805510469,-69.21538051040028,-70.81082481020798,FLAT
2026-10-05T02:03:10.942254+00:00,1,PERP,ICP|BITGET|HTX,ICP,BITGET,HTX,4.48363473322555,0.19889145067794717,0.3446595077667086,20.81022191426836,-5.9755004481620855,14.952153110048272,21.999999999999996,20.918270362772887,-55.23843031870168,-63.52576396505445,FLAT
2026-10-05T02:03:11.905115+00:00,1,PERP,ICP|HTX|MEXC,ICP,HTX,MEXC,-10.457125784286703,-0.10167450716052016,-8.299978197572132,21.216208929431456,-17.91579575992852,-2.989536621824662,26.0,14.941878718965693,-56.55769628132209,-52.252320294713165,FLAT
2026-10-05T02:03:12.373156+00:00,1,PERP,APT|BITGET|HTX,APT,BITGET,HTX,7.316413339746308,-0.7029725471879822,19.215901588284957,16.927386846241383,-11.410467802633883,26.050582913950127,21.999999999999996,37.433661284667416,-96.06003067558625,-72.26834261033258,FLAT
2026-10-05T02:03:12.890508+00:00,1,PERP,ICP|HTX|OKX,ICP,HTX,OKX,-14.893831385385248,-0.10247307001476125,-12.73577136245041,21.059777194378665,-23.797941861380956,-5.979073243648214,20.0,17.845440954076306,-54.90761145300685,-50.60213907287851,FLAT
2026-10-05T02:03:13.601768+00:00,1,PERP,HBAR|HTX|MEXC,HBAR,HTX,MEXC,-23.63028020836433,0.4980835476364981,-29.058794715578934,10.898803088305057,-53.65803824567972,6.576419382917642,26.0,60.37659762986304,-116.97584115996384,-128.01181172835962,FLAT
2026-10-05T02:03:14.102298+00:00,1,PERP,HBAR|HTX|OKX,HBAR,HTX,OKX,-24.026466046054296,0.5144790294985282,-29.885988607830143,11.389234984926844,-64.54538798671861,16.733916440820895,20.0,81.47434115761004,-142.13374053649852,-154.09424620626106,FLAT
2026-10-05T02:03:14.556571+00:00,1,PERP,DOT|GATE|HTX,DOT,GATE,HTX,-0.3079481213996704,-0.005301568402976547,-0.2498151914476221,10.965232462040818,-27.146689845480854,26.560963550348315,20.0,53.70929041555319,-106.60616506958644,-106.52006915734913,FLAT
2026-10-05T02:03:24.936476+00:00,2,PERP,OP|GATE|OKX,OP,GATE,OKX,-0.06335608443874818,0.015779647352199413,-0.16231312261140612,6.271181856219684,-11.10904070092511,11.003083916509837,20.0,22.11224523007251,-59.058972808386216,-59.277642269193755,FLAT
2026-10-05T02:03:25.269147+00:00,2,PERP,OP|BITGET|GATE,OP,BITGET,GATE,-5.285706461787276,0.03388943651568385,-5.561852310657567,8.148434357782614,-20.44705686738979,9.894901095777175,21.999999999999996,30.357992084709494,-73.24319664144171,-73.81474549114424,FLAT
2026-10-05T02:03:25.709029+00:00,2,PERP,ICP|BITGET|HTX,ICP,BITGET,HTX,5.979073243649324,0.27075221778482933,0.3446595077667086,20.81022191426836,-2.988643156006665,14.952153110048272,21.999999999999996,17.93007413997298,-49.26337680374635,-60.53756774225454,FLAT
2026-10-05T02:03:26.453438+00:00,2,PERP,ICP|HTX|MEXC,ICP,HTX,MEXC,-13.44487600836608,-0.24249845143902524,-8.299978197572132,21.216208929431456,-20.901761719916976,-5.979073243648214,26.0,14.942773521605226,-59.54455704395007,-49.26367847552915,FLAT
2026-10-05T02:03:26.927903+00:00,2,PERP,APT|BITGET|HTX,APT,BITGET,HTX,11.968483522997175,-0.4281474826043232,19.215901588284957,16.927386846241383,-7.054902008701847,31.000369311149356,21.999999999999996,38.009777481631744,-92.28058107861855,-77.79424520449615,FLAT
2026-10-05T02:03:27.512736+00:00,2,PERP,ICP|HTX|OKX,ICP,HTX,OKX,-14.948739149429624,-0.10508030386807249,-12.73577136245041,21.059777194378665,-23.887727679903215,-5.9990612455251835,20.0,17.915441372925624,-55.06739769037843,-50.65215148985085,FLAT
2026-10-05T02:03:28.335545+00:00,2,PERP,HBAR|HTX|MEXC,HBAR,HTX,MEXC,-23.63028020836433,0.4980835476364981,-29.058794715578934,10.898803088305057,-53.65803824567972,6.576419382917642,26.0,60.37659762986304,-116.97584115996384,-128.01181172835962,FLAT
2026-10-05T02:03:28.893467+00:00,2,PERP,HBAR|HTX|OKX,HBAR,HTX,OKX,-23.731124689320147,0.5404106532752806,-29.885988607830143,11.389234984926844,-64.11613495449386,16.894548114991803,20.0,81.20267119260906,-141.43281753927278,-153.98320791543102,FLAT
2026-10-05T02:03:29.300096+00:00,2,PERP,DOT|GATE|HTX,DOT,GATE,HTX,2.3511827030509025,0.237204081491441,-0.2498151914476221,10.965232462040818,-27.146689845480854,31.89793325083512,20.0,59.03070343750922,-111.92757809154244,-117.17845187979196,FLAT
2026-10-05T02:25:05.986500+00:00,0,PERP,OP|GATE|OKX,OP,GATE,OKX,1.5712453472360721,0.28274710298078626,-0.19087047720371828,6.232126893125171,-10.250625378396272,13.415367712164006,20.0,23.66225424805882,-59.72200914925137,-63.26849243742654,FLAT
2026-10-05T02:25:06.293171+00:00,0,PERP,OP|BITGET|GATE,OP,BITGET,GATE,-6.213839017117362,-0.07022038762996284,-5.644058485426706,8.114175254816336,-19.027926080268376,6.609711921266026,21.999999999999996,25.653575226708742,-67.03744282155041,-65.90734563340148,FLAT
2026-10-05T02:25:06.794684+00:00,0,PERP,ICP|BITGET|HTX,ICP,BITGET,HTX,8.042878718461655,0.36514168935759694,0.42742955868765253,20.85614812477878,-5.75563247837807,21.85066095522492,21.999999999999996,27.584104759190275,-61.76716679625599,-77.00733615572753,FLAT
2026-10-05T02:25:07.527938+00:00,0,PERP,ICP|HTX|MEXC,ICP,HTX,MEXC,-17.88642122521944,-0.4544224216066813,-8.25798727868623,21.188289769000352,-29.779630732579278,-5.968367651446593,26.0,23.853903255615343,-77.3755467095084,-58.14352288285498,FLAT
2026-10-05T02:25:08.069390+00:00,0,PERP,APT|BITGET|HTX,APT,BITGET,HTX,10.909379125925156,-0.5186296098746738,19.52611190140481,16.614425037478824,-3.3361250941021936,25.16375732401155,21.999999999999996,28.46882193785282,-79.33105893335983,-62.106467360459554,FLAT
2026-10-05T02:25:08.634801+00:00,0,PERP,ICP|HTX|OKX,ICP,HTX,OKX,-20.867491429422678,-0.38858936562127905,-12.693706276501398,21.034505511629177,-32.75759380583665,-8.952551477171555,20.0,23.854795387600927,-69.91868291693618,-53.59595018693077,FLAT
2026-10-05T02:25:09.465786+00:00,0,PERP,HBAR|HTX|MEXC,HBAR,HTX,MEXC,-20.58878878734682,0.7525567186181329,-28.898519246133432,11.041998899491835,-54.34359196080263,13.387222175444968,26.0,67.86982742923287,-125.31490014390207,-142.15556885081128,FLAT
2026-10-05T02:25:09.879001+00:00,0,PERP,HBAR|HTX|OKX,HBAR,HTX,OKX,-21.371455640620816,0.7263786861351892,-29.739014123721617,11.519553977583922,-63.99138443814123,21.527777414207527,20.0,85.70140602870136,-145.95377634312098,-162.9681975666305,FLAT
2026-10-05T02:25:10.333482+00:00,0,PERP,DOT|GATE|HTX,DOT,GATE,HTX,-1.682265584938003,-0.1295997190705937,-0.26137905978338793,10.963654360860538,-33.189526662854576,29.87698767297653,20.0,63.07708271390127,-122.00523031697244,-119.21544944666118,FLAT
2026-10-05T02:25:20.688421+00:00,1,PERP,OP|GATE|OKX,OP,GATE,OKX,-0.5720404333175999,-0.06116209805265046,-0.19087047720371828,6.232126893125171,-11.667931155699973,10.542560188506744,20.0,22.211746184861727,-59.68880686335798,-58.94517685057219,FLAT
2026-10-05T02:25:20.988353+00:00,1,PERP,OP|BITGET|GATE,OP,BITGET,GATE,-4.54430831098529,0.135534436945842,-5.644058485426706,8.114175254816336,-19.21140915032482,10.141164456225482,21.999999999999996,29.365906880935047,-70.93325754583316,-73.15112982258724,FLAT
2026-10-05T02:25:21.496364+00:00,1,PERP,ICP|BITGET|HTX,ICP,BITGET,HTX,7.938110473557636,0.36011831474991735,0.42742955868765253,20.85614812477878,-5.964807634954994,21.85066095522492,21.999999999999996,27.793402544547753,-62.18563973819039,-77.21663394108501,FLAT
2026-10-05T02:25:22.225559+00:00,1,PERP,ICP|HTX|MEXC,ICP,HTX,MEXC,-17.88642122521944,-0.4544224216066813,-8.25798727868623,21.188289769000352,-29.779630732579278,-5.968367651446593,26.0,23.853903255615343,-77.3755467095084,-58.14352288285498,FLAT
2026-10-05T02:25:22.711170+00:00,1,PERP,APT|BITGET|HTX,APT,BITGET,HTX,13.702061824036882,-0.3505417770539778,19.52611190140481,16.614425037478824,0.1015789999980754,27.309249974500904,21.999999999999996,27.17044021681187,-74.5949731182186,-62.953578289907966,FLAT
2026-10-05T02:25:23.232378+00:00,1,PERP,ICP|HTX|OKX,ICP,HTX,OKX,-20.867491429422678,-0.38858936562127905,-12.693706276501398,21.034505511629177,-32.75759380583665,-8.952551477171555,20.0,23.854795387600927,-69.91868291693618,-53.59595018693077,FLAT
2026-10-05T02:25:23.853383+00:00,1,PERP,HBAR|HTX|MEXC,HBAR,HTX,MEXC,-20.939785330020833,0.720769308940872,-28.898519246133432,11.041998899491835,-55.48288622857722,13.835688319927542,26.0,69.46325013303432,-128.04761711547812,-144.1974576990953,FLAT
2026-10-05T02:25:24.381223+00:00,1,PERP,HBAR|HTX|OKX,HBAR,HTX,OKX,-21.488165448468877,0.7162472341644646,-29.739014123721617,11.519553977583922,-64.31425253894285,21.626014356026513,20.0,86.1243666018663,-146.69960501708755,-163.48939508161442,FLAT
2026-10-05T02:25:24.837673+00:00,1,PERP,DOT|GATE|HTX,DOT,GATE,HTX,-5.5708975398294225,-0.48428364350855824,-0.26137905978338793,10.963654360860538,-41.38270424756563,30.29991996931658,20.0,71.72253152526308,-138.8438567130453,-128.28383055436305,FLAT
2026-10-05T02:25:35.186982+00:00,2,PERP,OP|GATE|OKX,OP,GATE,OKX,-0.34816247705626857,-0.025238895572884334,-0.19087047720371828,6.232126893125171,-9.66260546470643,8.978574155757979,20.0,18.641820551186782,-54.113555538689496,-53.81126518414848,FLAT
2026-10-05T02:25:35.495648+00:00,2,PERP,OP|BITGET|GATE,OP,BITGET,GATE,-4.455592764566196,0.14646783974194685,-5.644058485426706,8.114175254816336,-18.03286050725994,9.140690865239165,21.999999999999996,27.185650884234327,-67.57445290606755,-69.9704002349002,FLAT
2026-10-05T02:25:36.043308+00:00,2,PERP,ICP|BITGET|HTX,ICP,BITGET,HTX,4.473605726216245,0.19400400032263918,0.42742955868765253,20.85614812477878,-8.944543828265372,17.899761336517273,21.999999999999996,26.832299064379278,-64.2042724513323,-72.3046308422089,FLAT
2026-10-05T02:25:36.776000+00:00,2,PERP,ICP|HTX|MEXC,ICP,HTX,MEXC,-14.9053510210162,-0.3137281873525929,-8.25798727868623,21.188289769000352,-26.801667659320792,-2.984183825724962,26.0,23.853011656321392,-74.39669203695595,-61.12681510928266,FLAT
2026-10-05T02:25:37.153836+00:00,2,PERP,APT|BITGET|HTX,APT,BITGET,HTX,12.698155302299785,-0.4109655665906295,19.52611190140481,16.614425037478824,-2.364476676145477,27.768901444868987,21.999999999999996,30.095160633715853,-79.98574921126614,-66.33795017718003,FLAT
2026-10-05T02:25:37.683585+00:00,2,PERP,ICP|HTX|OKX,ICP,HTX,OKX,-19.22229808232645,-0.31037534028150277,-12.693706276501398,21.034505511629177,-32.44859971242797,-5.968367651446593,20.0,26.531202301705825,-72.2860957376324,-59.25654092676063,FLAT
2026-10-05T02:25:38.405860+00:00,2,PERP,HBAR|HTX|MEXC,HBAR,HTX,MEXC,-20.070585538874973,0.7994869214907032,-28.898519246133432,11.041998899491835,-54.969749060114204,15.065907242923782,26.0,70.17569880385552,-128.2469286178363,-146.14012529291273,FLAT
2026-10-05T02:25:38.929466+00:00,2,PERP,HBAR|HTX|OKX,HBAR,HTX,OKX,-20.26262743140661,0.822634861623571,-29.739014123721617,11.519553977583922,-63.84296635304487,23.614076461986322,20.0,87.63360723884988,-147.73755946817312,-166.9866978245578,FLAT
2026-10-05T02:25:39.474916+00:00,2,PERP,DOT|GATE|HTX,DOT,GATE,HTX,-5.255103836447894,-0.45547995333487956,-0.26137905978338793,10.963654360860538,-40.77762769012283,30.325989718547053,20.0,71.14095447372483,-137.65720310406428,-127.72832325205528,FLAT
2026-10-05T02:46:43.388651+00:00,0,PERP,OP|GATE|OKX,OP,GATE,OKX,0.7860633016143481,0.1706758336220348,-0.29340851929595924,6.324690484892081,-10.293613637664123,11.884386675011793,20.0,22.17624144249396,-58.176446560862125,-60.35403663680171,FLAT
2026-10-05T02:46:43.695278+00:00,0,PERP,OP|BITGET|GATE,OP,BITGET,GATE,-6.060305981522296,-0.059957137361406586,-5.572201706252843,8.140886919388482,-20.533999461355144,8.431008808666984,21.999999999999996,28.982561869130233,-71.94435962423253,-70.98577238405005,FLAT
2026-10-05T02:46:44.241157+00:00,0,PERP,ICP|BITGET|HTX,ICP,BITGET,HTX,-11.194352404222396,-0.5399307062965787,0.054394178706090944,20.833685603999818,-31.85947914677523,9.48839689366432,21.999999999999996,41.39420666335657,-101.30807998883789,-78.8282093783148,FLAT
2026-10-05T02:46:44.985386+00:00,0,PERP,ICP|HTX|MEXC,ICP,HTX,MEXC,2.9881966233391566,0.5178727855309287,-7.968204202017906,21.156548734501353,-14.9164677804281,20.951810835077023,26.0,35.85746681488977,-74.80573039329995,-96.77748185198469,FLAT
2026-10-05T02:46:45.546478+00:00,0,PERP,APT|BITGET|HTX,APT,BITGET,HTX,19.346027282842737,-0.025273824649962515,19.766903579968712,16.65265558161572,2.805443941573671,35.8942210345603,21.999999999999996,33.024885309375,-77.98634494777004,-77.15220276396659,FLAT
2026-10-05T02:46:46.088644+00:00,0,PERP,ICP|HTX|OKX,ICP,HTX,OKX,-4.512290272740138,0.3776479193210792,-12.445493890384302,21.00687760151352,-23.866348448685628,14.905489734973187,20.0,38.78923628566746,-76.21009084396879,-92.14021991102494,FLAT
2026-10-05T02:46:46.850896+00:00,0,PERP,HBAR|HTX|MEXC,HBAR,HTX,MEXC,-20.749638646415658,0.7551942852992368,-29.003560389510604,10.929534165932449,-53.59200181921375,12.30195538669987,26.0,66.03030333560989,-122.61874476531304,-139.33581911182034,FLAT
2026-10-05T02:46:47.279150+00:00,0,PERP,HBAR|HTX|OKX,HBAR,HTX,OKX,-22.510395697069583,0.6408636007351941,-29.830754281761813,11.422646841378363,-63.796543358064504,19.03877616072025,20.0,83.02136873307207,-142.98715780937476,-157.89089917555413,FLAT
2026-10-05T02:46:47.723661+00:00,0,PERP,DOT|GATE|HTX,DOT,GATE,HTX,-1.412699982933363,-0.11296613598719427,-0.17011750597660058,10.999601483205733,-26.968257799073747,24.184898997419157,20.0,51.160349666698565,-103.95848995979571,-101.51536617009432,FLAT
2026-10-05T02:46:58.095823+00:00,1,PERP,OP|GATE|OKX,OP,GATE,OKX,-2.018970253748753,-0.27282943546007177,-0.29340851929595924,6.324690484892081,-12.586480062647398,8.565685910779663,20.0,21.15642349322873,-59.44949503658017,-56.01551792330435,FLAT
2026-10-05T02:46:58.402529+00:00,1,PERP,OP|BITGET|GATE,OP,BITGET,GATE,-4.917504789041516,0.08042083420322287,-5.572201706252843,8.140886919388482,-15.861341133907025,6.03442610933369,21.999999999999996,21.90653680076149,-60.19567622841567,-61.51316461634802,FLAT
2026-10-05T02:46:58.829519+00:00,1,PERP,ICP|BITGET|HTX,ICP,BITGET,HTX,-10.643418165747764,-0.5134863099978817,0.054394178706090944,20.833685603999818,-30.7602981205235,9.48839689366432,21.999999999999996,40.2915734787203,-99.10626577794989,-77.72557619367852,FLAT
2026-10-05T02:46:59.601049+00:00,1,PERP,ICP|HTX|MEXC,ICP,HTX,MEXC,2.9881966233391566,0.5178727855309287,-7.968204202017906,21.156548734501353,-14.9164677804281,20.951810835077023,26.0,35.85746681488977,-74.80573039329995,-96.77748185198469,FLAT
2026-10-05T02:47:00.035418+00:00,1,PERP,APT|BITGET|HTX,APT,BITGET,HTX,20.14642210246942,0.022790270335002274,19.766903579968712,16.65265558161572,3.3847573359779837,36.916535984392596,21.999999999999996,33.46435781167752,-77.84650405566825,-78.6139902161014,FLAT
2026-10-05T02:47:00.493332+00:00,1,PERP,ICP|HTX|OKX,ICP,HTX,OKX,-5.01215958214396,0.3538524120169472,-12.445493890384302,21.00687760151352,-23.866348448685628,13.904105332747108,20.0,37.78929235532042,-75.21014691362174,-90.13889157845183,FLAT
2026-10-05T02:47:01.224673+00:00,1,PERP,HBAR|HTX|MEXC,HBAR,HTX,MEXC,-20.664345155807506,0.7629982309489985,-29.003560389510604,10.929534165932449,-54.312849450850464,13.207649910798036,26.0,67.65957369247151,-124.96886275381138,-141.87078399278016,FLAT
2026-10-05T02:47:01.681571+00:00,1,PERP,HBAR|HTX|OKX,HBAR,HTX,OKX,-21.336521535731954,0.7436308645435514,-29.830754281761813,11.422646841378363,-65.00157897036063,22.61855584424044,20.0,87.80652343534615,-148.97734812394498,-166.2558335613484,FLAT
2026-10-05T02:47:02.070173+00:00,1,PERP,DOT|GATE|HTX,DOT,GATE,HTX,1.4518643562522193,0.14745823880122136,-0.17011750597660058,10.999601483205733,-18.766751432131024,21.687120980677932,20.0,40.44799306760339,-85.04462699375782,-88.30523155425793,FLAT
2026-10-05T02:47:12.440599+00:00,2,PERP,OP|GATE|OKX,OP,GATE,OKX,1.0946200510075776,0.21946189677094072,-0.29340851929595924,6.324690484892081,-10.320686614641028,12.530785323705551,20.0,22.848951806729097,-58.876229902074165,-61.67314564973061,FLAT
2026-10-05T02:47:12.750051+00:00,2,PERP,OP|BITGET|GATE,OP,BITGET,GATE,-6.799088047231283,-0.15070671698638463,-5.572201706252843,8.140886919388482,-19.5805350461975,5.991812684720266,21.999999999999996,25.589742927533177,-67.59807626747784,-65.15375731850628,FLAT
2026-10-05T02:47:13.178088+00:00,2,PERP,ICP|BITGET|HTX,ICP,BITGET,HTX,-10.617641445779258,-0.5122490483602404,0.054394178706090944,20.833685603999818,-30.708867452265977,9.48839689366432,21.999999999999996,40.23998426018391,-99.00324589115597,-77.67398697514213,FLAT
2026-10-05T02:47:13.965413+00:00,2,PERP,ICP|HTX|MEXC,ICP,HTX,MEXC,2.9881966233391566,0.5178727855309287,-7.968204202017906,21.156548734501353,-14.9164677804281,20.951810835077023,26.0,35.85746681488977,-74.80573039329995,-96.77748185198469,FLAT
2026-10-05T02:47:14.730716+00:00,2,PERP,APT|BITGET|HTX,APT,BITGET,HTX,22.239170790259166,0.14846083846349406,19.766903579968712,16.65265558161572,5.651451797921148,38.834662427951194,21.999999999999996,33.10957585817906,-75.22502764022661,-80.17733470616153,FLAT
2026-10-05T02:47:15.234034+00:00,2,PERP,ICP|HTX|OKX,ICP,HTX,OKX,-5.057142916836677,0.35171104976663947,-12.445493890384302,21.00687760151352,-23.866348448685628,13.813990558997347,20.0,37.699302304564185,-75.12015686286551,-89.95878675394583,FLAT
2026-10-05T02:47:15.934493+00:00,2,PERP,HBAR|HTX|MEXC,HBAR,HTX,MEXC,-20.723621163154515,0.7575747603374355,-29.003560389510604,10.929534165932449,-54.12053611900558,12.895113527264801,26.0,67.1540830073665,-124.27105873686148,-141.0527569241419,FLAT
2026-10-05T02:47:16.432423+00:00,2,PERP,HBAR|HTX|OKX,HBAR,HTX,OKX,-24.94160470583262,0.42802247533542953,-29.830754281761813,11.422646841378363,-68.28090242463114,18.685549287387193,20.0,87.1829471771826,-151.63309532005192,-161.6992507463316,FLAT
2026-10-05T02:47:16.825410+00:00,2,PERP,DOT|GATE|HTX,DOT,GATE,HTX,2.191131298736604,0.21466675936563476,-0.17011750597660058,10.999601483205733,-25.51431162466922,29.942217455951603,20.0,55.4443429306593,-106.78853704935192,-111.55667789258752,FLAT
2026-10-05T03:02:38.765787+00:00,0,PERP,OP|GATE|OKX,OP,GATE,OKX,3.0869243384579192,0.5154738045840473,-0.17866716431697013,6.335126002008971,-7.5936623691130745,13.785882573233987,20.0,21.372931493381028,-54.78792669817714,-61.337481230931985,FLAT
2026-10-05T03:02:39.003576+00:00,0,PERP,OP|BITGET|GATE,OP,BITGET,GATE,-5.906883416563202,-0.06506915616586403,-5.396214146752719,7.848100388896481,-18.195923787337478,6.391273453001389,21.999999999999996,24.601725812723767,-65.40143545330852,-64.38921341247787,FLAT
2026-10-05T03:02:39.542077+00:00,0,PERP,ICP|BITGET|HTX,ICP,BITGET,HTX,2.989983555090614,0.14847744088204878,-0.11754165202743466,20.929275105075945,-2.988643156006665,8.973975471133766,21.999999999999996,11.959040487420506,-42.830141991399735,-49.050557610581706,FLAT
2026-10-05T03:02:40.334754+00:00,0,PERP,ICP|HTX|MEXC,ICP,HTX,MEXC,-8.96726946644777,-0.05150175071104742,-7.878106742390719,21.148071842602782,-11.95457262402888,-5.979073243648214,26.0,5.980862447428975,-42.05732832906714,-39.87989594617148,FLAT
2026-10-05T03:02:40.883809+00:00,0,PERP,APT|BITGET|HTX,APT,BITGET,HTX,16.773232173821206,-0.16290975708576017,19.47332668152198,16.57417306367579,7.463907967593109,26.085958952488664,21.999999999999996,18.59086746954893,-58.60028618347779,-53.20349974051561,FLAT
2026-10-05T03:02:41.412920+00:00,0,PERP,ICP|HTX|OKX,ICP,HTX,OKX,-17.93453893289554,-0.25944764843949025,-12.478920772877848,21.027818879191265,-20.920502092051095,-14.94768310911776,20.0,5.9835500706900255,-40.425131389863274,-29.514787734450113,FLAT
2026-10-05T03:02:42.209937+00:00,0,PERP,HBAR|HTX|MEXC,HBAR,HTX,MEXC,-21.21065275825229,0.7269492623427823,-29.12007969993395,10.880301214133544,-54.820745947998795,12.617244137045347,26.0,67.58062957361308,-125.28129582167793,-141.3179534105924,FLAT
2026-10-05T03:02:42.756727+00:00,0,PERP,HBAR|HTX|OKX,HBAR,HTX,OKX,-20.79559004615539,0.7952674513293861,-29.841193328281733,11.374290833864153,-63.80573444685456,22.499200459344948,20.0,86.48384435964394,-146.44838547821678,-164.82423814727062,FLAT
2026-10-05T03:02:43.329989+00:00,0,PERP,DOT|GATE|HTX,DOT,GATE,HTX,-3.6058166792141133,-0.3120214785138138,-0.13465815011773657,11.12474226335256,-31.007454698218638,23.818448621393262,20.0,54.845670324355034,-111.71846687245593,-104.79877709586604,FLAT
2026-10-05T03:02:53.565972+00:00,1,PERP,OP|GATE|OKX,OP,GATE,OKX,2.747088983292567,0.461830774428438,-0.17866716431697013,6.335126002008971,-8.283406188080988,13.796465021020943,20.0,22.07379119689577,-56.17853022065979,-62.04892338223368,FLAT
2026-10-05T03:02:53.791321+00:00,1,PERP,OP|BITGET|GATE,OP,BITGET,GATE,-6.829204391014532,-0.18259071281621375,-5.396214146752719,7.848100388896481,-19.072540943969596,5.423208022992121,21.999999999999996,24.512485681770208,-66.18881247898707,-63.33190785151504,FLAT
2026-10-05T03:02:54.613729+00:00,1,PERP,ICP|BITGET|HTX,ICP,BITGET,HTX,1.4947683109145515,0.07703611113367968,-0.11754165202743466,20.929275105075945,-2.988643156006665,5.980861244019309,21.999999999999996,8.96816306579673,-39.83926456977596,-43.06656596184347,FLAT
2026-10-05T03:02:55.423159+00:00,1,PERP,ICP|HTX|MEXC,ICP,HTX,MEXC,-8.96726946644777,-0.05150175071104742,-7.878106742390719,21.148071842602782,-11.95457262402888,-5.979073243648214,26.0,5.980862447428975,-42.05732832906714,-39.87989594617148,FLAT
2026-10-05T03:02:55.986963+00:00,1,PERP,APT|BITGET|HTX,APT,BITGET,HTX,9.374752487973925,-0.6092958094953311,19.47332668152198,16.57417306367579,-6.928985734543369,25.68702384389443,21.999999999999996,32.58545928441472,-86.98777170048007,-66.79915644678717,FLAT
2026-10-05T03:02:56.711756+00:00,1,PERP,ICP|HTX|OKX,ICP,HTX,OKX,-17.93453893289554,-0.25944764843949025,-12.478920772877848,21.027818879191265,-20.920502092051095,-14.94768310911776,20.0,5.9835500706900255,-40.425131389863274,-29.514787734450113,FLAT
2026-10-05T03:02:57.495640+00:00,1,PERP,HBAR|HTX|MEXC,HBAR,HTX,MEXC,-22.768928182980154,0.5837293832181438,-29.12007969993395,10.880301214133544,-56.53488040963328,11.223129167412527,26.0,67.91188315447206,-127.3266838641714,-140.25509202181854,FLAT
2026-10-05T03:02:58.262675+00:00,1,PERP,HBAR|HTX|OKX,HBAR,HTX,OKX,-22.12764889834795,0.6781560751874396,-29.841193328281733,11.374290833864153,-65.94863285554031,21.986771148947426,20.0,88.1294345412953,-150.23687406855387,-165.95739901852446,FLAT
2026-10-05T03:02:58.792369+00:00,1,PERP,DOT|GATE|HTX,DOT,GATE,HTX,2.876240267959407,0.27064882464699697,-0.13465815011773657,11.12474226335256,-26.437357010039577,32.21404365436386,20.0,58.6345259757945,-110.93722483571634,-116.98322778027611,FLAT
2026-10-05T03:03:09.074093+00:00,2,PERP,OP|GATE|OKX,OP,GATE,OKX,2.7612931983100886,0.4640729105774297,-0.17866716431697013,6.335126002008971,-7.30237959460367,12.84047990399273,20.0,20.137287054494546,-53.26099948478125,-59.15643412280425,FLAT
2026-10-05T03:03:09.307234+00:00,2,PERP,OP|BITGET|GATE,OP,BITGET,GATE,-4.798633144507125,0.07614339427806677,-5.396214146752719,7.848100388896481,-19.477440103764508,9.900795027115716,21.999999999999996,29.392324954881897,-71.47355091189368,-72.68933412875033,FLAT
2026-10-05T03:03:09.963432+00:00,2,PERP,ICP|BITGET|HTX,ICP,BITGET,HTX,2.989983555090614,0.14847744088204878,-0.11754165202743466,20.929275105075945,-2.988643156006665,8.973975471133766,21.999999999999996,11.959040487420506,-42.830141991399735,-49.050557610581706,FLAT
2026-10-05T03:03:11.325223+00:00,2,PERP,ICP|HTX|MEXC,ICP,HTX,MEXC,-11.956359288596285,-0.19284276016075982,-7.878106742390719,21.148071842602782,-14.943215780034436,-8.968609865470656,26.0,5.981757785636617,-45.04686682328033,-36.89125466255668,FLAT
2026-10-05T03:03:11.926688+00:00,2,PERP,APT|BITGET|HTX,APT,BITGET,HTX,16.515434812642837,-0.17846391838164777,19.47332668152198,16.57417306367579,0.4618259999999985,32.57660480553204,21.999999999999996,32.06182552636313,-79.0733262078851,-73.16510365037318,FLAT
2026-10-05T03:03:12.461275+00:00,2,PERP,ICP|HTX|OKX,ICP,HTX,OKX,-17.93453893289554,-0.25944764843949025,-12.478920772877848,21.027818879191265,-20.920502092051095,-14.94768310911776,20.0,5.9835500706900255,-40.425131389863274,-29.514787734450113,FLAT
2026-10-05T03:03:13.261851+00:00,2,PERP,HBAR|HTX|MEXC,HBAR,HTX,MEXC,-21.892403933724268,0.6642900434429986,-29.12007969993395,10.880301214133544,-56.2410461040852,12.687494545453593,26.0,69.07899530794518,-128.19996171209644,-142.88656955333272,FLAT
2026-10-05T03:03:13.759701+00:00,2,PERP,HBAR|HTX|OKX,HBAR,HTX,OKX,-19.83530770310771,0.8796931405502627,-29.841193328281733,11.374290833864153,-64.25585221764396,24.884303397787466,20.0,89.31631389936834,-149.73097278873058,-170.04181062543753,FLAT
2026-10-05T03:03:14.305498+00:00,2,PERP,DOT|GATE|HTX,DOT,GATE,HTX,2.08086358884918,0.19915263531680644,-0.13465815011773657,11.12474226335256,-28.022668358819168,32.21404365436386,20.0,60.22416559323804,-114.11217580193947,-118.57286739771965,FLAT
2026-10-05T03:26:30.439791+00:00,0,PERP,OP|GATE|OKX,OP,GATE,OKX,-0.121096818257449,0.004441487420165001,-0.14905917449153924,6.29571888623101,-14.009849952905107,13.79756085745143,20.0,27.80771539311346,-67.66850617152703,-67.75433542505642,FLAT
2026-10-05T03:26:30.805232+00:00,0,PERP,OP|BITGET|GATE,OP,BITGET,GATE,-3.189786384889537,0.2743458557581352,-5.345167434457358,7.8564374286302945,-17.40432940252834,11.035428211592091,21.999999999999996,28.44882817825446,-68.50799014632544,-72.82942382430392,FLAT
2026-10-05T03:26:31.285403+00:00,0,PERP,ICP|BITGET|HTX,ICP,BITGET,HTX,-1.505570611260998,-0.07084491364957657,-0.032291495796106906,20.795834726431295,-6.020469596629274,3.0120481927742304,21.999999999999996,9.033877084411232,-43.0220551852444,-40.07821677298157,FLAT
2026-10-05T03:26:32.350233+00:00,0,PERP,ICP|HTX|MEXC,ICP,HTX,MEXC,-6.023189278722141,0.0858897791771588,-7.838194550311211,21.131795761698104,-9.033423667571538,-3.012048192767569,26.0,6.025004312411281,-39.22023342967161,-42.851150669954926,FLAT
2026-10-05T03:26:32.842977+00:00,0,PERP,APT|BITGET|HTX,APT,BITGET,HTX,19.145758591743167,-0.014551924569443665,19.38751341251659,16.613254117676156,0.04161374417055441,38.26058365198559,21.999999999999996,38.14593363957958,-85.49183330792562,-85.01900387904858,FLAT
2026-10-05T03:26:33.405383+00:00,0,PERP,ICP|HTX|OKX,ICP,HTX,OKX,-12.046378557446502,0.018737935750575863,-12.439944315217195,21.00368808013432,-15.05570611261775,-9.036144578310479,20.0,6.0268215351888035,-34.64258333258935,-35.43062127209552,FLAT
2026-10-05T03:26:34.145538+00:00,0,PERP,HBAR|HTX|MEXC,HBAR,HTX,MEXC,-17.85704310552361,1.0050529095296374,-28.90944315642178,10.996834043364613,-51.6208890008496,16.130603472050975,26.0,67.8719524394682,-122.58339828389603,-144.91199906794094,FLAT
2026-10-05T03:26:34.660396+00:00,0,PERP,HBAR|HTX|OKX,HBAR,HTX,OKX,-18.74571912097167,0.9571532736121819,-29.723454535270385,11.469150988608181,-63.22016935715213,26.0235260961017,20.0,89.41032775834253,-148.90704258022427,-171.15730838971461,FLAT
2026-10-05T03:26:35.123622+00:00,0,PERP,DOT|GATE|HTX,DOT,GATE,HTX,2.0060189224047065,0.14315607364754052,0.35961852830953484,11.50073728725416,-25.412101996494798,29.469297057598265,20.0,54.87035480107552,-106.64207532587986,-109.98003333036425,FLAT
2026-10-05T03:26:45.509890+00:00,1,PERP,OP|GATE|OKX,OP,GATE,OKX,1.758510286000714,0.30299470083776836,-0.14905917449153924,6.29571888623101,-12.239827054235652,15.787197421479604,20.0,28.022063901887922,-66.11283178163202,-69.95832049785906,FLAT
2026-10-05T03:26:45.871381+00:00,1,PERP,OP|BITGET|GATE,OP,BITGET,GATE,2.4028064474701516,0.986194309101537,-5.345167434457358,7.8564374286302945,-12.086381248833655,16.902871912318762,21.999999999999996,28.982285197263266,-63.72349901163956,-79.23032454403939,FLAT
2026-10-05T03:26:46.394693+00:00,1,PERP,ICP|BITGET|HTX,ICP,BITGET,HTX,-1.5053439710965844,-0.07083401530539396,-0.032291495796106906,20.795834726431295,-9.027986758952666,6.0240963855417995,21.999999999999996,15.054346271632065,-52.05004153478862,-49.11073415296997,FLAT
2026-10-05T03:26:47.045072+00:00,1,PERP,ICP|HTX|MEXC,ICP,HTX,MEXC,-4.516711833785214,0.15717938759119876,-7.838194550311211,21.131795761698104,-9.030704394940026,0.0,26.0,9.034784327858016,-42.227294172486836,-48.872978878169235,FLAT
2026-10-05T03:26:47.484663+00:00,1,PERP,APT|BITGET|HTX,APT,BITGET,HTX,15.946571199678683,-0.20712030216746136,19.38751341251659,16.613254117676156,-4.463663756171243,36.369311219057735,21.999999999999996,40.76796022752073,-92.61913739620857,-85.74975803406187,FLAT
2026-10-05T03:26:48.017141+00:00,1,PERP,ICP|HTX|OKX,ICP,HTX,OKX,-13.550135501354532,-0.05285696406753329,-12.439944315217195,21.00368808013432,-18.061408789884492,-9.036144578310479,20.0,9.037509340872264,-40.65897381553956,-38.44130907777898,FLAT
2026-10-05T03:26:48.727301+00:00,1,PERP,HBAR|HTX|MEXC,HBAR,HTX,MEXC,-18.604718294344956,0.937062869316883,-28.90944315642178,10.996834043364613,-49.637165894220736,12.61740743537798,26.0,62.370033105136585,-115.09775584293554,-135.89688369693636,FLAT
2026-10-05T03:26:49.251500+00:00,1,PERP,HBAR|HTX|OKX,HBAR,HTX,OKX,-18.059230951632532,1.017008459930768,-29.723454535270385,11.469150988608181,-60.30008108293905,24.439805886675714,20.0,84.89240948553345,-141.46903603320212,-165.05566990747954,FLAT
2026-10-05T03:26:49.711344+00:00,1,PERP,DOT|GATE|HTX,DOT,GATE,HTX,1.138279305639145,0.0677052920939748,0.35961852830953484,11.50073728725416,-27.169285617055785,29.469297057598265,20.0,56.63212664555856,-110.16103079092387,-111.74180517484729,FLAT
2026-10-05T03:27:00.120890+00:00,2,PERP,OP|GATE|OKX,OP,GATE,OKX,0.699135775612536,0.13472567079815329,-0.14905917449153924,6.29571888623101,-12.69932534973095,14.126030421746094,20.0,26.823450310007722,-65.37371648524713,-67.09853990624535,FLAT
2026-10-05T03:27:00.504016+00:00,2,PERP,OP|BITGET|GATE,OP,BITGET,GATE,-6.6367665746180915,-0.16440010525049306,-5.345167434457358,7.8564374286302945,-20.999189121776453,7.739093872052294,21.999999999999996,28.757362300411693,-72.41138398773077,-69.84162360692133,FLAT
2026-10-05T03:27:00.950453+00:00,2,PERP,ICP|BITGET|HTX,ICP,BITGET,HTX,-1.5051173991587063,-0.07082312024199022,-0.032291495796106906,20.795834726431295,-9.027986758952666,6.022282445043992,21.999999999999996,15.052533423211255,-52.04822868636781,-49.10710736405135,FLAT
2026-10-05T03:27:01.607313+00:00,2,PERP,ICP|HTX|MEXC,ICP,HTX,MEXC,-4.516031913289753,0.15721156282623927,-7.838194550311211,21.131795761698104,-12.037315678601335,3.0120481927742304,26.0,15.056160212126224,-51.255281340416346,-57.90640295521166,FLAT
2026-10-05T03:27:02.012985+00:00,2,PERP,APT|BITGET|HTX,APT,BITGET,HTX,16.817341739372438,-0.15470609520199555,19.38751341251659,16.613254117676156,-3.1738698777561414,36.81911722862807,21.999999999999996,39.92583966701951,-90.48722295729223,-85.357443483131,FLAT
2026-10-05T03:27:02.441096+00:00,2,PERP,ICP|HTX|OKX,ICP,HTX,OKX,-12.042751768778226,0.01891060964739051,-12.439944315217195,21.00368808013432,-18.055973517903112,-6.0240963855417995,20.0,12.046381837133161,-43.66241103981908,-44.462229766808555,FLAT
2026-10-05T03:27:04.110331+00:00,2,PERP,HBAR|HTX|MEXC,HBAR,HTX,MEXC,-21.240616288163984,0.6973667910251946,-28.90944315642178,10.996834043364613,-53.01612698871083,10.729237699680372,26.0,63.880458215621374,-119.98714204791042,-135.51913907172354,FLAT
2026-10-05T03:27:04.559256+00:00,2,PERP,HBAR|HTX|OKX,HBAR,HTX,OKX,-20.75154959578218,0.7822640881090166,-29.723454535270385,11.469150988608181,-63.46425749269802,22.222394954110047,20.0,85.86403718579021,-145.60484014321784,-163.80988667517065,FLAT
2026-10-05T03:27:04.973095+00:00,2,PERP,DOT|GATE|HTX,DOT,GATE,HTX,-2.988242975041633,-0.2910997286288314,0.35961852830953484,11.50073728725416,-35.41811168354392,29.495362052782692,20.0,64.93283276075213,-126.71056297260559,-120.06857628522529,FLAT
2026-10-05T03:51:05.785781+00:00,0,PERP,OP|GATE|OKX,OP,GATE,OKX,0.9443502290196193,0.17092249320496586,-0.1279353706179024,6.273519532339518,-9.51163061428395,11.418051020346542,20.0,20.927690325261803,-56.311385568927854,-58.47367671622625,FLAT
2026-10-05T03:51:06.100705+00:00,0,PERP,OP|BITGET|GATE,OP,BITGET,GATE,-3.128338176047185,0.2744033329150357,-5.293133421217094,7.8890996773723625,-15.140353548270813,8.892674960498947,21.999999999999996,24.040545835812786,-61.887765962866496,-66.22635421752882,FLAT
2026-10-05T03:51:06.619234+00:00,0,PERP,ICP|BITGET|HTX,ICP,BITGET,HTX,10.571057463322209,0.5142061231471436,-0.11590912908260918,20.783429273452406,-6.042296072508169,27.199456304809466,21.999999999999996,33.20664263502555,-67.1330295784511,-88.52200806891761,FLAT
2026-10-05T03:51:07.345989+00:00,0,PERP,ICP|HTX|MEXC,ICP,HTX,MEXC,-13.586956521738358,-0.27200407549066896,-7.838951500690148,21.13205477042712,-27.14113389626016,0.0,26.0,27.17802096684053,-78.48020336241055,-67.01697246753068,FLAT
2026-10-05T03:51:07.746423+00:00,0,PERP,APT|BITGET|HTX,APT,BITGET,HTX,15.418088940000185,-0.24009475916835454,19.404401771574598,16.60308140578449,-5.152850568854728,36.00158820004307,21.999999999999996,41.09108034270271,-93.64833268313204,-85.68826677117119,FLAT
2026-10-05T03:51:08.292059+00:00,0,PERP,ICP|HTX|OKX,ICP,HTX,OKX,-16.60628019323651,-0.2026278725353795,-12.357285333837439,20.96944910013396,-30.156815440289808,-3.0229746070131736,20.0,27.178935357162413,-70.97846546361478,-62.51324608398668,FLAT
2026-10-05T03:51:08.937019+00:00,0,PERP,HBAR|HTX|MEXC,HBAR,HTX,MEXC,-24.3948117376247,0.43200159298945456,-29.09459180405347,10.87908040779723,-54.96034501142444,6.356223487404833,26.0,61.465952330481144,-119.33170553785212,-128.91676762193944,FLAT
2026-10-05T03:51:09.377651+00:00,0,PERP,HBAR|HTX|OKX,HBAR,HTX,OKX,-22.231723407053483,0.6691073978063132,-29.84208403432054,11.373899993062144,-63.1860170480536,18.971121480004793,20.0,82.33944135073742,-141.68337436447047,-157.15264686506276,FLAT
2026-10-05T03:51:09.778879+00:00,0,PERP,DOT|GATE|HTX,DOT,GATE,HTX,10.117618881191337,0.9007937527279335,0.10496021755165844,11.115373117672808,-11.428571428572232,31.6814122876119,20.0,43.06640358250852,-80.5999352286324,-100.64285565256876,FLAT
2026-10-05T03:51:20.126452+00:00,1,PERP,OP|GATE|OKX,OP,GATE,OKX,1.744674833079607,0.29849436094752646,-0.1279353706179024,6.273519532339518,-7.883594167275021,11.387864798602099,20.0,19.268085758859893,-53.02374455551701,-56.7838859280799,FLAT
2026-10-05T03:51:20.438727+00:00,1,PERP,OP|BITGET|GATE,OP,BITGET,GATE,-2.0126825189714648,0.4158206939195697,-5.293133421217094,7.8890996773723625,-13.791234661604257,9.774692509161298,21.999999999999996,23.57066789467451,-60.06876913506167,-66.6384938250529,FLAT
2026-10-05T03:51:20.851527+00:00,1,PERP,ICP|BITGET|HTX,ICP,BITGET,HTX,6.042296072505948,0.29630361383406084,-0.11590912908260918,20.783429273452406,-9.060706735126711,21.154427319431957,21.999999999999996,30.196885444488927,-67.14168305053303,-79.4672218930035,FLAT
2026-10-05T03:51:21.562082+00:00,1,PERP,ICP|HTX|MEXC,ICP,HTX,MEXC,-13.586956521738358,-0.27200407549066896,-7.838951500690148,21.13205477042712,-27.14113389626016,0.0,26.0,27.17802096684053,-78.48020336241055,-67.01697246753068,FLAT
2026-10-05T03:51:21.972608+00:00,1,PERP,APT|BITGET|HTX,APT,BITGET,HTX,17.434660781026068,-0.11863707358938054,19.404401771574598,16.60308140578449,-3.0963119122762173,37.97798748327086,21.999999999999996,41.002808673775434,-91.50352235762625,-87.5763943854717,FLAT
2026-10-05T03:51:22.433794+00:00,1,PERP,ICP|HTX|OKX,ICP,HTX,OKX,-16.60628019323651,-0.2026278725353795,-12.357285333837439,20.96944910013396,-30.156815440289808,-3.0229746070131736,20.0,27.178935357162413,-70.97846546361478,-62.51324608398668,FLAT
2026-10-05T03:51:23.412524+00:00,1,PERP,HBAR|HTX|MEXC,HBAR,HTX,MEXC,-23.43750592808891,0.519996696771358,-29.09459180405347,10.87908040779723,-54.005926618432284,7.316434237187863,26.0,61.465860247111564,-118.37719506149038,-129.8768862883529,FLAT
2026-10-05T03:51:23.879158+00:00,1,PERP,HBAR|HTX|OKX,HBAR,HTX,OKX,-21.91823300895401,0.6966696586219258,-29.84208403432054,11.373899993062144,-62.6680638946997,19.078908240197645,20.0,81.92579080029695,-140.75177066067613,-156.84678307481514,FLAT
2026-10-05T03:51:24.333108+00:00,1,PERP,DOT|GATE|HTX,DOT,GATE,HTX,4.060736366482409,0.355883343460715,0.10496021755165844,11.115373117672808,-21.1082053789724,29.254092260124764,20.0,50.34184330845535,-97.55500890497942,-105.49097535102845,FLAT
2026-10-05T03:51:34.677841+00:00,2,PERP,OP|GATE|OKX,OP,GATE,OKX,0.40274461597933353,0.08459047331591475,-0.1279353706179024,6.273519532339518,-9.247226817101772,10.068125442763698,20.0,19.314562082977464,-54.43385352946133,-55.51062289635906,FLAT
2026-10-05T03:51:34.983179+00:00,2,PERP,OP|BITGET|GATE,OP,BITGET,GATE,-4.683544421362207,0.07726978042923198,-5.293133421217094,7.8890996773723625,-16.00111783606417,6.642506576424179,21.999999999999996,22.654231448483504,-61.362215863330576,-62.589871446124775,FLAT
2026-10-05T03:51:35.398524+00:00,2,PERP,ICP|BITGET|HTX,ICP,BITGET,HTX,10.439275972669027,0.5078654231154356,-0.11590912908260918,20.783429273452406,-6.042296072508169,26.935339461746644,21.999999999999996,32.94323881010628,-66.86962575353184,-87.99448740093553,FLAT
2026-10-05T03:51:36.044837+00:00,2,PERP,ICP|HTX|MEXC,ICP,HTX,MEXC,-16.60628019323651,-0.414882924911573,-7.838951500690148,21.13205477042712,-30.156815440289808,-3.0229746070131736,26.0,27.178935357162413,-81.49679929676208,-63.99491225083939,FLAT
2026-10-05T03:51:36.515192+00:00,2,PERP,APT|BITGET|HTX,APT,BITGET,HTX,11.036172377094644,-0.5040166454622378,19.404401771574598,16.60308140578449,-8.843730171181896,30.925496292295573,21.999999999999996,39.72538261451983,-95.97351455727633,-79.24647713524081,FLAT
2026-10-05T03:51:36.933844+00:00,2,PERP,ICP|HTX|OKX,ICP,HTX,OKX,-19.625603864734664,-0.34661466289311305,-12.357285333837439,20.96944910013396,-33.172496984317235,-6.045949214027457,20.0,27.179850300734124,-73.99506195121393,-59.4911864205441,FLAT
2026-10-05T03:51:37.665802+00:00,2,PERP,HBAR|HTX|MEXC,HBAR,HTX,MEXC,-25.188322252718276,0.35906247632249316,-29.09459180405347,10.87908040779723,-55.91476340441992,5.725615748335411,26.0,61.795461226555325,-120.61563282692177,-128.6156687789442,FLAT
2026-10-05T03:51:38.093954+00:00,2,PERP,HBAR|HTX|OKX,HBAR,HTX,OKX,-22.710293143198832,0.6270312641637397,-29.84208403432054,11.373899993062144,-63.693873213539476,18.523374208663235,20.0,82.40362776444296,-142.25541694366188,-156.76908600742672,FLAT
2026-10-05T03:51:38.479019+00:00,2,PERP,DOT|GATE|HTX,DOT,GATE,HTX,6.05791096652375,0.5355601369338866,0.10496021755165844,11.115373117672808,-19.57585644371873,31.73356361763302,20.0,51.27832191844993,-96.95913857972032,-108.9069253185313,FLAT
2026-10-05T04:10:38.219016+00:00,0,PERP,OP|GATE|OKX,OP,GATE,OKX,0.41304605345793277,0.08732958676674417,-0.14976810692815223,6.444713426726179,-11.502658526174603,12.351059848236812,20.0,23.852712282827863,-61.205602702074316,-62.35354023799283,FLAT
2026-10-05T04:10:38.460061+00:00,0,PERP,OP|BITGET|GATE,OP,BITGET,GATE,-2.883921028167258,0.28355104053719976,-5.167340380572628,8.052939421697529,-19.173581558125097,13.429062988072893,21.999999999999996,32.61203291364298,-74.61827409119545,-79.2084362822885,FLAT
2026-10-05T04:10:38.923900+00:00,0,PERP,ICP|BITGET|HTX,ICP,BITGET,HTX,-3.9523553506026765,-0.1731044246253106,-0.36779900286050077,20.707479635491982,-26.100675302146435,18.20940819423411,21.999999999999996,44.327599260032194,-98.06047555931812,-90.9048064571268,FLAT
2026-10-05T04:10:39.634887+00:00,0,PERP,ICP|HTX|MEXC,ICP,HTX,MEXC,-3.6340324044503713,0.18802134651552696,-7.588571331541114,21.03239339775802,-24.23508027870391,17.045985401458186,26.0,41.29592168386849,-89.9424306310313,-97.9304784168678,FLAT
2026-10-05T04:10:40.092385+00:00,0,PERP,APT|BITGET|HTX,APT,BITGET,HTX,13.363265297314797,-0.3887132281348648,18.49476192461321,13.201240029624183,-1.006543822095196,27.740955923025723,21.999999999999996,28.709132808484636,-76.21043855519304,-65.95532680689715,FLAT
2026-10-05T04:10:40.574361+00:00,0,PERP,ICP|HTX|OKX,ICP,HTX,OKX,-9.704392791634042,0.12472226183281211,-12.317266838842649,20.94954027301971,-30.293850348378506,10.96399026763839,20.0,41.29776660781737,-85.27435011735324,-90.57902371429842,FLAT
2026-10-05T04:10:41.277932+00:00,0,PERP,HBAR|HTX|MEXC,HBAR,HTX,MEXC,-30.28741387669509,-0.1879221202956197,-28.2970090270426,10.591647468224563,-61.94452189473343,1.5689382966344034,26.0,63.705783497942335,-129.35329636563316,-125.57173082161934,FLAT
2026-10-05T04:10:41.815707+00:00,0,PERP,HBAR|HTX|OKX,HBAR,HTX,OKX,-27.33781493354681,0.15408152142841816,-29.04500434664472,11.079780347905132,-70.46083970215444,16.056618412205736,20.0,86.7537725531518,-154.16960790866153,-157.85539531200226,FLAT
2026-10-05T04:10:42.299774+00:00,0,PERP,DOT|GATE|HTX,DOT,GATE,HTX,10.361479907747828,0.9626124250593305,-0.3029611293880247,11.078644695946608,-11.475409836065875,32.2162834249351,20.0,43.646461722662664,-80.81891042934052,-102.16570627698579,FLAT
2026-10-05T04:10:52.569284+00:00,1,PERP,OP|GATE|OKX,OP,GATE,OKX,1.2964380674196363,0.22440193668664649,-0.14976810692815223,6.444713426726179,-11.305956248082172,13.923723208810745,20.0,25.22638445585827,-62.382572597012285,-65.29987577159716,FLAT
2026-10-05T04:10:52.807154+00:00,1,PERP,OP|BITGET|GATE,OP,BITGET,GATE,-2.7502695381431685,0.3001476499273044,-5.167340380572628,8.052939421697529,-18.303754053587973,12.82095899016289,21.999999999999996,31.133265415145196,-72.26967908816053,-77.12156478588071,FLAT
2026-10-05T04:10:53.269182+00:00,1,PERP,ICP|BITGET|HTX,ICP,BITGET,HTX,-6.9455823639552605,-0.3176525331368981,-0.36779900286050077,20.707479635491982,-29.04782703699982,15.169902912621769,21.999999999999996,44.248459116567794,-100.9284871507071,-87.78616103205006,FLAT
2026-10-05T04:10:53.924935+00:00,1,PERP,ICP|HTX|MEXC,ICP,HTX,MEXC,-0.598852210859091,0.3323311326720953,-7.588571331541114,21.03239339775802,-21.20569524386773,20.086982968370304,26.0,41.295000061898534,-86.91212397422515,-100.97055436180995,FLAT
2026-10-05T04:10:54.390763+00:00,1,PERP,APT|BITGET|HTX,APT,BITGET,HTX,11.689434523902698,-0.515506678572547,18.49476192461321,13.201240029624183,-2.4144863111097425,25.801659029331958,21.999999999999996,28.18319833161396,-77.0924465673369,-63.490095436332695,FLAT
2026-10-05T04:10:54.927569+00:00,1,PERP,ICP|HTX|OKX,ICP,HTX,OKX,-6.669212598042762,0.269602777301698,-12.317266838842649,20.94954027301971,-27.264465313542317,14.004987834550509,20.0,41.29684386567495,-82.24404234037462,-93.61909853906812,FLAT
2026-10-05T04:10:55.620767+00:00,1,PERP,HBAR|HTX|MEXC,HBAR,HTX,MEXC,-26.439032661306207,0.17541901496536844,-28.2970090270426,10.591647468224563,-58.10817544497415,5.429430022307891,26.0,63.70541113770597,-125.51657755563753,-129.43185018705645,FLAT
2026-10-05T04:10:56.022152+00:00,1,PERP,HBAR|HTX|OKX,HBAR,HTX,OKX,-24.934904759253975,0.3709549700746412,-29.04500434664472,11.079780347905132,-66.87906912389407,17.27324864675639,20.0,84.36184508417443,-148.1959098614238,-156.68009807757554,FLAT
2026-10-05T04:10:56.395001+00:00,1,PERP,DOT|GATE|HTX,DOT,GATE,HTX,10.43492674387192,0.9692420118129308,-0.3029611293880247,11.078644695946608,-11.328576366138599,32.2162834249351,20.0,43.499461102036996,-80.52507633878757,-102.01870565636013,FLAT
2026-10-05T04:11:06.669818+00:00,2,PERP,OP|GATE|OKX,OP,GATE,OKX,0.39847437798501417,0.08506855908279938,-0.14976810692815223,6.444713426726179,-12.141714653681746,12.96305180640056,20.0,25.103742447797018,-63.09568899455061,-64.21656236112572,FLAT
2026-10-05T04:11:06.925286+00:00,2,PERP,OP|BITGET|GATE,OP,BITGET,GATE,-0.524367164043138,0.5765563322157425,-5.167340380572628,8.052939421697529,-14.005384079152083,12.966824103455288,21.999999999999996,26.97361875267452,-63.811662451253966,-73.10778323670243,FLAT
2026-10-05T04:11:07.326749+00:00,2,PERP,ICP|BITGET|HTX,ICP,BITGET,HTX,-3.9523553506026765,-0.1731044246253106,-0.36779900286050077,20.707479635491982,-26.100675302146435,18.20940819423411,21.999999999999996,44.327599260032194,-98.06047555931812,-90.9048064571268,FLAT
2026-10-05T04:11:07.970450+00:00,2,PERP,ICP|HTX|MEXC,ICP,HTX,MEXC,-3.6340324044503713,0.18802134651552696,-7.588571331541114,21.03239339775802,-24.23508027870391,17.045985401458186,26.0,41.29592168386849,-89.9424306310313,-97.9304784168678,FLAT
2026-10-05T04:11:08.424895+00:00,2,PERP,APT|BITGET|HTX,APT,BITGET,HTX,14.138227623272659,-0.33000947574351286,18.49476192461321,13.201240029624183,0.1015789999980754,28.182941598768885,21.999999999999996,28.041714268363613,-74.43489719297874,-65.72989394251928,FLAT
2026-10-05T04:11:08.827744+00:00,2,PERP,ICP|HTX|OKX,ICP,HTX,OKX,-6.669212598042762,0.269602777301698,-12.317266838842649,20.94954027301971,-27.264465313542317,14.004987834550509,20.0,41.29684386567495,-82.24404234037462,-93.61909853906812,FLAT
2026-10-05T04:11:09.464632+00:00,2,PERP,HBAR|HTX|MEXC,HBAR,HTX,MEXC,-26.439032661306207,0.17541901496536844,-28.2970090270426,10.591647468224563,-58.10817544497415,5.429430022307891,26.0,63.70541113770597,-125.51657755563753,-129.43185018705645,FLAT
2026-10-05T04:11:09.923774+00:00,2,PERP,HBAR|HTX|OKX,HBAR,HTX,OKX,-24.109870410335965,0.44541803008232445,-29.04500434664472,11.079780347905132,-66.31974752601688,18.365668095075005,20.0,84.88924911067483,-148.163992290047,-158.29992155239455,FLAT
2026-10-05T04:11:10.375589+00:00,2,PERP,DOT|GATE|HTX,DOT,GATE,HTX,5.451775277183213,0.5194440804367296,-0.3029611293880247,11.078644695946608,-19.525418171187916,30.449458629944193,20.0,49.94763807034913,-95.17009511214903,-106.70005782968134,FLAT
2026-10-05T04:35:33.909134+00:00,0,PERP,OP|GATE|OKX,OP,GATE,OKX,0.17352396554537464,0.028373637953321564,-0.0039708151377641065,6.255622947439501,-13.162310866218219,13.53984181335477,20.0,26.701654542648754,-65.85999459372921,-66.24546717114129,FLAT
2026-10-05T04:35:34.272536+00:00,0,PERP,OP|BITGET|GATE,OP,BITGET,GATE,1.3745749936422413,0.8567665160593055,-5.356679345697554,7.856579608526457,-17.595296310083384,20.373101287014528,21.999999999999996,37.96315765027826,-78.20177461466409,-91.69293828299034,FLAT
2026-10-05T04:35:34.815045+00:00,0,PERP,ICP|BITGET|HTX,ICP,BITGET,HTX,3.0750307503080165,0.15613495740542196,-0.15619758158166536,20.695098558226356,-6.148170919153539,12.303906490309657,21.999999999999996,18.446403338920177,-52.438376676492055,-58.9065074108115,FLAT
2026-10-05T04:35:35.605517+00:00,0,PERP,ICP|HTX|MEXC,ICP,HTX,MEXC,-10.759299108514808,-0.14434040012382068,-7.71805299173859,21.06995764295597,-18.43317972350156,-3.0759766225774143,26.0,15.373738360844706,-58.088865092607676,-52.01581473000588,FLAT
2026-10-05T04:35:36.207234+00:00,0,PERP,APT|BITGET|HTX,APT,BITGET,HTX,22.415960193522544,0.2703396788819535,18.77929421267153,13.452209442177372,7.369241957571049,37.469714361046954,21.999999999999996,30.03314857254975,-69.44320082765023,-76.72356872092517,FLAT
2026-10-05T04:35:36.913862+00:00,0,PERP,ICP|HTX|OKX,ICP,HTX,OKX,-16.907470027667237,-0.21895013523300697,-12.320370984127585,20.95042799885945,-24.577572964670225,-9.227929867732243,20.0,15.375633601198677,-53.63283558174132,-44.46807471759402,FLAT
2026-10-05T04:35:37.673779+00:00,0,PERP,HBAR|HTX|MEXC,HBAR,HTX,MEXC,-22.068434277278115,0.5899400786454527,-28.31351184004693,10.585952351479476,-57.96222782608829,14.078405917505865,26.0,72.19907696196255,-133.8477929480039,-146.59099471951535,FLAT
2026-10-05T04:35:38.251490+00:00,0,PERP,HBAR|HTX|OKX,HBAR,HTX,OKX,-30.242377066328487,-0.0980554199241296,-29.156027517500497,11.078934236052966,-85.72216522053311,25.72510481391399,20.0,111.78319483742958,-194.34933254046217,-192.66432716884407,FLAT
2026-10-05T04:35:38.748735+00:00,0,PERP,DOT|GATE|HTX,DOT,GATE,HTX,8.173389450796265,0.6671711127685598,0.3516366319647315,11.723758222045328,-17.389904150419966,33.75787981287459,20.0,51.106004251290436,-94.84754503367515,-110.5122474322003,FLAT
2026-10-05T04:35:49.100945+00:00,1,PERP,OP|GATE|OKX,OP,GATE,OKX,-3.4526502974308038,-0.5512927347554769,-0.0039708151377641065,6.255622947439501,-16.510643729941155,9.634291369149395,20.0,26.153933085467738,-68.66060600027113,-61.7921952697549,FLAT
2026-10-05T04:35:49.444353+00:00,1,PERP,OP|BITGET|GATE,OP,BITGET,GATE,3.1931511866845064,1.0882382612279833,-5.356679345697554,7.856579608526457,-11.395712431855332,17.793211170240575,21.999999999999996,29.179601819346182,-63.218634905503954,-80.3294923352843,FLAT
2026-10-05T04:35:50.307878+00:00,1,PERP,ICP|BITGET|HTX,ICP,BITGET,HTX,-3.073140749847436,-0.14094850334048195,-0.15619758158166536,20.695098558226356,-12.288786482335112,6.1481709191490985,21.999999999999996,18.44262333799376,-58.5752122387472,-52.74699183872451,FLAT
2026-10-05T04:35:51.119570+00:00,1,PERP,ICP|HTX|MEXC,ICP,HTX,MEXC,-7.685213648940259,0.0015585860852126508,-7.71805299173859,21.06995764295597,-15.36098310291778,0.0,26.0,15.37279161526017,-55.01572172643936,-55.09084460699876,FLAT
2026-10-05T04:35:52.028462+00:00,1,PERP,APT|BITGET|HTX,APT,BITGET,HTX,22.567654525949,0.2816162155043198,18.77929421267153,13.452209442177372,6.453269535440231,38.69301548016679,21.999999999999996,32.16714849853995,-72.49317317577125,-80.0808697660352,FLAT
2026-10-05T04:35:52.992826+00:00,1,PERP,ICP|HTX|OKX,ICP,HTX,OKX,-23.055640946819665,-0.5124129188805361,-12.320370984127585,20.95042799885945,-30.721966205836672,-15.379883112888182,20.0,15.377531177387661,-59.77912639909675,-38.318019048627065,FLAT
2026-10-05T04:35:54.186122+00:00,1,PERP,HBAR|HTX|MEXC,HBAR,HTX,MEXC,-22.706373567670248,0.529677263434219,-28.31351184004693,10.585952351479476,-56.53939169406264,11.354334921567233,26.0,68.04747416352127,-128.27335401753697,-139.71532092513544,FLAT
2026-10-05T04:35:55.109094+00:00,1,PERP,HBAR|HTX|OKX,HBAR,HTX,OKX,-21.617871426571345,0.6804044441746531,-29.156027517500497,11.078934236052966,-65.93703742711065,22.999554899132413,20.0,89.12826841651048,-151.90927832612064,-167.2838508331434,FLAT
2026-10-05T04:35:55.943991+00:00,1,PERP,DOT|GATE|HTX,DOT,GATE,HTX,14.467976788739012,1.2040797745410636,0.3516366319647315,11.723758222045328,-12.387384204356477,41.345624388466895,20.0,53.655370883051695,-92.39439171937289,-120.64935863955385,FLAT
2026-10-05T04:36:06.317998+00:00,2,PERP,OP|GATE|OKX,OP,GATE,OKX,0.2812343382507798,0.04559180688875785,-0.0039708151377641065,6.255622947439501,-14.052876317036667,14.650085400067514,20.0,28.70211246736195,-68.75101796926086,-69.35616868256723,FLAT
2026-10-05T04:36:06.652166+00:00,2,PERP,OP|BITGET|GATE,OP,BITGET,GATE,-2.7987595808698362,0.3255767639713981,-5.356679345697554,7.856579608526457,-19.931543593166843,14.35172685934516,21.999999999999996,34.29285905851198,-76.86772330598127,-82.0012652635547,FLAT
2026-10-05T04:36:07.294709+00:00,2,PERP,ICP|BITGET|HTX,ICP,BITGET,HTX,-7.496972559073445,-0.35471080057136534,-0.15619758158166536,20.695098558226356,-30.76923076922977,15.790537634741142,21.999999999999996,46.59469532297036,-105.20772851061847,-90.54143053929316,FLAT
2026-10-05T04:36:08.051605+00:00,2,PERP,ICP|HTX|MEXC,ICP,HTX,MEXC,3.081189339086965,0.5125421946178386,-7.71805299173859,21.06995764295597,-15.379883112888182,21.604938271604368,26.0,36.9733229886726,-76.6351531098222,-98.29631425201556,FLAT
2026-10-05T04:36:08.563906+00:00,2,PERP,APT|BITGET|HTX,APT,BITGET,HTX,7.514580342296018,-0.8373876364916459,18.77929421267153,13.452209442177372,-6.256573072099814,21.293891303131307,21.999999999999996,27.529774489604208,-80.56564177437555,-58.04437158006398,FLAT
2026-10-05T04:36:09.103686+00:00,2,PERP,ICP|HTX|OKX,ICP,HTX,OKX,-9.24072077622129,0.14699700684272193,-12.320370984127585,20.95042799885945,-24.607812980621535,6.169031462062158,20.0,30.805251584096293,-69.09269358059025,-75.29465403028604,FLAT
2026-10-05T04:36:10.311534+00:00,2,PERP,HBAR|HTX|MEXC,HBAR,HTX,MEXC,-17.56144665302939,1.0156918177999215,-28.31351184004693,10.585952351479476,-49.2012599961289,14.270869332679847,26.0,63.583206802973294,-116.47095495905526,-138.1675879757001,FLAT
2026-10-05T04:36:11.192365+00:00,2,PERP,HBAR|HTX|OKX,HBAR,HTX,OKX,-23.131368026854116,0.5437941378008175,-29.156027517500497,11.078934236052966,-69.40306907519233,23.459728091863585,20.0,93.07699846076142,-159.32404001845325,-171.6927540701255,FLAT
2026-10-05T04:36:11.737688+00:00,2,PERP,DOT|GATE|HTX,DOT,GATE,HTX,12.523922146512323,1.038257978713588,0.3516366319647315,11.723758222045328,-7.318439755851225,32.382764415903594,20.0,39.65153805303236,-73.32161444084832,-97.68266583697124,FLAT
2026-10-05T05:13:06.628221+00:00,0,PERP,OP|GATE|OKX,OP,GATE,OKX,2.3427981449986035,0.36359438682410694,0.0700943420462514,6.250657010422438,-8.75216535807688,13.457927696896022,20.0,22.204872591418027,-57.02713229154116,-61.59270594626779,FLAT
2026-10-05T05:13:06.879086+00:00,0,PERP,OP|BITGET|GATE,OP,BITGET,GATE,0.01977627484883726,0.6049741313525802,-4.795516120622845,7.959501317363469,-15.204089598405135,15.262389775467788,21.999999999999996,30.466407586267792,-68.87498106405008,-78.52431348235842,FLAT
2026-10-05T05:13:07.241913+00:00,0,PERP,ICP|BITGET|HTX,ICP,BITGET,HTX,-11.328324159823877,-0.5167085173148145,-0.8741106671415445,20.23232275521579,-28.772862607098215,6.1236987140222965,21.999999999999996,34.936136503822354,-90.83488844377902,-69.9339458849862,FLAT
2026-10-05T05:13:07.855893+00:00,0,PERP,ICP|HTX|MEXC,ICP,HTX,MEXC,1.5323322096216785,0.4105103099503485,-6.877336597150748,20.485889398952203,-15.299877600979395,18.41620626150897,26.0,33.71083907525448,-74.13338007908312,-91.0043819339142,FLAT
2026-10-05T05:13:08.212390+00:00,0,PERP,APT|BITGET|HTX,APT,BITGET,HTX,23.633522870178947,0.41114653684369035,18.234600368090007,13.131382653823744,0.38130900000155066,46.89689969355149,21.999999999999996,46.405914490489664,-92.25920585857813,-103.06821381595114,FLAT
2026-10-05T05:13:08.665449+00:00,0,PERP,ICP|HTX|OKX,ICP,HTX,OKX,1.5323322096216785,0.6402993397047158,-11.607702724511364,20.521706207276083,-15.299877600979395,18.41620626150897,20.0,33.71083907525448,-63.403013951722514,-89.73474806127481,FLAT
2026-10-05T05:13:09.313124+00:00,0,PERP,HBAR|HTX|MEXC,HBAR,HTX,MEXC,-21.11654072006641,0.6438930677991337,-27.997108674119463,10.685886054917875,-56.519422162423226,14.535873452878878,26.0,71.20477916552029,-131.72709265382406,-145.73776129251863,FLAT
2026-10-05T05:13:09.771005+00:00,0,PERP,HBAR|HTX|OKX,HBAR,HTX,OKX,-15.707416706494115,1.1526413563578253,-28.651052199968053,11.229542842687769,-56.93173639172322,25.76712719495111,20.0,82.82820819452641,-137.10889238628158,-163.2463875894456,FLAT
2026-10-05T05:13:10.108237+00:00,0,PERP,DOT|GATE|HTX,DOT,GATE,HTX,5.979386351990801,0.5306478973948501,0.11932663095357937,11.043216697562464,-24.83589001815445,36.84542924004441,20.0,61.64441789595338,-112.5996345450614,-124.37052050504421,FLAT
2026-10-05T05:13:10.445855+00:00,0,PERP,AVAX|GATE|HTX,AVAX,GATE,HTX,5.109874944362325,0.11674158882424444,4.044646707578777,9.124667974043584,-15.71176027028054,25.942160184997398,20.0,41.63264397186234,-87.38905094972165,-89.53015744928095,FLAT
2026-10-05T05:13:10.825680+00:00,0,PERP,AVAX|HTX|OKX,AVAX,HTX,OKX,-8.174358550246952,-0.4344970484325376,-4.177986317094734,9.197697078885257,-26.999613455837014,10.719770190661393,20.0,37.750116184586865,-86.57174332332914,-78.64787269234299,FLAT
2026-10-05T05:13:21.119513+00:00,1,PERP,OP|GATE|OKX,OP,GATE,OKX,1.4890124995425857,0.22700304226106297,0.0700943420462514,6.250657010422438,-10.536241121277268,13.538720802934723,20.0,24.071352829294522,-60.67768829261804,-63.539979290183,FLAT
2026-10-05T05:13:21.361454+00:00,1,PERP,OP|BITGET|GATE,OP,BITGET,GATE,1.489103212606313,0.7895745075786853,-4.795516120622845,7.959501317363469,-12.363976172736768,15.352717259078386,21.999999999999996,27.712562741142573,-63.28102279325649,-75.8607961208438,FLAT
2026-10-05T05:13:21.760896+00:00,1,PERP,ICP|BITGET|HTX,ICP,BITGET,HTX,-13.769889840882232,-0.6373850066432052,-0.8741106671415445,20.23232275521579,-33.649434077698274,6.121824303642054,21.999999999999996,39.826094751130015,-100.60141816168675,-74.82202972191361,FLAT
2026-10-05T05:13:22.373130+00:00,1,PERP,ICP|HTX|MEXC,ICP,HTX,MEXC,6.1283897655894926,0.6348626661728168,-6.877336597150748,20.485889398952203,-12.236157846435836,24.554941682013443,26.0,36.768461885598406,-74.1272831348835,-100.2007401647626,FLAT
2026-10-05T05:13:22.740786+00:00,1,PERP,APT|BITGET|HTX,APT,BITGET,HTX,29.166159830800176,0.8324758900790233,18.234600368090007,13.131382653823744,5.324425317281278,53.02209083076104,21.999999999999996,47.55895009412886,-88.46912514493759,-110.34644055679989,FLAT
2026-10-05T05:13:23.165680+00:00,1,PERP,ICP|HTX|OKX,ICP,HTX,OKX,3.0641948827958565,0.7149453100593176,-11.607702724511364,20.521706207276083,-15.295197308045072,21.485573971760097,20.0,36.76939995212327,-66.45689453565699,-95.86267664839474,FLAT
2026-10-05T05:13:23.771474+00:00,1,PERP,HBAR|HTX|MEXC,HBAR,HTX,MEXC,-17.287811287186592,1.0021908648374762,-27.997108674119463,10.685886054917875,-47.95793960595929,13.565942617677074,26.0,61.62987874184724,-113.59070967368707,-135.1929300336438,FLAT
2026-10-05T05:13:24.164747+00:00,1,PERP,HBAR|HTX|OKX,HBAR,HTX,OKX,-15.972137389574925,1.129067762420011,-28.651052199968053,11.229542842687769,-57.07371793318483,25.375523044475212,20.0,82.58040507955182,-137.0030708127686,-162.6069803239951,FLAT
2026-10-05T05:13:24.505924+00:00,1,PERP,DOT|GATE|HTX,DOT,GATE,HTX,5.979386351990801,0.5306478973948501,0.11932663095357937,11.043216697562464,-24.83589001815445,36.84542924004441,20.0,61.64441789595338,-112.5996345450614,-124.37052050504421,FLAT
2026-10-05T05:13:24.850126+00:00,1,PERP,AVAX|GATE|HTX,AVAX,GATE,HTX,7.270822738518756,0.35356640264799727,4.044646707578777,9.124667974043584,-13.540762893635705,28.092842349543012,20.0,41.60335356736337,-85.18876316857785,-91.65154920932761,FLAT
2026-10-05T05:13:25.226756+00:00,1,PERP,AVAX|HTX|OKX,AVAX,HTX,OKX,-10.048910050710624,-0.638303662673726,-4.177986317094734,9.197697078885257,-28.897660968554284,8.868929304828299,20.0,37.80445324123392,-88.52412789269347,-76.85136886315695,FLAT
2026-10-05T05:13:35.527230+00:00,2,PERP,OP|GATE|OKX,OP,GATE,OKX,1.0706782177249963,0.16007659259024395,0.0700943420462514,6.250657010422438,-9.977503387919029,12.13860456505289,20.0,22.11372265721343,-58.16132038717871,-60.18223288022007,FLAT
2026-10-05T05:13:35.771525+00:00,2,PERP,OP|BITGET|GATE,OP,BITGET,GATE,0.4556250804133022,0.6597324369531673,-4.795516120622845,7.959501317363469,-12.159063938452785,13.079907018684889,21.999999999999996,25.23781741276682,-60.601365230596755,-71.11324055207456,FLAT
2026-10-05T05:13:36.125513+00:00,2,PERP,ICP|BITGET|HTX,ICP,BITGET,HTX,-14.901745031117297,-0.6933279255027454,-0.8741106671415445,20.23232275521579,-35.912239082568355,6.11995104039309,21.999999999999996,42.094915907902774,-105.13304432332959,-77.08897761543741,FLAT
2026-10-05T05:13:36.734916+00:00,2,PERP,ICP|HTX|MEXC,ICP,HTX,MEXC,7.659313725487671,0.7095933224838131,-6.877336597150748,20.485889398952203,-12.232415902142524,27.624309392264568,26.0,39.82608656504189,-77.18116587003367,-106.32773255445721,FLAT
2026-10-05T05:13:37.147621+00:00,2,PERP,APT|BITGET|HTX,APT,BITGET,HTX,29.082663779742557,0.8261173783168743,18.234600368090007,13.131382653823744,5.157881150927857,53.02209083076104,21.999999999999996,47.72540700269889,-88.80212621986104,-110.51289746536992,FLAT
2026-10-05T05:13:37.513713+00:00,2,PERP,ICP|HTX|OKX,ICP,HTX,OKX,1.531862745096646,0.6402764632187019,-11.607702724511364,20.521706207276083,-18.348623853212676,21.485573971760097,20.0,39.82796212373859,-72.5688832524399,-98.92123882001005,FLAT
2026-10-05T05:13:38.113573+00:00,2,PERP,HBAR|HTX|MEXC,HBAR,HTX,MEXC,-15.83725735101793,1.137935708897561,-27.997108674119463,10.685886054917875,-46.02962298895119,14.535873452878878,26.0,60.661027356123306,-110.69354167095503,-135.19400948312165,FLAT
2026-10-05T05:13:38.571231+00:00,2,PERP,HBAR|HTX|OKX,HBAR,HTX,OKX,-15.69866911644513,1.1534203364259836,-28.651052199968053,11.229542842687769,-55.97884768686501,24.822671516320227,20.0,80.92784537205914,-134.2556408589561,-160.4015690883474,FLAT
2026-10-05T05:13:38.914767+00:00,2,PERP,DOT|GATE|HTX,DOT,GATE,HTX,5.979386351990801,0.5306478973948501,0.11932663095357937,11.043216697562464,-24.83589001815445,36.84542924004441,20.0,61.64441789595338,-112.5996345450614,-124.37052050504421,FLAT
2026-10-05T05:13:39.310156+00:00,2,PERP,AVAX|GATE|HTX,AVAX,GATE,HTX,6.36704398205179,0.25451855136859797,4.044646707578777,9.124667974043584,-14.047229731006805,26.789942749714246,20.0,40.81118599743784,-84.90306243602342,-89.5564820395733,FLAT
2026-10-05T05:13:39.776635+00:00,2,PERP,AVAX|HTX|OKX,AVAX,HTX,OKX,-8.47344273492312,-0.46701433858800084,-4.177986317094734,9.197697078885257,-27.94664572304373,11.071137565001887,20.0,39.05074213644731,-88.8194015423963,-80.29986601854394,FLAT
2026-10-05T05:40:33.277017+00:00,0,PERP,OP|GATE|OKX,OP,GATE,OKX,2.097166097780878,0.3371854981516559,-0.013973515634698952,6.261062901542847,-8.452067184268053,12.66485218399227,20.0,21.112475606658286,-55.550569275291636,-59.791301306285256,FLAT
2026-10-05T05:40:33.520014+00:00,0,PERP,OP|BITGET|GATE,OP,BITGET,GATE,-0.07421145743924384,0.6019899690530753,-4.838002828580521,7.913406561632044,-12.582803820317956,12.443828482753272,21.999999999999996,25.02681446423897,-60.7716154559764,-70.30864577557276,FLAT
2026-10-05T05:40:33.928670+00:00,0,PERP,ICP|BITGET|HTX,ICP,BITGET,HTX,-16.165487557379123,-0.7508022095422695,-0.9587207718882625,20.254025084398386,-41.461891941353414,9.146341463412977,21.999999999999996,50.690171837779474,-119.19334300724464,-88.7952340730807,FLAT
2026-10-05T05:40:34.577734+00:00,0,PERP,ICP|HTX|MEXC,ICP,HTX,MEXC,4.577357339030641,0.5539025705979259,-6.79249304865419,20.52680559942396,-15.229972586050522,24.457352491593642,26.0,39.66903409732385,-80.10651363472017,-102.91887963757168,FLAT
2026-10-05T05:40:34.975322+00:00,0,PERP,APT|BITGET|HTX,APT,BITGET,HTX,19.484282580870538,0.11833613111783277,17.918531428528183,13.23138704596708,3.117760603996711,35.860904731874754,21.999999999999996,32.67946741454076,-75.48023823907222,-78.62184071788732,FLAT
2026-10-05T05:40:35.421670+00:00,0,PERP,ICP|HTX|OKX,ICP,HTX,OKX,-4.577357339029531,0.33765358965033454,-11.522729207343705,20.569518824030936,-24.367956137678615,15.28584530724686,20.0,39.67182772460238,-78.51705465493728,-92.48040223919294,FLAT
2026-10-05T05:40:36.063856+00:00,0,PERP,HBAR|HTX|MEXC,HBAR,HTX,MEXC,-13.84495411672182,1.332018425577523,-28.023892439502006,10.644701342350146,-45.506564001154274,18.01561024941556,26.0,63.609618340365984,-113.09228990201825,-141.64912102928355,FLAT
2026-10-05T05:40:36.478236+00:00,0,PERP,HBAR|HTX|OKX,HBAR,HTX,OKX,-13.29670948292283,1.379069226269804,-28.691286361948173,11.163019655413233,-55.00235566576417,28.671005661373705,20.0,83.78394559302892,-136.09501489684493,-167.1462376163508,FLAT
2026-10-05T05:40:36.857344+00:00,0,PERP,DOT|GATE|HTX,DOT,GATE,HTX,4.241259733042124,0.35532704039097457,0.2567174132383129,11.213732327884552,-25.53665119397475,34.0682089630473,20.0,59.57955057719382,-111.3729191844069,-119.3910421270028,FLAT
2026-10-05T05:40:47.171149+00:00,1,PERP,OP|GATE|OKX,OP,GATE,OKX,-0.6339831423007869,-0.09902625742879943,-0.013973515634698952,6.261062901542847,-12.771967127755968,11.527613841497697,20.0,24.301098672127782,-63.05909228424905,-61.84268602926018,FLAT
2026-10-05T05:40:47.421844+00:00,1,PERP,OP|BITGET|GATE,OP,BITGET,GATE,-2.0220923406699676,0.35584049245787847,-4.838002828580521,7.913406561632044,-15.506733850328969,11.472733943547198,21.999999999999996,26.984920549228967,-65.6536515709774,-71.29565732135669,FLAT
2026-10-05T05:40:47.841768+00:00,1,PERP,ICP|BITGET|HTX,ICP,BITGET,HTX,3.8921089254007057,0.23949954031732426,-0.9587207718882625,20.254025084398386,-15.253203172663765,23.05232995419848,21.999999999999996,38.29062419612504,-80.58510659690054,-90.30167492221179,FLAT
2026-10-05T05:40:48.813367+00:00,1,PERP,ICP|HTX|MEXC,ICP,HTX,MEXC,-13.727882855399942,-0.3378699025112986,-6.79249304865419,20.52680559942396,-30.459945172096603,3.0553009471412373,26.0,33.561240620569386,-89.2286927440118,-75.4090346163648,FLAT
2026-10-05T05:40:49.286356+00:00,1,PERP,APT|BITGET|HTX,APT,BITGET,HTX,26.64083683181717,0.6592132308568165,17.918531428528183,13.23138704596708,10.234009383223164,43.05788321691928,21.999999999999996,32.73665745729822,-68.42117950260324,-85.87600924568932,FLAT
2026-10-05T05:40:49.715324+00:00,1,PERP,ICP|HTX|OKX,ICP,HTX,OKX,-19.829164124468555,-0.4038225195341282,-11.522729207343705,20.569518824030936,-36.55193420651792,-3.0553009471456782,20.0,33.563108164067756,-84.59231316324197,-68.03053642426579,FLAT
2026-10-05T05:40:50.349116+00:00,1,PERP,HBAR|HTX|MEXC,HBAR,HTX,MEXC,-28.822121423058846,-0.07498838698095459,-28.023892439502006,10.644701342350146,-61.24994262295069,3.8116543647714884,26.0,65.24900651065589,-130.47505669410458,-129.0845533149294,FLAT
2026-10-05T05:40:50.772348+00:00,1,PERP,HBAR|HTX|OKX,HBAR,HTX,OKX,-22.465212398327104,0.557741019527981,-28.691286361948173,11.163019655413233,-57.73882769660288,12.991603534135976,20.0,70.889210836075,-125.9367521707297,-138.57210073215913,FLAT
2026-10-05T05:40:51.222902+00:00,1,PERP,DOT|GATE|HTX,DOT,GATE,HTX,5.777534789539462,0.4923264810390423,0.2567174132383129,11.213732327884552,-26.239348799232953,37.84725151955159,20.0,64.04955191157954,-116.5456181240508,-127.64008601789283,FLAT
2026-10-05T05:41:01.528003+00:00,2,PERP,OP|GATE|OKX,OP,GATE,OKX,3.724313161157511,0.5970690177655017,-0.013973515634698952,6.261062901542847,-7.308512030803627,14.776906582492089,20.0,22.077178686422524,-55.37171720159145,-62.86805878454932,FLAT
2026-10-05T05:41:01.777903+00:00,2,PERP,OP|BITGET|GATE,OP,BITGET,GATE,-2.937403516668491,0.24017460711889096,-4.838002828580521,7.913406561632044,-15.581858015633054,9.716601174518669,21.999999999999996,25.305888945663114,-64.04974413271565,-67.8604929487623,FLAT
2026-10-05T05:41:02.189439+00:00,2,PERP,ICP|BITGET|HTX,ICP,BITGET,HTX,3.0515715593537607,0.19799977113344938,-0.9587207718882625,20.254025084398386,-15.253203172663765,21.36752136752129,21.999999999999996,36.609549464034615,-78.90403186481012,-86.93579160344417,FLAT
2026-10-05T05:41:03.778648+00:00,2,PERP,ICP|HTX|MEXC,ICP,HTX,MEXC,-10.677242220868965,-0.18925249490957288,-6.79249304865419,20.52680559942396,-27.41395065488872,6.110601894284695,26.0,33.56030770431628,-86.1817653105508,-78.46340264725515,FLAT
2026-10-05T05:41:04.194264+00:00,2,PERP,APT|BITGET|HTX,APT,BITGET,HTX,25.92521918646007,0.6051283761948691,17.918531428528183,13.23138704596708,10.082632438259687,41.775889571535885,21.999999999999996,31.61130207796087,-67.44720106822936,-83.46866022096857,FLAT
2026-10-05T05:41:04.677653+00:00,2,PERP,ICP|HTX|OKX,ICP,HTX,OKX,-16.77852348993425,-0.2555137204498101,-11.522729207343705,20.569518824030936,-33.50593968930893,0.0,20.0,33.562174106983,-81.54538458894822,-71.08490331432671,FLAT
2026-10-05T05:41:05.321413+00:00,2,PERP,HBAR|HTX|MEXC,HBAR,HTX,MEXC,-21.31709215901001,0.6300599767706836,-28.023892439502006,10.644701342350146,-44.11250992675253,1.5807269047418693,26.0,45.79061962988793,-93.87923711713844,-107.3952389741318,FLAT
2026-10-05T05:41:05.729201+00:00,2,PERP,HBAR|HTX|OKX,HBAR,HTX,OKX,-25.018581697856533,0.3290063779750358,-28.691286361948173,11.163019655413233,-64.3733135593283,14.573971295048782,20.0,79.14457694743481,-140.82660414481495,-148.40983460443175,FLAT
2026-10-05T05:41:06.104010+00:00,2,PERP,DOT|GATE|HTX,DOT,GATE,HTX,-2.084251737571874,-0.2087591430186925,0.2567174132383129,11.213732327884552,-33.690823365883915,29.572027074771245,20.0,63.27599969572344,-123.22354047484566,-118.59130935725638,FLAT
2026-10-05T05:59:59.290068+00:00,0,PERP,OP|GATE|OKX,OP,GATE,OKX,1.931646622206351,0.287975814162542,0.12195514985882983,6.284178682193354,-9.021647016437262,12.906161170538333,20.0,21.92355279450601,-57.0671549608021,-60.707758815185514,FLAT
2026-10-05T05:59:59.580762+00:00,0,PERP,OP|BITGET|GATE,OP,BITGET,GATE,-0.2936865621960827,0.526043509851126,-4.639362354735462,8.261057709407412,-15.620281871172592,15.050262425932992,21.999999999999996,30.671435257070165,-69.65235477350728,-78.36106003773861,FLAT
2026-10-05T06:00:00.016550+00:00,0,PERP,ICP|BITGET|HTX,ICP,BITGET,HTX,-9.802677503221169,-0.434146464146376,-1.000742345330436,20.27411457835365,-30.399934631768488,10.810506670728692,21.999999999999996,41.250872046538504,-98.65006433297656,-81.06212106259764,FLAT
2026-10-05T06:00:00.752078+00:00,0,PERP,ICP|HTX|MEXC,ICP,HTX,MEXC,0.0,0.3357109112139649,-6.877336597150748,20.485889398952203,-18.253726802555104,18.31501831501825,26.0,36.568642389149986,-79.94503259455433,-93.76099730131898,FLAT
2026-10-05T06:00:01.231932+00:00,0,PERP,APT|BITGET|HTX,APT,BITGET,HTX,16.197751284647843,-0.13156578279460465,17.93598379094231,13.211888907377432,-9.229392487080101,41.635586254287205,21.999999999999996,50.78271990754639,-105.94809618556879,-102.48232237089127,FLAT
2026-10-05T06:00:01.681273+00:00,0,PERP,ICP|HTX|OKX,ICP,HTX,OKX,-3.047386865762114,0.41464018358880816,-11.565150981591984,20.54254375952331,-21.296014602979476,15.262515262512988,20.0,36.56957132890212,-72.30043495028961,-89.39723757300709,FLAT
2026-10-05T06:00:02.367959+00:00,0,PERP,HBAR|HTX|MEXC,HBAR,HTX,MEXC,-9.828770211047777,1.6904016340759618,-27.970141573087144,10.73198877493758,-42.85038189165702,23.409365806388305,26.0,66.32422869774977,-113.20446901631965,-149.70373607722522,FLAT
2026-10-05T06:00:03.642186+00:00,0,PERP,HBAR|HTX|OKX,HBAR,HTX,OKX,-11.892577554650785,1.4878995278636815,-28.63753679496198,11.254092717102695,-61.34976880545429,37.94482109010566,20.0,99.41135977984955,-158.12359179034186,-191.9937176649172,FLAT
2026-10-05T06:00:04.032887+00:00,0,PERP,DOT|GATE|HTX,DOT,GATE,HTX,-11.209906509805911,-1.0181490850621817,-0.01779140739902347,10.992609301145075,-42.5106366558492,20.140056535888906,20.0,62.72096411736285,-131.21380936581303,-108.87881206065079,FLAT
2026-10-05T06:00:14.336614+00:00,1,PERP,OP|GATE|OKX,OP,GATE,OKX,1.2449777185574717,0.17870633944270273,0.12195514985882983,6.284178682193354,-9.301602977126455,11.809117654810741,20.0,21.10807811801291,-56.5316362449982,-58.795240622964826,FLAT
2026-10-05T06:00:14.631930+00:00,1,PERP,OP|BITGET|GATE,OP,BITGET,GATE,-3.091468603542147,0.18737234451596022,-4.639362354735462,8.261057709407412,-17.41073812645544,11.245036290112864,21.999999999999996,28.66462562915643,-69.4360014008764,-72.54902427400475,FLAT
2026-10-05T06:00:15.054440+00:00,1,PERP,ICP|BITGET|HTX,ICP,BITGET,HTX,-10.868612785199794,-0.48672263352033757,-1.000742345330436,20.27411457835365,-30.475205354425494,8.749248721069414,21.999999999999996,39.26712875976889,-96.74159176886394,-77.01711982616874,FLAT
2026-10-05T06:00:15.731579+00:00,1,PERP,ICP|HTX|MEXC,ICP,HTX,MEXC,0.0,0.3357109112139649,-6.877336597150748,20.485889398952203,-18.253726802555104,18.31501831501825,26.0,36.568642389149986,-79.94503259455433,-93.76099730131898,FLAT
2026-10-05T06:00:16.162481+00:00,1,PERP,APT|BITGET|HTX,APT,BITGET,HTX,27.252262545180983,0.7051435884415078,17.93598379094231,13.211888907377432,11.658158007439301,42.85370941707445,21.999999999999996,31.110765805736445,-65.38859158923945,-84.02849143186859,FLAT
2026-10-05T06:00:16.685325+00:00,1,PERP,ICP|HTX|OKX,ICP,HTX,OKX,-3.047386865762114,0.41464018358880816,-11.565150981591984,20.54254375952331,-21.296014602979476,15.262515262512988,20.0,36.56957132890212,-72.30043495028961,-89.39723757300709,FLAT
2026-10-05T06:00:17.429005+00:00,1,PERP,HBAR|HTX|MEXC,HBAR,HTX,MEXC,-11.870972266438962,1.5001105241783874,-27.970141573087144,10.73198877493758,-46.329109107501324,22.823203345325727,26.0,69.23369390367907,-119.59266143809324,-152.02703882209192,FLAT
2026-10-05T06:00:17.938308+00:00,1,PERP,HBAR|HTX|OKX,HBAR,HTX,OKX,-10.252679833271383,1.6336152032719062,-28.63753679496198,11.254092717102695,-55.59716807462145,35.40241885437112,20.0,91.09192034651517,-144.05155162617464,-181.13187599584828,FLAT
2026-10-05T06:00:18.328895+00:00,1,PERP,DOT|GATE|HTX,DOT,GATE,HTX,-8.555635297299302,-0.7766894698068557,-0.01779140739902347,10.992609301145075,-38.59693240318318,21.510245521438875,20.0,60.158637406096254,-124.73777840188042,-107.68667433493417,FLAT
2026-10-05T06:00:28.642787+00:00,2,PERP,OP|GATE|OKX,OP,GATE,OKX,2.8249136013713816,0.4301211961352352,0.12195514985882983,6.284178682193354,-8.302692659687416,13.97305534334592,20.0,22.269438147992357,-56.694085957538604,-62.12053834147945,FLAT
2026-10-05T06:00:28.932273+00:00,2,PERP,OP|BITGET|GATE,OP,BITGET,GATE,-4.653604845412662,-0.0017240517108337895,-4.639362354735462,8.261057709407412,-19.651768826230985,10.363759088494184,21.999999999999996,30.029490171239733,-73.04189664273525,-73.03261161446937,FLAT
2026-10-05T06:00:29.371977+00:00,2,PERP,ICP|BITGET|HTX,ICP,BITGET,HTX,-11.706960355662988,-0.5280732714100083,-1.000742345330436,20.27411457835365,-32.14798856099765,8.749248721069414,21.999999999999996,40.945165990496115,-100.09241220616332,-78.69515705689597,FLAT
2026-10-05T06:00:30.055057+00:00,2,PERP,ICP|HTX|MEXC,ICP,HTX,MEXC,0.0,0.3357109112139649,-6.877336597150748,20.485889398952203,-18.253726802555104,18.31501831501825,26.0,36.568642389149986,-79.94503259455433,-93.76099730131898,FLAT
2026-10-05T06:00:30.559752+00:00,2,PERP,APT|BITGET|HTX,APT,BITGET,HTX,27.5298106310351,0.7261510377017825,17.93598379094231,13.211888907377432,11.960533621127034,43.10633967057331,21.999999999999996,31.06029595429969,-65.03574612411497,-84.2306518339307,FLAT
2026-10-05T06:00:31.086951+00:00,2,PERP,ICP|HTX|OKX,ICP,HTX,OKX,-3.047386865762114,0.41464018358880816,-11.565150981591984,20.54254375952331,-21.296014602979476,15.262515262512988,20.0,36.56957132890212,-72.30043495028961,-89.39723757300709,FLAT
2026-10-05T06:00:32.149234+00:00,2,PERP,HBAR|HTX|MEXC,HBAR,HTX,MEXC,-11.053644212279945,1.576268640935621,-27.970141573087144,10.73198877493758,-46.21500388125588,24.353570922537315,26.0,70.64580762459184,-120.89066993276057,-154.96952012021632,FLAT
2026-10-05T06:00:32.941052+00:00,2,PERP,HBAR|HTX|OKX,HBAR,HTX,OKX,-9.322972990941647,1.7162257580007536,-28.63753679496198,11.254092717102695,-54.796399669563286,36.46841324910221,20.0,91.3488694763933,-143.50773235099462,-182.4548195204575,FLAT
2026-10-05T06:00:33.413647+00:00,2,PERP,DOT|GATE|HTX,DOT,GATE,HTX,-8.555635297299302,-0.7766894698068557,-0.01779140739902347,10.992609301145075,-38.59693240318318,21.510245521438875,20.0,60.158637406096254,-124.73777840188042,-107.68667433493417,FLAT
2026-10-05T06:32:34.397385+00:00,0,PERP,OP|GATE|OKX,OP,GATE,OKX,4.242956978164347,0.6446580917361557,0.1847350128277334,6.295154000793267,-9.203859766572231,17.718979359542253,20.0,26.91138905752213,-62.299983836922095,-70.44563340423664,FLAT
2026-10-05T06:32:34.752129+00:00,0,PERP,OP|BITGET|GATE,OP,BITGET,GATE,-2.7481841386312045,0.22522931163583457,-4.607242914721292,8.254071206752764,-16.567374803426738,11.081404713273457,21.999999999999996,27.656376087547926,-67.61650797625337,-71.34502371554268,FLAT
2026-10-05T06:32:35.373176+00:00,0,PERP,ICP|BITGET|HTX,ICP,BITGET,HTX,2.284109143115831,0.20071012057662893,-1.6758311255292269,19.729649193913946,-12.176560121767155,16.751385866586865,21.999999999999996,28.92133852976104,-67.42206752599897,-75.34855552187713,FLAT
2026-10-05T06:32:36.189877+00:00,0,PERP,ICP|HTX|MEXC,ICP,HTX,MEXC,-7.610350076104888,-0.07027379254161269,-6.204863745290917,20.000149130726236,-21.28306476132602,6.095702529718139,26.0,27.399578735535286,-74.47777975157038,-71.70014501054435,FLAT
2026-10-05T06:32:36.746623+00:00,0,PERP,APT|BITGET|HTX,APT,BITGET,HTX,44.91649794460484,2.032092871132356,17.950369303290653,13.270126097282,17.077597978545356,72.77351173293533,21.999999999999996,55.44685998602456,-84.31963131076986,-138.27000241566924,FLAT
2026-10-05T06:32:37.351375+00:00,0,PERP,ICP|HTX|OKX,ICP,HTX,OKX,-15.220700152206446,-0.207911784803332,-11.019517179877132,20.206564896277033,-30.404378230464157,0.0,20.0,30.450681219140307,-75.83554226972734,-67.47019839901743,FLAT
2026-10-05T06:32:38.154115+00:00,0,PERP,HBAR|HTX|MEXC,HBAR,HTX,MEXC,-16.481259430631834,1.0906802771360953,-28.13346418011467,10.683428492976107,-48.58311644495794,15.825233216169021,26.0,64.5140267421451,-116.96367900698837,-140.47272413842882,FLAT
2026-10-05T06:32:38.757062+00:00,0,PERP,HBAR|HTX|OKX,HBAR,HTX,OKX,-13.588677794842408,1.356290227184771,-28.908511905120317,11.295395191394274,-55.950808485253354,29.04349339207357,20.0,85.10909592365289,-138.15139250378593,-169.06110122084678,FLAT
2026-10-05T06:32:39.293500+00:00,0,PERP,DOT|GATE|HTX,DOT,GATE,HTX,0.5536666420491443,0.06329430166217676,-0.14292602431272158,11.005614219109615,-23.265391484693644,24.39898446037647,20.0,47.66172260725089,-96.7841880676318,-98.20363309194008,FLAT
2026-10-05T06:32:49.655382+00:00,1,PERP,OP|GATE|OKX,OP,GATE,OKX,3.7863379030467215,0.5721230790803754,0.1847350128277334,6.295154000793267,-6.513820575722029,14.103845731032738,20.0,20.609848122715075,-53.308403711264845,-60.52895884092008,FLAT
2026-10-05T06:32:49.988985+00:00,1,PERP,OP|BITGET|GATE,OP,BITGET,GATE,-4.312947947137102,0.035654522503200954,-4.607242914721292,8.254071206752764,-17.436654630281765,8.823155387367443,21.999999999999996,26.27113476915211,-67.10054648471258,-67.70153307124085,FLAT
2026-10-05T06:32:50.570806+00:00,1,PERP,ICP|BITGET|HTX,ICP,BITGET,HTX,0.0,0.08493973253443222,-1.6758311255292269,19.729649193913946,-15.21606816798693,15.22533495736944,21.999999999999996,30.441400304416057,-71.98163734687375,-75.34256638731472,FLAT
2026-10-05T06:32:51.369671+00:00,1,PERP,ICP|HTX|MEXC,ICP,HTX,MEXC,-7.610350076104888,-0.07027379254161269,-6.204863745290917,20.000149130726236,-21.28306476132602,6.095702529718139,26.0,27.399578735535286,-74.47777975157038,-71.70014501054435,FLAT
2026-10-05T06:32:51.966477+00:00,1,PERP,APT|BITGET|HTX,APT,BITGET,HTX,44.59274754917031,2.0076959367655576,17.950369303290653,13.270126097282,16.910387683186645,72.29225829819885,21.999999999999996,55.13599873640462,-84.17598035650863,-137.47788773131282,FLAT
2026-10-05T06:32:52.552673+00:00,1,PERP,ICP|HTX|OKX,ICP,HTX,OKX,-13.6986301369868,-0.1325862644572152,-11.019517179877132,20.206564896277033,-27.363940407418852,0.0,20.0,27.401436049048336,-69.74585927659005,-64.42095322892547,FLAT
2026-10-05T06:32:53.371094+00:00,1,PERP,HBAR|HTX|MEXC,HBAR,HTX,MEXC,-13.206778308468836,1.3971812402226014,-28.13346418011467,10.683428492976107,-46.30168763005482,20.105694376095773,26.0,66.49448702158848,-116.66271047152864,-146.73364557779894,FLAT
2026-10-05T06:32:54.002814+00:00,1,PERP,HBAR|HTX|OKX,HBAR,HTX,OKX,-15.84765301935187,1.1562994179893098,-28.908511905120317,11.295395191394274,-58.22051067600253,26.80376051189537,20.0,85.15831452728168,-140.4703132981639,-166.87058694429737,FLAT
2026-10-05T06:32:54.561715+00:00,1,PERP,DOT|GATE|HTX,DOT,GATE,HTX,0.5536666420491443,0.06329430166217676,-0.14292602431272158,11.005614219109615,-23.265391484693644,24.39898446037647,20.0,47.66172260725089,-96.7841880676318,-98.20363309194008,FLAT
2026-10-05T06:33:04.956780+00:00,2,PERP,OP|GATE|OKX,OP,GATE,OKX,3.5337753609043787,0.5320029260054043,0.1847350128277334,6.295154000793267,-6.3724151611532776,13.4565596335956,20.0,19.821956274307034,-52.37910644828804,-59.0937808950749,FLAT
2026-10-05T06:33:05.316502+00:00,2,PERP,OP|BITGET|GATE,OP,BITGET,GATE,-5.271965005608781,-0.0805326334407766,-4.607242914721292,8.254071206752764,-17.367742533749286,6.832913935275187,21.999999999999996,24.213418275534774,-64.97391789456276,-63.65357512553125,FLAT
2026-10-05T06:33:05.906639+00:00,2,PERP,ICP|BITGET|HTX,ICP,BITGET,HTX,0.0,0.08493973253443222,-1.6758311255292269,19.729649193913946,-15.21606816798693,15.22533495736944,21.999999999999996,30.441400304416057,-71.98163734687375,-75.34256638731472,FLAT
2026-10-05T06:33:07.186386+00:00,2,PERP,ICP|HTX|MEXC,ICP,HTX,MEXC,-7.610350076104888,-0.07027379254161269,-6.204863745290917,20.000149130726236,-21.28306476132602,6.095702529718139,26.0,27.399578735535286,-74.47777975157038,-71.70014501054435,FLAT
2026-10-05T06:33:07.765335+00:00,2,PERP,APT|BITGET|HTX,APT,BITGET,HTX,46.82709823323749,2.1760704245200353,17.950369303290653,13.270126097282,19.801430344503768,73.8659313471901,21.999999999999996,53.81250943030035,-79.96144838908724,-137.7280714741998,FLAT
2026-10-05T06:33:08.353534+00:00,2,PERP,ICP|HTX|OKX,ICP,HTX,OKX,-13.6986301369868,-0.1325862644572152,-11.019517179877132,20.206564896277033,-27.363940407418852,0.0,20.0,27.401436049048336,-69.74585927659005,-64.42095322892547,FLAT
2026-10-05T06:33:09.177955+00:00,2,PERP,HBAR|HTX|MEXC,HBAR,HTX,MEXC,-16.114847191271984,1.124977529146604,-28.13346418011467,10.683428492976107,-49.20026023121138,17.18806678383089,26.0,66.49476974546806,-119.56156579656476,-143.8163007094136,FLAT
2026-10-05T06:33:09.852276+00:00,2,PERP,HBAR|HTX|OKX,HBAR,HTX,OKX,-15.18366531886084,1.2150833462397272,-28.908511905120317,11.295395191394274,-58.04725936263577,27.96171066240083,20.0,86.13883718065334,-141.2775846381688,-169.00905974817448,FLAT
2026-10-05T06:33:11.881644+00:00,2,PERP,DOT|GATE|HTX,DOT,GATE,HTX,6.393973119880325,0.5939604109366919,-0.14292602431272158,11.005614219109615,-26.02300615536901,38.85721131827058,20.0,64.83872678388818,-116.71880691494447,-129.8388641264715,FLAT
2026-10-05T07:01:33.355135+00:00,0,PERP,OP|GATE|OKX,OP,GATE,OKX,0.3291824956730416,0.041383399964635616,0.07063305623400101,6.247660647988934,-9.374330133726794,10.046574080648796,20.0,19.420255015116844,-54.86521820507764,-55.39619603953164,FLAT
2026-10-05T07:01:33.564345+00:00,0,PERP,OP|BITGET|GATE,OP,BITGET,GATE,0.9853750411958906,0.6606071703626608,-4.431520557556801,8.19987405795023,-9.901938385367126,11.880843758715898,21.999999999999996,21.780632881607843,-55.251050709418166,-66.09299719788055,FLAT
2026-10-05T07:01:33.999510+00:00,0,PERP,ICP|BITGET|HTX,ICP,BITGET,HTX,-12.154360376784856,-0.5205691825173878,-1.884637600335421,19.72787310763716,-30.376670716888434,6.079027355623268,21.999999999999996,36.50005819265047,-92.99209130920349,-72.46372314860916,FLAT
2026-10-05T07:01:34.643153+00:00,0,PERP,ICP|HTX|MEXC,ICP,HTX,MEXC,1.52114390021163,0.3816400112518695,-6.0397783001234835,19.811660144159152,-15.188335358445881,18.28153564899626,26.0,33.46470309931796,-74.61326015764035,-89.7860170484377,FLAT
2026-10-05T07:01:35.047151+00:00,0,PERP,APT|BITGET|HTX,APT,BITGET,HTX,37.1168984272896,1.504333127405304,17.354280834670377,13.137128494076359,10.578582074873832,63.669861995050425,21.999999999999996,52.89494624448561,-87.67064500428215,-127.21052740486566,FLAT
2026-10-05T07:01:35.464254+00:00,0,PERP,ICP|HTX|OKX,ICP,HTX,OKX,1.52114390021163,0.6088351781347384,-10.685424351942151,20.049052174597577,-15.188335358445881,18.28153564899626,20.0,33.46470309931796,-63.96761410582169,-88.43166310025637,FLAT
2026-10-05T07:01:36.282024+00:00,0,PERP,HBAR|HTX|MEXC,HBAR,HTX,MEXC,-4.055076630946619,2.146130187083121,-27.39095478785309,10.873468113611068,-37.01894227438718,29.121205530042715,26.0,66.16629654519912,-107.79428403173321,-154.67845686309494,FLAT
2026-10-05T07:01:36.712175+00:00,0,PERP,HBAR|HTX|OKX,HBAR,HTX,OKX,-3.704779901543276,2.133463450667599,-27.992089388935497,11.383981984688926,-47.34276740572585,40.21440730896941,20.0,87.58872130366545,-132.9393993204558,-181.79521800157036,FLAT
2026-10-05T07:01:37.166692+00:00,0,PERP,DOT|GATE|HTX,DOT,GATE,HTX,10.22793902330843,0.8191157604775071,0.7388282051729651,11.584578488153795,-17.769568881959017,38.248264783431466,20.0,55.96058822254493,-100.46898530967691,-119.47002480080343,FLAT
2026-10-05T07:01:37.559517+00:00,0,PERP,AVAX|GATE|HTX,AVAX,GATE,HTX,19.44375857255265,1.7332662158429175,3.9738314851465546,8.925303537335031,-3.972726103748103,42.870488959618754,20.0,46.752308761962404,-80.69886635085707,-111.6489662364346,FLAT
2026-10-05T07:01:38.025861+00:00,0,PERP,AVAX|HTX|OKX,AVAX,HTX,OKX,-20.71051737934426,-1.8294030904988152,-4.1452901103437085,9.054990316258722,-43.00812160133671,1.681779915816417,20.0,44.78244763877169,-109.64527912976469,-76.60951766493181,FLAT
2026-10-05T07:01:48.254694+00:00,1,PERP,OP|GATE|OKX,OP,GATE,OKX,-2.001789480247096,-0.33171176433025235,0.07063305623400101,6.247660647988934,-12.195196472931658,8.20886097130158,20.0,20.40812814941961,-58.67395767858527,-54.546356064487185,FLAT
2026-10-05T07:01:48.466475+00:00,1,PERP,OP|BITGET|GATE,OP,BITGET,GATE,1.1156124501798814,0.6764900251557437,-4.431520557556801,8.19987405795023,-11.07889607739887,13.319262288502554,21.999999999999996,24.395433355988793,-59.04280887583086,-70.14621620204814,FLAT
2026-10-05T07:01:48.861691+00:00,1,PERP,ICP|BITGET|HTX,ICP,BITGET,HTX,-9.118541033434902,-0.36668440604978614,-1.884637600335421,19.72787310763716,-27.347310847767314,9.121313469138137,21.999999999999996,36.501905359882336,-89.96457860731422,-75.50785642935588,FLAT
2026-10-05T07:01:49.512030+00:00,1,PERP,ICP|HTX|MEXC,ICP,HTX,MEXC,1.52114390021163,0.3816400112518695,-6.0397783001234835,19.811660144159152,-15.188335358445881,18.28153564899626,26.0,33.46470309931796,-74.61326015764035,-89.7860170484377,FLAT
2026-10-05T07:01:49.940975+00:00,1,PERP,APT|BITGET|HTX,APT,BITGET,HTX,36.84842428574031,1.4838968393937841,17.354280834670377,13.137128494076359,14.899219976947098,58.80870388780046,21.999999999999996,43.7482756151679,-74.20333647289118,-113.20269866829798,FLAT
2026-10-05T07:01:50.364795+00:00,1,PERP,ICP|HTX|OKX,ICP,HTX,OKX,3.0422878004254805,0.6847062909916924,-10.685424351942151,20.049052174597577,-15.188335358445881,21.328458257161564,20.0,36.50560306508784,-67.00851407159158,-94.51948567419156,FLAT
2026-10-05T07:01:51.082830+00:00,1,PERP,HBAR|HTX|MEXC,HBAR,HTX,MEXC,-7.551952815080254,1.8245330528848465,-27.39095478785309,10.873468113611068,-39.177998229064094,24.272471626769487,26.0,63.497802861365926,-107.28484630257694,-147.1612292759885,FLAT
2026-10-05T07:01:51.513326+00:00,1,PERP,HBAR|HTX|OKX,HBAR,HTX,OKX,-4.981209612525683,2.0213383864590333,-27.992089388935497,11.383981984688926,-48.1171384237189,38.42529566536746,20.0,86.5847177897839,-132.70976682456728,-179.00210284408683,FLAT
2026-10-05T07:01:51.916956+00:00,1,PERP,DOT|GATE|HTX,DOT,GATE,HTX,13.308417853599153,1.0850277946046678,0.7388282051729651,11.584578488153795,-16.00699329735722,42.64774043289954,20.0,58.5767675724898,-101.32258907501998,-126.48567980021637,FLAT
2026-10-05T07:01:52.349508+00:00,1,PERP,AVAX|GATE|HTX,AVAX,GATE,HTX,20.152166548992323,1.8126369591993046,3.9738314851465546,8.925303537335031,-3.5729026050246304,43.888950616395306,20.0,47.36639677818209,-80.91313086835328,-113.28151590943085,FLAT
2026-10-05T07:01:52.759689+00:00,1,PERP,AVAX|HTX|OKX,AVAX,HTX,OKX,-22.50253252916723,-2.0273066869946956,-4.1452901103437085,9.054990316258722,-44.2417588796562,-0.6709844148244937,20.0,43.66884480506264,-109.76531357437513,-73.14315050058185,FLAT
2026-10-05T07:02:03.006267+00:00,2,PERP,OP|GATE|OKX,OP,GATE,OKX,0.09512968403679878,0.003920928037389964,0.07063305623400101,6.247660647988934,-11.99069990045265,12.203116764371025,20.0,24.193566219625875,-62.254899176312534,-62.3260499277629,FLAT
2026-10-05T07:02:03.272826+00:00,2,PERP,OP|BITGET|GATE,OP,BITGET,GATE,-1.3798612278637101,0.3721592927069823,-4.431520557556801,8.19987405795023,-17.874314466308494,15.138162067263039,21.999999999999996,33.017015595126644,-74.45980950387833,-80.58669821994647,FLAT
2026-10-05T07:02:03.688745+00:00,2,PERP,ICP|BITGET|HTX,ICP,BITGET,HTX,-12.106963518933034,-0.518166649938573,-1.884637600335421,19.72787310763716,-33.307770075872156,9.113001215066419,21.999999999999996,42.47218355636289,-101.89531603189963,-81.46982237176474,FLAT
2026-10-05T07:02:04.337025+00:00,2,PERP,ICP|HTX|MEXC,ICP,HTX,MEXC,3.039975680194651,0.4583035401500674,-6.0397783001234835,19.811660144159152,-15.174506828528056,21.315468940319438,26.0,36.47878429797498,-77.61351282637955,-95.8340315384179,FLAT
2026-10-05T07:02:04.730544+00:00,2,PERP,APT|BITGET|HTX,APT,BITGET,HTX,29.382928407484243,0.9156222821629312,17.354280834670377,13.137128494076359,2.9106406336376622,55.86681594046405,21.999999999999996,52.80102788374809,-95.24466808478081,-119.31356298954177,FLAT
2026-10-05T07:02:05.162832+00:00,2,PERP,ICP|HTX|OKX,ICP,HTX,OKX,3.039975680194651,0.6845909678227617,-10.685424351942151,20.049052174597577,-15.174506828528056,21.315468940319438,20.0,36.47878429797498,-66.96786677456089,-94.47967759023658,FLAT
2026-10-05T07:02:05.815442+00:00,2,PERP,HBAR|HTX|MEXC,HBAR,HTX,MEXC,-4.8813584040374725,2.0701395496473483,-27.39095478785309,10.873468113611068,-36.95969704864632,27.401085455960317,26.0,64.391567064208,-105.96030932500123,-151.1836073080214,FLAT
2026-10-05T07:02:06.262434+00:00,2,PERP,HBAR|HTX|OKX,HBAR,HTX,OKX,-16.803369599075467,0.9828476366976409,-27.992089388935497,11.383981984688926,-72.33115058695061,39.21977126374099,20.0,111.73647705737501,-182.07553825539011,-204.94833771005148,FLAT
2026-10-05T07:02:06.652568+00:00,2,PERP,DOT|GATE|HTX,DOT,GATE,HTX,5.111810092319757,0.377483038473824,0.7388282051729651,11.584578488153795,-23.938465457036262,34.1965762028118,20.0,58.10531886163001,-108.78261252383923,-117.56306685926884,FLAT
2026-10-05T07:02:07.033786+00:00,2,PERP,AVAX|GATE|HTX,AVAX,GATE,HTX,14.729134564450685,1.205034992290639,3.9738314851465546,8.925303537335031,-7.241212695519028,36.7111528988362,20.0,43.887719682335046,-81.10276386300063,-102.62504109602469,FLAT
2026-10-05T07:02:07.460867+00:00,2,PERP,AVAX|HTX|OKX,AVAX,HTX,OKX,-17.736804879274757,-1.5009971622528135,-4.1452901103437085,9.054990316258722,-37.829661593565824,2.4337137184526902,20.0,40.33476650247211,-100.01913798569421,-72.91377033126851,FLAT
2026-10-05T07:26:45.088313+00:00,0,PERP,OP|GATE|OKX,OP,GATE,OKX,4.418579124760846,0.6912077575961493,0.10174270271052593,6.245352970376398,-6.029354082033311,14.884142638991182,20.0,20.90424515235552,-53.03534193709936,-61.686645088636176,FLAT
2026-10-05T07:26:45.396767+00:00,0,PERP,OP|BITGET|GATE,OP,BITGET,GATE,-2.997800496939984,0.16926823722529155,-4.390168763868292,8.225809459308676,-18.103637411970297,12.128262666504241,21.999999999999996,30.240952180519603,-71.95442082862161,-74.75938361089213,FLAT
2026-10-05T07:26:45.885706+00:00,0,PERP,ICP|BITGET|HTX,ICP,BITGET,HTX,-5.580627021001261,-0.17918690871766613,-2.053346379186931,19.68492378744058,-24.183796856106497,13.03942920124479,21.999999999999996,37.24400288569813,-87.37445336261769,-80.33677846612984,FLAT
2026-10-05T07:26:46.642410+00:00,0,PERP,ICP|HTX|MEXC,ICP,HTX,MEXC,-0.4683263048033126,0.2708148287929745,-5.828829197922862,19.793978479728697,-16.04422705314135,15.151515151516914,26.0,31.197141356243662,-73.41253921146215,-84.17748570568344,FLAT
2026-10-05T07:26:47.114351+00:00,0,PERP,APT|BITGET|HTX,APT,BITGET,HTX,31.494182147635552,1.0862923775199524,17.319239351277787,13.048920428512725,14.72519520027582,48.271302897351376,21.999999999999996,33.4407867021459,-64.03483085314787,-92.39285024821949,FLAT
2026-10-05T07:26:47.632718+00:00,0,PERP,ICP|HTX|OKX,ICP,HTX,OKX,-6.520395709369575,0.19919198867916024,-10.516511838388276,20.061630768972687,-22.087783816425734,9.090909090909705,20.0,31.19897401418527,-68.77024599222273,-76.80639494348324,FLAT
2026-10-05T07:26:48.364774+00:00,0,PERP,HBAR|HTX|MEXC,HBAR,HTX,MEXC,-6.567961759399443,1.8825305193486772,-27.310220306131427,11.018285405491563,-40.00976918287269,27.095920359976322,26.0,67.14905786940355,-111.84860674614481,-153.5551985355113,FLAT
2026-10-05T07:26:48.831744+00:00,0,PERP,HBAR|HTX|OKX,HBAR,HTX,OKX,-4.458157862513579,2.009955056505265,-27.857910409324894,11.641928246642872,-47.64756722418828,39.018056420576656,20.0,86.70332822582897,-132.49298504069236,-179.57929505573054,FLAT
2026-10-05T07:26:49.276466+00:00,0,PERP,DOT|GATE|HTX,DOT,GATE,HTX,3.7270439053460613,0.2952401780699607,0.3774172197308017,11.34542970239479,-23.685388318114285,31.184012980511877,20.0,54.84892271427289,-104.91172825211797,-111.65551847505397,FLAT
2026-10-05T07:26:59.575878+00:00,1,PERP,OP|GATE|OKX,OP,GATE,OKX,4.946219727064438,0.7756930708853021,0.10174270271052593,6.245352970376398,-5.1403785330250695,15.04969519974697,20.0,20.180078114788305,-51.4221993505239,-61.12803061182475,FLAT
2026-10-05T07:26:59.885900+00:00,1,PERP,OP|BITGET|GATE,OP,BITGET,GATE,-1.7464540516287652,0.3213926514244488,-4.390168763868292,8.225809459308676,-13.812359459787205,10.328415625031617,21.999999999999996,24.14498856740088,-61.56717926331979,-66.86357295630079,FLAT
2026-10-05T07:27:00.383245+00:00,1,PERP,ICP|BITGET|HTX,ICP,BITGET,HTX,-5.580627021001261,-0.17918690871766613,-2.053346379186931,19.68492378744058,-24.183796856106497,13.03942920124479,21.999999999999996,37.24400288569813,-87.37445336261769,-80.33677846612984,FLAT
2026-10-05T07:27:01.909485+00:00,1,PERP,ICP|HTX|MEXC,ICP,HTX,MEXC,-0.4683263048033126,0.2708148287929745,-5.828829197922862,19.793978479728697,-16.04422705314135,15.151515151516914,26.0,31.197141356243662,-73.41253921146215,-84.17748570568344,FLAT
2026-10-05T07:27:03.136439+00:00,1,PERP,APT|BITGET|HTX,APT,BITGET,HTX,31.357749677545232,1.0758369171745736,17.319239351277787,13.048920428512725,14.723636931037731,47.99948320093783,21.999999999999996,33.171825145677154,-63.7674275659172,-91.85206899533719,FLAT
2026-10-05T07:27:04.487427+00:00,1,PERP,ICP|HTX|OKX,ICP,HTX,OKX,-6.520395709369575,0.19919198867916024,-10.516511838388276,20.061630768972687,-22.087783816425734,9.090909090909705,20.0,31.19897401418527,-68.77024599222273,-76.80639494348324,FLAT
2026-10-05T07:27:05.224390+00:00,1,PERP,HBAR|HTX|MEXC,HBAR,HTX,MEXC,-2.549657033601438,2.2472247143089263,-27.310220306131427,11.018285405491563,-36.7904994701107,31.921279320688,26.0,68.728531697793,-110.20881086177228,-159.96003132461243,FLAT
2026-10-05T07:27:05.739378+00:00,1,PERP,HBAR|HTX|OKX,HBAR,HTX,OKX,-1.3061493998023366,2.2807013105564504,-27.857910409324894,11.641928246642872,-46.48653898090771,44.17784640432964,20.0,90.67521224185592,-135.30384081343874,-188.71096905551045,FLAT
2026-10-05T07:27:06.203004+00:00,1,PERP,DOT|GATE|HTX,DOT,GATE,HTX,3.7270439053460613,0.2952401780699607,0.3774172197308017,11.34542970239479,-23.685388318114285,31.184012980511877,20.0,54.84892271427289,-104.91172825211797,-111.65551847505397,FLAT
2026-10-05T07:27:16.538069+00:00,2,PERP,OP|GATE|OKX,OP,GATE,OKX,4.458567432110705,0.6976106474791607,0.10174270271052593,6.245352970376398,-6.642620233583418,15.58098141643427,20.0,22.21367725843198,-54.958040194725925,-63.692915972155724,FLAT
2026-10-05T07:27:16.836967+00:00,2,PERP,OP|BITGET|GATE,OP,BITGET,GATE,-2.417260716210956,0.23984363574392176,-4.390168763868292,8.225809459308676,-19.37572304798185,14.566399925117768,21.999999999999996,33.95031094140777,-76.93586522552133,-80.90687963039383,FLAT
2026-10-05T07:27:17.302015+00:00,2,PERP,ICP|BITGET|HTX,ICP,BITGET,HTX,-6.249894297540859,-0.2131858859942053,-2.053346379186931,19.68492378744058,-24.183796856106497,11.697882178520747,21.999999999999996,35.904113361509246,-86.03456383842881,-77.65534191921692,FLAT
2026-10-05T07:27:18.048945+00:00,2,PERP,ICP|HTX|MEXC,ICP,HTX,MEXC,-0.4683263048033126,0.2708148287929745,-5.828829197922862,19.793978479728697,-16.04422705314135,15.151515151516914,26.0,31.197141356243662,-73.41253921146215,-84.17748570568344,FLAT
2026-10-05T07:27:18.536124+00:00,2,PERP,APT|BITGET|HTX,APT,BITGET,HTX,27.76541337539573,0.8005393305405086,17.319239351277787,13.048920428512725,10.925232879348545,44.614022889106764,21.999999999999996,33.59550858246213,-67.98951505439138,-88.89029212029111,FLAT
2026-10-05T07:27:19.031105+00:00,2,PERP,ICP|HTX|OKX,ICP,HTX,OKX,-6.520395709369575,0.19919198867916024,-10.516511838388276,20.061630768972687,-22.087783816425734,9.090909090909705,20.0,31.19897401418527,-68.77024599222273,-76.80639494348324,FLAT
2026-10-05T07:27:19.772016+00:00,2,PERP,HBAR|HTX|MEXC,HBAR,HTX,MEXC,-1.9812597997137527,2.2988114370130224,-27.310220306131427,11.018285405491563,-36.610676501579455,32.886351112828564,26.0,69.5099829607266,-110.81043915617462,-161.7065543796866,FLAT
2026-10-05T07:27:20.291250+00:00,2,PERP,HBAR|HTX|OKX,HBAR,HTX,OKX,1.103424610082726,2.4876751003648443,-27.857910409324894,11.641928246642872,-44.01241496249653,46.52958797149553,20.0,90.5309499219882,-132.68545447515982,-190.91844830280863,FLAT
2026-10-05T07:27:20.735060+00:00,2,PERP,DOT|GATE|HTX,DOT,GATE,HTX,-0.3312632118546155,-0.062463956868537916,0.3774172197308017,11.34542970239479,-23.685388318114285,23.04181816478179,20.0,46.728746744199235,-96.79155228204434,-95.39314768925023,FLAT
2026-10-05T07:50:35.454111+00:00,0,PERP,OP|GATE|OKX,OP,GATE,OKX,5.059793875765717,0.7438013154774721,0.2755612965325221,6.432137829928451,-6.983612703129749,17.127759758224226,20.0,24.099153770731334,-57.35832777039361,-66.95135223242303,FLAT
2026-10-05T07:50:35.806633+00:00,0,PERP,OP|BITGET|GATE,OP,BITGET,GATE,-2.5811910093820334,0.22833161528316187,-4.451807058683162,8.192540691228034,-16.775688517451925,11.62375900053192,21.999999999999996,28.40677600239201,-68.73065746116077,-72.48234206160708,FLAT
2026-10-05T07:50:36.404561+00:00,0,PERP,ICP|BITGET|HTX,ICP,BITGET,HTX,-2.3955348644488783,-0.010977509259692354,-2.179062713601095,19.719605397431458,-21.128886205857846,16.349132303803415,21.999999999999996,37.48699523344991,-84.43681872570666,-84.01519025085442,FLAT
2026-10-05T07:50:37.116475+00:00,0,PERP,ICP|HTX|MEXC,ICP,HTX,MEXC,-2.1339618407967276,0.1772879105378024,-5.6608861641999075,19.89376665732178,-19.337752335040204,15.124016938901086,26.0,34.46903962886451,-80.1459057997048,-87.25394273196551,FLAT
2026-10-05T07:50:37.596748+00:00,0,PERP,APT|BITGET|HTX,APT,BITGET,HTX,20.54127970804842,0.24572704717555557,17.33538935763592,13.046550582289413,3.066190961646953,38.023725519862325,21.999999999999996,34.88587296243067,-77.15507135841963,-83.57420912465707,FLAT
2026-10-05T07:50:38.107129+00:00,0,PERP,ICP|HTX|OKX,ICP,HTX,OKX,-8.174056109432337,0.11892377277167797,-10.558370682474163,20.04909966672077,-25.368363965050378,9.074410163341096,20.0,34.47086564774824,-75.28085893032446,-80.1036464935635,FLAT
2026-10-05T07:50:39.119715+00:00,0,PERP,HBAR|HTX|MEXC,HBAR,HTX,MEXC,-21.040584996145917,0.5814565255907962,-27.37643727632739,10.89651934638424,-70.1390007870284,28.541002032518303,26.0,98.88569834105094,-173.64826185175195,-186.80313764989666,FLAT
2026-10-05T07:50:39.647147+00:00,0,PERP,HBAR|HTX|OKX,HBAR,HTX,OKX,-14.54978034243215,1.1666101144921177,-27.93766509964265,11.475886065876344,-70.79556989550096,42.206229623587,20.0,113.16414714422355,-182.02205194008184,-209.3080418674532,FLAT
2026-10-05T07:50:39.984915+00:00,0,SPOT,WIF|BITGET|HTX,WIF,BITGET,HTX,47.30538886735136,2.9834281359991848,-2.5234490576138104,16.701873031131992,-20.27950097750142,114.97499578624559,60.0,134.6176297684839,-218.3736816883715,-318.1160746123433,FLAT
2026-10-05T07:50:40.524970+00:00,0,PERP,DOT|GATE|HTX,DOT,GATE,HTX,-4.078458894296588,-0.38527207989028023,0.31005028720828803,11.390675344952736,-29.604688596858164,21.468456569779804,20.0,51.09397525622609,-107.00871414029254,-98.25238153879761,FLAT
2026-10-05T07:50:50.890226+00:00,1,PERP,OP|GATE|OKX,OP,GATE,OKX,5.075926220250437,0.7463093998673398,0.2755612965325221,6.432137829928451,-7.738140034760921,17.91760695739608,20.0,25.642701223446736,-59.65640255474018,-69.2847468843103,FLAT
2026-10-05T07:50:51.233975+00:00,1,PERP,OP|BITGET|GATE,OP,BITGET,GATE,-1.335257903003484,0.3804130212031352,-4.451807058683162,8.192540691228034,-18.960364066530346,16.314368497931664,21.999999999999996,35.279426233178356,-77.78798324102554,-84.04560178979318,FLAT
2026-10-05T07:50:51.731832+00:00,1,PERP,ICP|BITGET|HTX,ICP,BITGET,HTX,-3.019323671498153,-0.0426104346898597,-2.179062713601095,19.719605397431458,-21.128886205857846,15.101177891874151,21.999999999999996,36.241003126746335,-83.19082661900309,-81.52124373222158,FLAT
2026-10-05T07:50:52.441532+00:00,1,PERP,ICP|HTX|MEXC,ICP,HTX,MEXC,-4.530353367563356,0.05682849387501317,-5.6608861641999075,19.89376665732178,-21.10977080820198,12.09921355111998,26.0,33.22396025572612,-80.6728448997282,-82.98405997104601,FLAT
2026-10-05T07:50:52.945226+00:00,1,PERP,APT|BITGET|HTX,APT,BITGET,HTX,23.27308361434799,0.4551160262063785,17.33538935763592,13.046550582289413,5.982092326939359,40.5707013315304,21.999999999999996,34.508296288619334,-73.86159331931589,-85.74360826251382,FLAT
2026-10-05T07:50:53.434190+00:00,1,PERP,ICP|HTX|OKX,ICP,HTX,OKX,-11.007334864521212,-0.022393234085831753,-10.558370682474163,20.04909966672077,-28.01283820050182,6.04960677555999,20.0,34.09990220240275,-77.55436972043042,-76.7078796604369,FLAT
2026-10-05T07:50:54.149409+00:00,1,PERP,HBAR|HTX|MEXC,HBAR,HTX,MEXC,-5.086607735913518,2.0455917006021047,-27.37643727632739,10.89651934638424,-38.56437592522077,28.610454607047586,26.0,67.20830086654728,-110.39623951544066,-155.19519274992226,FLAT
2026-10-05T07:50:54.660643+00:00,1,PERP,HBAR|HTX|OKX,HBAR,HTX,OKX,-5.618107767694225,1.944909282283295,-27.93766509964265,11.475886065876344,-50.06130010566379,39.11620709057706,20.0,89.22668533184981,-137.35032033787095,-182.28055752206953,FLAT
2026-10-05T07:50:54.997025+00:00,1,SPOT,WIF|BITGET|HTX,WIF,BITGET,HTX,43.80888546346551,2.7740801546459295,-2.5234490576138104,16.701873031131992,-20.80100963106957,108.51394102768586,60.0,128.75083756232462,-213.02839813578038,-305.7882276476243,FLAT
2026-10-05T07:50:55.460718+00:00,1,PERP,DOT|GATE|HTX,DOT,GATE,HTX,4.545582003461224,0.3718420188430461,0.31005028720828803,11.390675344952736,-23.455472979706514,32.57767733794381,20.0,56.00767437474148,-105.77319764165627,-114.27530142547698,FLAT
2026-10-05T07:51:05.838994+00:00,2,PERP,OP|GATE|OKX,OP,GATE,OKX,5.220182307508203,0.7687367935383131,0.2755612965325221,6.432137829928451,-6.487699729101903,16.95074451778078,20.0,23.426193400416647,-56.18945442605108,-66.10137662166491,FLAT
2026-10-05T07:51:06.184783+00:00,2,PERP,OP|BITGET|GATE,OP,BITGET,GATE,-2.2444330483373243,0.2694370517694627,-4.451807058683162,8.192540691228034,-18.820075592633767,14.354270040231043,21.999999999999996,33.1817770304436,-75.5500455643942,-79.9878541293578,FLAT
2026-10-05T07:51:06.648036+00:00,2,PERP,ICP|BITGET|HTX,ICP,BITGET,HTX,-2.116360156392272,0.003179706487280448,-2.179062713601095,19.719605397431458,-21.128886205857846,16.911088338367186,21.999999999999996,38.04802102197169,-84.99784451422845,-85.13817207393997,FLAT
2026-10-05T07:51:07.356345+00:00,2,PERP,ICP|HTX|MEXC,ICP,HTX,MEXC,-4.530353367563356,0.05682849387501317,-5.6608861641999075,19.89376665732178,-21.10977080820198,12.09921355111998,26.0,33.22396025572612,-80.6728448997282,-82.98405997104601,FLAT
2026-10-05T07:51:07.844922+00:00,2,PERP,APT|BITGET|HTX,APT,BITGET,HTX,24.61493629091427,0.5579671720401158,17.33538935763592,13.046550582289413,6.171682157278813,43.069500501602406,21.999999999999996,36.807214154364964,-75.97092135472207,-90.54132529833144,FLAT
2026-10-05T07:51:08.343305+00:00,2,PERP,ICP|HTX|OKX,ICP,HTX,OKX,-7.501444086538411,0.152472013544324,-10.558370682474163,20.04909966672077,-26.60903070439535,11.668711796515296,20.0,38.30637553785017,-80.35703555977136,-86.53345801683963,FLAT
2026-10-05T07:51:09.065538+00:00,2,PERP,HBAR|HTX|MEXC,HBAR,HTX,MEXC,-13.620378192172877,1.2624268949441315,-27.37643727632739,10.89651934638424,-63.559735503464495,36.81863280704967,26.0,100.51278339523616,-168.69608162237327,-196.70785347861323,FLAT
2026-10-05T07:51:09.545448+00:00,2,PERP,HBAR|HTX|OKX,HBAR,HTX,OKX,0.6631149013180959,2.4922502573466145,-27.93766509964265,11.475886065876344,-48.243462865333875,49.933530188697176,20.0,98.16913495432979,-144.474932720021,-202.04033024266963,FLAT
2026-10-05T07:51:09.871173+00:00,2,SPOT,WIF|BITGET|HTX,WIF,BITGET,HTX,44.79565319398304,2.8331614162911487,-2.5234490576138104,16.701873031131992,-20.84196124079174,110.52539328203493,60.0,130.78144588728173,-215.09995807045965,-309.83028822693046,FLAT
2026-10-05T07:51:10.325480+00:00,2,PERP,DOT|GATE|HTX,DOT,GATE,HTX,-5.043328574263484,-0.46997905737379125,0.31005028720828803,11.390675344952736,-31.53364668579739,21.468456569779804,20.0,53.02883874672113,-110.87253571972681,-100.18724502929265,FLAT
2026-10-05T08:07:53.756617+00:00,0,PERP,OP|GATE|OKX,OP,GATE,OKX,6.345631752491254,0.9875203047346761,0.16291028900317395,6.260855026316887,-3.093376204463816,15.800397150347312,20.0,18.881778531738743,-48.138065025205734,-60.51926539308288,FLAT
2026-10-05T08:07:54.113790+00:00,0,PERP,OP|BITGET|GATE,OP,BITGET,GATE,0.04017719365423389,0.4956381146709406,-4.122596678549392,8.398817098574705,-15.756946365802493,15.855928655927887,21.999999999999996,31.612737034123462,-71.24708672137656,-79.59126236860074,FLAT
2026-10-05T08:07:54.529023+00:00,0,PERP,ICP|BITGET|HTX,ICP,BITGET,HTX,-4.900297841788914,-0.11284780050279276,-2.726999473040667,19.25866839287189,-24.103645676408767,14.314628737381874,21.999999999999996,38.43710625099417,-87.81375245436226,-83.4787344614167,FLAT
2026-10-05T08:07:55.206494+00:00,0,PERP,ICP|HTX|MEXC,ICP,HTX,MEXC,-2.6356531401450223,0.1254586077202593,-5.029738245009698,19.082669163704374,-20.315093205052204,15.101177891874151,26.0,35.42551503364036,-82.71086999368286,-87.5564311705242,FLAT
2026-10-05T08:07:55.623552+00:00,0,PERP,APT|BITGET|HTX,APT,BITGET,HTX,17.41071244879766,0.037859597211034116,16.917879261044323,13.017391204830409,-2.640781339048326,37.47382767982366,21.999999999999996,40.044884654893124,-87.60354525498578,-88.60083307367246,FLAT
2026-10-05T08:07:56.399589+00:00,0,PERP,ICP|HTX|OKX,ICP,HTX,OKX,-11.6816772814754,-0.09751479390669618,-9.800859351860575,19.287513763444174,-29.34648226097569,6.0404711567496605,20.0,35.42824662880791,-80.97386953792304,-77.26957713741815,FLAT
2026-10-05T08:07:57.108895+00:00,0,PERP,HBAR|HTX|MEXC,HBAR,HTX,MEXC,-3.9387978695393233,2.121629466538479,-27.285589668938734,11.004179649470373,-40.26410135755221,32.64538817361107,26.0,72.93729883454905,-117.91581052316252,-164.86827667709886,FLAT
2026-10-05T08:07:57.603349+00:00,0,PERP,HBAR|HTX|OKX,HBAR,HTX,OKX,-2.671196161473377,2.1485571532448646,-27.780263367202256,11.686478606262737,-49.356436127798716,44.35261705645566,20.0,93.73286779793759,-141.30904055853404,-191.86574822159548,FLAT
2026-10-05T08:07:57.967981+00:00,0,SPOT,WIF|BITGET|HTX,WIF,BITGET,HTX,-125.63048447410185,-7.459788340848975,-2.3067881757684687,16.531795630584647,-348.5794711544976,97.62528309445129,60.0,451.8815531716803,-864.1542361504094,-617.8136244419001,FLAT
2026-10-05T08:07:58.367419+00:00,0,PERP,DOT|GATE|HTX,DOT,GATE,HTX,7.821210540133183,0.6570666685941169,1.0338887918877482,10.329730714796154,-23.51933312062071,39.21253753256471,20.0,62.68280400181965,-113.23602591432811,-126.86145274249661,FLAT
2026-10-05T08:08:08.734890+00:00,1,PERP,OP|GATE|OKX,OP,GATE,OKX,6.378953403265442,0.9928425252036254,0.16291028900317395,6.260855026316887,-5.1547375721505695,17.933586783009936,20.0,23.073586825705146,-54.391234686858894,-66.84426331971191,FLAT
2026-10-05T08:08:09.085171+00:00,1,PERP,OP|BITGET|GATE,OP,BITGET,GATE,1.659348607663258,0.6884237647220413,-4.122596678549392,8.398817098574705,-14.34701532949001,17.68739682220577,21.999999999999996,32.029082732101436,-70.25350138304205,-81.8390762328566,FLAT
2026-10-05T08:08:09.496190+00:00,1,PERP,ICP|BITGET|HTX,ICP,BITGET,HTX,-4.900297841788914,-0.11284780050279276,-2.726999473040667,19.25866839287189,-24.103645676408767,14.314628737381874,21.999999999999996,38.43710625099417,-87.81375245436226,-83.4787344614167,FLAT
2026-10-05T08:08:10.215431+00:00,1,PERP,ICP|HTX|MEXC,ICP,HTX,MEXC,0.37968824029732673,0.28347326251381355,-5.029738245009698,19.082669163704374,-17.30463018641104,18.12141347024898,26.0,35.42460560010352,-79.69949754150485,-90.5757573153622,FLAT
2026-10-05T08:08:10.622543+00:00,1,PERP,APT|BITGET|HTX,APT,BITGET,HTX,14.607293367934204,-0.1774999196653721,16.917879261044323,13.017391204830409,-4.9834379562818665,34.20759337936508,21.999999999999996,39.13386501471329,-89.03518223203946,-84.42357913303404,FLAT
2026-10-05T08:08:11.048089+00:00,1,PERP,ICP|HTX|OKX,ICP,HTX,OKX,-5.6509945205884815,0.21515810084021175,-9.800859351860575,19.287513763444174,-23.325556223691144,12.080942313499321,20.0,35.42642501593782,-74.95112188776838,-83.30822668129771,FLAT
2026-10-05T08:08:11.704640+00:00,1,PERP,HBAR|HTX|MEXC,HBAR,HTX,MEXC,-14.494798900641648,1.1623575019436094,-27.285589668938734,11.004179649470373,-65.24865810502267,36.77534535391658,26.0,102.16948344762342,-172.13255188370735,-198.23041847047872,FLAT
2026-10-05T08:08:12.208374+00:00,1,PERP,HBAR|HTX|OKX,HBAR,HTX,OKX,0.9433622584942292,2.457851213649902,-27.780263367202256,11.686478606262737,-46.618419436457174,48.854015480797045,20.0,95.46215454559498,-140.3003106148499,-198.09643339359428,FLAT
2026-10-05T08:08:12.762993+00:00,1,SPOT,WIF|BITGET|HTX,WIF,BITGET,HTX,-21.067360226024732,-1.134817564254682,-2.3067881757684687,16.531795630584647,-178.03092029759048,136.19645737466436,60.0,314.89048188486646,-556.6146140066885,-519.3937274352993,FLAT
2026-10-05T08:08:13.220163+00:00,1,PERP,DOT|GATE|HTX,DOT,GATE,HTX,3.779527446343689,0.2657996350788824,1.0338887918877482,10.329730714796154,-23.51933312062071,31.100528208412026,20.0,54.59921643078598,-105.15243834329445,-110.66585584731027,FLAT
2026-10-05T08:08:23.597108+00:00,2,PERP,OP|GATE|OKX,OP,GATE,OKX,5.139630607888801,0.794894674603784,0.16291028900317395,6.260855026316887,-6.576329590028962,16.876658763764762,20.0,23.44092166047706,-56.18016153950919,-66.15467013523865,FLAT
2026-10-05T08:08:23.927440+00:00,2,PERP,OP|BITGET|GATE,OP,BITGET,GATE,2.1014499025806543,0.7410622839002268,-4.122596678549392,8.398817098574705,-10.859697445118055,15.07275025581123,21.999999999999996,25.926995297676296,-60.66409606424496,-73.12234223203691,FLAT
2026-10-05T08:08:24.409538+00:00,2,PERP,ICP|BITGET|HTX,ICP,BITGET,HTX,-3.3938773893138485,-0.034627415700246945,-2.726999473040667,19.25866839287189,-24.103645676408767,17.334627117580048,21.999999999999996,41.45233273593063,-90.82897893929872,-89.51395932655134,FLAT
2026-10-05T08:08:25.129326+00:00,2,PERP,ICP|HTX|MEXC,ICP,HTX,MEXC,-2.6356531401450223,0.1254586077202593,-5.029738245009698,19.082669163704374,-20.315093205052204,15.101177891874151,26.0,35.42551503364036,-82.71086999368286,-87.5564311705242,FLAT
2026-10-05T08:08:25.579170+00:00,2,PERP,APT|BITGET|HTX,APT,BITGET,HTX,22.312533685548974,0.41441901373470574,16.917879261044323,13.017391204830409,2.49623090502471,42.13935000931812,21.999999999999996,39.5548594027653,-81.97650775878492,-92.7763301510391,FLAT
2026-10-05T08:08:26.033480+00:00,2,PERP,ICP|HTX|OKX,ICP,HTX,OKX,-8.66633590103083,0.05882165346681535,-9.800859351860575,19.287513763444174,-26.33601924233342,9.060706735126711,20.0,35.42733554749675,-77.96249543796961,-80.28890163448403,FLAT
2026-10-05T08:08:26.845631+00:00,2,PERP,HBAR|HTX|MEXC,HBAR,HTX,MEXC,-4.358828386432645,2.083459377511121,-27.285589668938734,11.004179649470373,-40.393418640666255,31.933959299506043,26.0,72.35799582432519,-117.46582479605271,-163.57754479276997,FLAT
2026-10-05T08:08:27.356712+00:00,2,PERP,HBAR|HTX|OKX,HBAR,HTX,OKX,-2.847634695606338,2.1334594886636444,-27.780263367202256,11.686478606262737,-49.555474040745565,44.19487875223061,20.0,93.77586199857572,-141.55107267211903,-191.75100411800858,FLAT
2026-10-05T08:08:27.682386+00:00,2,SPOT,WIF|BITGET|HTX,WIF,BITGET,HTX,56.743915915984374,3.571947380144604,-2.3067881757684687,16.531795630584647,-11.402587164627276,124.98089980507609,60.0,135.6139005650088,-210.7096995538676,-328.9015885458534,FLAT
2026-10-05T08:08:28.079254+00:00,2,PERP,DOT|GATE|HTX,DOT,GATE,HTX,5.345659322759655,0.41741364319360136,1.0338887918877482,10.329730714796154,-23.51933312062071,34.24311241820854,20.0,57.73156596859499,-108.28478788110345,-116.94078959491578,FLAT
2026-10-05T08:33:31.385170+00:00,0,PERP,OP|GATE|OKX,OP,GATE,OKX,3.6896215486326156,0.5727199954282627,0.11185570552689948,6.246972118426512,-10.583816553789704,17.996347587698747,20.0,28.569584274929834,-65.26525653424645,-72.45407615710168,FLAT
2026-10-05T08:33:31.694083+00:00,0,PERP,OP|BITGET|GATE,OP,BITGET,GATE,-2.180736944548123,0.24956761367336197,-4.245235874036265,8.272303040851249,-17.494103890219883,13.14388982976089,21.999999999999996,30.644672378781433,-71.89354039496504,-76.03379808257858,FLAT
2026-10-05T08:33:32.108014+00:00,0,PERP,ICP|BITGET|HTX,ICP,BITGET,HTX,-0.30460412407951054,0.12152486381688642,-2.6432431760865174,19.24411991550031,-18.083182640143967,17.484697298206786,21.999999999999996,35.56896015083462,-79.00889961489206,-83.69690062512791,FLAT
2026-10-05T08:33:32.786689+00:00,0,PERP,ICP|HTX|MEXC,ICP,HTX,MEXC,-4.217682925308219,0.0470346968730262,-5.113557731363887,19.047104916486457,-20.464597113649674,12.077294685990392,26.0,32.55555171082712,-79.90659109311291,-81.7464041281814,FLAT
2026-10-05T08:33:33.269213+00:00,0,PERP,APT|BITGET|HTX,APT,BITGET,HTX,20.79840820250478,0.30803513837964047,16.71423244884593,13.258798249910289,-5.755251299701669,47.36653813064207,21.999999999999996,53.01152994466377,-103.48101369321137,-111.6638356264599,FLAT
2026-10-05T08:33:33.732843+00:00,0,PERP,ICP|HTX|OKX,ICP,HTX,OKX,-10.247411362692693,-0.016669692628300557,-9.926474867889125,19.252694213371786,-26.485432952494392,6.038647342996306,20.0,32.55737222468352,-75.11633030928878,-74.52249443556894,FLAT
2026-10-05T08:33:34.404375+00:00,0,PERP,HBAR|HTX|MEXC,HBAR,HTX,MEXC,-2.934628907734771,2.183292712658854,-27.20619717415753,11.116955654042558,-36.44167175645974,30.79527328006204,26.0,67.25594348460379,-108.491418066906,-157.25741393882336,FLAT
2026-10-05T08:33:35.188555+00:00,0,PERP,HBAR|HTX|OKX,HBAR,HTX,OKX,-2.2593601472709057,2.159755249344204,-27.714134430783446,11.785953195965941,-47.213081933631386,42.99335420526296,20.0,90.22583038152646,-135.72477788437442,-186.93331901757287,FLAT
2026-10-05T08:33:35.504664+00:00,0,SPOT,WIF|BITGET|HTX,WIF,BITGET,HTX,76.96846573929994,4.791811967639779,-2.200806574174513,16.521781916344583,-15.390534821085877,169.4208456042845,60.0,183.3997336323145,-262.5894618792259,-421.0213858107735,FLAT
2026-10-05T08:33:35.955922+00:00,0,PERP,DOT|GATE|HTX,DOT,GATE,HTX,2.549219177869766,0.17162164361366733,0.7512896709552703,10.476123343520497,-32.553645560811084,37.709394716123334,20.0,70.24508651859858,-129.55002175036495,-133.20319156376664,FLAT
2026-10-05T08:33:46.291963+00:00,1,PERP,OP|GATE|OKX,OP,GATE,OKX,4.378716911357383,0.6830286937322239,0.11185570552689948,6.246972118426512,-10.790787582171113,19.587145861341693,20.0,30.36458777465728,-67.2672310623553,-75.83987793047207,FLAT
2026-10-05T08:33:46.592454+00:00,1,PERP,OP|BITGET|GATE,OP,BITGET,GATE,-4.3094448818770115,-0.007761926457923784,-4.245235874036265,8.272303040851249,-22.252902319406243,13.659084081876216,21.999999999999996,35.92745163515212,-81.93511808052209,-81.8317715910646,FLAT
2026-10-05T08:33:46.994908+00:00,1,PERP,ICP|BITGET|HTX,ICP,BITGET,HTX,-3.643656583128818,-0.05198540704563532,-2.6432431760865174,19.24411991550031,-21.739877590362113,14.464653675265726,21.999999999999996,36.21772372358675,-83.31435813786234,-81.325620574939,FLAT
2026-10-05T08:33:47.762448+00:00,1,PERP,ICP|HTX|MEXC,ICP,HTX,MEXC,-1.2028187066159823,0.20531934075518826,-5.113557731363887,19.047104916486457,-17.454179194227315,15.096618357488545,26.0,32.554642277290284,-76.89526374015371,-84.76481836614272,FLAT
2026-10-05T08:33:48.258373+00:00,1,PERP,APT|BITGET|HTX,APT,BITGET,HTX,10.415089389121945,-0.47509155362301453,16.71423244884593,13.258798249910289,-13.16346702792126,34.00697938567454,21.999999999999996,47.12136532142362,-104.9990647981908,-92.41411225825222,FLAT
2026-10-05T08:33:48.682298+00:00,1,PERP,ICP|HTX|OKX,ICP,HTX,OKX,-7.232547144000456,0.13992471360281747,-9.926474867889125,19.252694213371786,-23.475015033070925,9.057971014492239,20.0,32.556461693124575,-72.10500185830638,-77.54090757550594,FLAT
2026-10-05T08:33:49.431252+00:00,1,PERP,HBAR|HTX|MEXC,HBAR,HTX,MEXC,-0.09857269369861754,2.4384035813439198,-27.20619717415753,11.116955654042558,-36.53815089930901,36.604053478852535,26.0,73.14197933500901,-114.47393306016049,-168.95222998801907,FLAT
2026-10-05T08:33:49.901753+00:00,1,PERP,HBAR|HTX|OKX,HBAR,HTX,OKX,-0.04129935908481208,2.347950531584531,-27.714134430783446,11.785953195965941,-47.39502260936557,47.654258271321304,20.0,95.04844405457432,-140.72933223315644,-196.41683675667906,FLAT
2026-10-05T08:33:50.211360+00:00,1,SPOT,WIF|BITGET|HTX,WIF,BITGET,HTX,17.01749179763956,1.1632097838552085,-2.200806574174513,16.521781916344583,-11.525163273145012,45.59148109272604,60.0,57.019594128358534,-132.34395082732902,-170.8118817952591,FLAT
2026-10-05T08:33:50.661419+00:00,1,PERP,DOT|GATE|HTX,DOT,GATE,HTX,-1.528460895174888,-0.21761394853566596,0.7512896709552703,10.476123343520497,-32.553645560811084,29.522029793844773,20.0,62.08515451138256,-121.39008974314893,-116.85589463427208,FLAT
2026-10-05T08:34:01.095431+00:00,2,PERP,OP|GATE|OKX,OP,GATE,OKX,7.103181000391867,1.1191542338155887,0.11185570552689948,6.246972118426512,-6.643884872901129,20.883514305087836,20.0,27.50781967140386,-60.26356024983188,-74.2794782709648,FLAT
2026-10-05T08:34:01.411704+00:00,2,PERP,OP|BITGET|GATE,OP,BITGET,GATE,-4.69733386513016,-0.054652010312157606,-4.245235874036265,8.272303040851249,-20.4364031960802,11.05328283876883,21.999999999999996,31.504480506707107,-75.69564782875104,-74.8029992195122,FLAT
2026-10-05T08:34:01.872240+00:00,2,PERP,ICP|BITGET|HTX,ICP,BITGET,HTX,-6.33033199143318,-0.19159560590644997,-2.6432431760865174,19.24411991550031,-24.096385542167198,11.44643045233762,21.999999999999996,35.565326800566844,-85.01846916664752,-77.65500042899097,FLAT
2026-10-05T08:34:03.576356+00:00,2,PERP,ICP|HTX|MEXC,ICP,HTX,MEXC,1.8120455120751444,0.36360398463729204,-5.113557731363887,19.047104916486457,-14.443761274803846,18.115942028984477,26.0,32.55373339201381,-73.88393693545378,-87.78323315236217,FLAT
2026-10-05T08:34:04.001561+00:00,2,PERP,APT|BITGET|HTX,APT,BITGET,HTX,8.940415403850821,-0.5863138497523868,16.71423244884593,13.258798249910289,-17.403444205639218,35.29698149951521,21.999999999999996,52.653348360845115,-114.77102501533027,-99.2360974115144,FLAT
2026-10-05T08:34:04.494741+00:00,2,PERP,ICP|HTX|OKX,ICP,HTX,OKX,-4.217682925308219,0.29651911983393553,-9.926474867889125,19.252694213371786,-20.464597113649674,12.077294685990392,20.0,32.55555171082712,-69.09367395658766,-80.55932126470663,FLAT
2026-10-05T08:34:05.173281+00:00,2,PERP,HBAR|HTX|MEXC,HBAR,HTX,MEXC,-0.7861647667117833,2.3765528288167985,-27.20619717415753,11.116955654042558,-35.70077071695987,34.37057918534548,26.0,70.07602230211718,-110.57059584491952,-163.65279866162018,FLAT
2026-10-05T08:34:05.635583+00:00,2,PERP,HBAR|HTX|OKX,HBAR,HTX,OKX,-20.241998876655565,0.6339865286997254,-27.714134430783446,11.785953195965941,-82.72222102629678,42.87818937907639,20.0,125.85189901478638,-206.85998561029973,-222.44422282464623,FLAT
2026-10-05T08:34:05.942396+00:00,2,SPOT,WIF|BITGET|HTX,WIF,BITGET,HTX,17.971311601341355,1.2209408329957496,-2.200806574174513,16.521781916344583,-11.525163273145012,47.510339073137956,60.0,58.92956751247979,-134.25392421145028,-174.64071315979226,FLAT
2026-10-05T08:34:06.338740+00:00,2,PERP,DOT|GATE|HTX,DOT,GATE,HTX,-1.528460895174888,-0.21761394853566596,0.7512896709552703,10.476123343520497,-32.553645560811084,29.522029793844773,20.0,62.08515451138256,-121.39008974314893,-116.85589463427208,FLAT
2026-10-05T08:54:50.506389+00:00,0,PERP,OP|GATE|OKX,OP,GATE,OKX,0.4548521938296801,0.06918656993875008,0.019166991304741494,6.297251083709523,-10.964652904047467,11.895289536298925,20.0,22.858883531912365,-59.84270342726458,-60.73500607690655,FLAT
2026-10-05T08:54:50.838780+00:00,0,PERP,OP|BITGET|GATE,OP,BITGET,GATE,-2.6479291280412376,0.1984019311002442,-4.28641864316564,8.258435318840432,-16.362801745045672,11.079479222708688,21.999999999999996,27.449543686014167,-67.5259267878942,-70.8154415518885,FLAT
2026-10-05T08:54:51.726313+00:00,0,PERP,ICP|BITGET|HTX,ICP,BITGET,HTX,3.038590094197602,0.29303824585374977,-2.6013839570121178,19.24654590658631,-3.037667071686956,9.118541033434902,21.999999999999996,12.152514331769133,-40.58879744644396,-51.872439322216145,FLAT
2026-10-05T08:54:52.824445+00:00,0,PERP,ICP|HTX|MEXC,ICP,HTX,MEXC,-4.556500607533209,0.02700982398872672,-5.071355091166728,19.06174893432875,-9.110233829335845,0.0,26.0,9.11438595921169,-45.153264697380806,-46.18574105037842,FLAT
2026-10-05T08:54:53.328495+00:00,0,PERP,APT|BITGET|HTX,APT,BITGET,HTX,33.796722770036425,1.2575164443868274,17.27626454097746,13.137369537234513,12.39375811157517,55.207213898560425,21.999999999999996,42.6692463947352,-75.55175282413748,-108.60019575231816,FLAT
2026-10-05T08:54:54.205483+00:00,0,PERP,ICP|HTX|OKX,ICP,HTX,OKX,-9.832460188915482,0.0049347534384148435,-9.927467272452096,19.252650557376835,-15.183723048891595,-4.477945270077166,20.0,10.716313563595428,-41.97256934003492,-42.165835565970355,FLAT
2026-10-05T08:54:55.300286+00:00,0,PERP,HBAR|HTX|MEXC,HBAR,HTX,MEXC,11.022883413476237,3.364700788356044,-27.099128109106083,11.329985612541886,-31.783637057745118,54.19444281527852,26.0,85.88186344280093,-122.56637239143997,-199.17543436718552,FLAT
2026-10-05T08:54:55.853426+00:00,0,PERP,HBAR|HTX|OKX,HBAR,HTX,OKX,10.928590097378788,3.201709701470825,-27.593582642551244,12.03175063692796,-43.22399082219541,65.54296515508318,20.0,108.64626028382915,-150.27666846347333,-227.78280808146357,FLAT
2026-10-05T08:54:56.382287+00:00,0,PERP,DOT|GATE|HTX,DOT,GATE,HTX,13.66283242917321,1.2054397468744094,1.1260840818764895,10.400145158481223,-26.563669840611315,53.955456416603376,20.0,80.40921020206942,-134.09896412455723,-159.2385825367963,FLAT
2026-10-05T08:55:06.757273+00:00,1,PERP,OP|GATE|OKX,OP,GATE,OKX,-0.12889656845982422,-0.023512411653331424,0.019166991304741494,6.297251083709523,-11.974198327215912,11.738708957953481,20.0,23.713191961710173,-61.706557280230825,-61.432733928358914,FLAT
2026-10-05T08:55:07.160401+00:00,1,PERP,OP|BITGET|GATE,OP,BITGET,GATE,-0.5106452753922408,0.45720202701830404,-4.28641864316564,8.258435318840432,-16.976992837670622,15.979012352391742,21.999999999999996,32.9576716705863,-73.64824586509127,-81.22310266614367,FLAT
2026-10-05T08:55:07.722308+00:00,1,PERP,ICP|BITGET|HTX,ICP,BITGET,HTX,1.5188335358429228,0.21407568468922375,-2.6013839570121178,19.24654590658631,-6.07348921955575,9.115770282586144,21.999999999999996,15.186951455447756,-46.65905671799139,-54.90410569504601,FLAT
2026-10-05T08:55:08.822079+00:00,1,PERP,ICP|HTX|MEXC,ICP,HTX,MEXC,-6.07441154138133,-0.05262142805837582,-5.071355091166728,19.06174893432875,-12.143290831814202,0.0,26.0,12.150669127905015,-51.222604868552494,-49.22202421907175,FLAT
2026-10-05T08:55:09.345107+00:00,1,PERP,APT|BITGET|HTX,APT,BITGET,HTX,31.63477255397229,1.0929515206449292,17.27626454097746,13.137369537234513,9.565776321103225,53.7144884845886,21.999999999999996,44.009486550922524,-79.71997477079675,-108.44771049453365,FLAT
2026-10-05T08:55:09.912468+00:00,1,PERP,ICP|HTX|OKX,ICP,HTX,OKX,-12.148823082763771,-0.11537922031522777,-9.927467272452096,19.252650557376835,-18.214936247721305,-6.077180188392983,20.0,12.15251741850171,-46.439986393770916,-42.00280450256082,FLAT
2026-10-05T08:55:10.689253+00:00,1,PERP,HBAR|HTX|MEXC,HBAR,HTX,MEXC,9.28944083490757,3.2117047795482474,-27.099128109106083,11.329985612541886,-34.49044117476707,53.45138811223116,26.0,87.85855371214046,-127.24986677780146,-200.4090699334777,FLAT
2026-10-05T08:55:11.255115+00:00,1,PERP,HBAR|HTX|OKX,HBAR,HTX,OKX,11.680252531598434,3.264182940561456,-27.593582642551244,12.03175063692796,-43.11569736855425,66.95401581834571,20.0,109.93922720199862,-151.46134192800162,-230.48682566289557,FLAT
2026-10-05T08:55:12.101587+00:00,1,PERP,DOT|GATE|HTX,DOT,GATE,HTX,6.106156390415229,0.4788464230691566,1.1260840818764895,10.400145158481223,-24.767258968283468,37.00494020873801,20.0,61.7344927120443,-113.62783576220426,-123.61334883890582,FLAT
2026-10-05T08:55:22.455865+00:00,2,PERP,OP|GATE|OKX,OP,GATE,OKX,1.8242889195341228,0.28665236691912843,0.019166991304741494,6.297251083709523,-9.044602562952031,12.71268456509933,20.0,21.753301213047298,-56.81707076730407,-60.44681878684188,FLAT
2026-10-05T08:55:22.784451+00:00,2,PERP,OP|BITGET|GATE,OP,BITGET,GATE,-2.1951514651430415,0.2532280144220145,-4.28641864316564,8.258435318840432,-14.85992520116497,10.47901750362401,21.999999999999996,25.3445027234308,-63.91800928143012,-68.10993887022045,FLAT
2026-10-05T08:55:23.330707+00:00,2,PERP,ICP|BITGET|HTX,ICP,BITGET,HTX,1.5188335358429228,0.21407568468922375,-2.6013839570121178,19.24654590658631,-6.07348921955575,9.115770282586144,21.999999999999996,15.186951455447756,-46.65905671799139,-54.90410569504601,FLAT
2026-10-05T08:55:24.127582+00:00,2,PERP,ICP|HTX|MEXC,ICP,HTX,MEXC,-6.07441154138133,-0.05262142805837582,-5.071355091166728,19.06174893432875,-12.143290831814202,0.0,26.0,12.150669127905015,-51.222604868552494,-49.22202421907175,FLAT
2026-10-05T08:55:24.627033+00:00,2,PERP,APT|BITGET|HTX,APT,BITGET,HTX,29.6119957736396,0.9389803033019406,17.27626454097746,13.137369537234513,7.514605935590168,51.72026424993925,21.999999999999996,44.07514035023037,-81.83679895561767,-106.51914005919215,FLAT
2026-10-05T08:55:25.553407+00:00,2,PERP,ICP|HTX|OKX,ICP,HTX,OKX,-9.111617312071996,0.04237598132001104,-9.927467272452096,19.252650557376835,-15.179113539767197,-3.038590094197602,20.0,12.151592992264764,-43.40323925957987,-45.040470170519264,FLAT
2026-10-05T08:55:26.613225+00:00,2,PERP,HBAR|HTX|MEXC,HBAR,HTX,MEXC,5.955081696342734,2.917409689281423,-27.099128109106083,11.329985612541886,-47.83398256538063,60.323450268842116,26.0,108.08996155500594,-160.8248160112805,-227.51253993295416,FLAT
2026-10-05T08:55:27.162487+00:00,2,PERP,HBAR|HTX|OKX,HBAR,HTX,OKX,4.852870357656691,2.6967358266737165,-27.593582642551244,12.03175063692796,-60.46185090809675,70.8635070110386,20.0,131.25797235291586,-190.12624061846137,-255.71506200650572,FLAT
2026-10-05T08:55:28.003465+00:00,2,PERP,DOT|GATE|HTX,DOT,GATE,HTX,7.731015246461581,0.6350806708884088,1.1260840818764895,10.400145158481223,-24.767258968283468,40.26656236262749,20.0,64.98356107850661,-116.87690412866657,-130.1240393592576,FLAT
2026-10-05T09:17:02.246582+00:00,0,PERP,OP|GATE|OKX,OP,GATE,OKX,1.3331853167852792,0.1862869004253429,0.174944152433172,6.217512673771115,-11.648976013469703,14.343272600647605,20.0,25.988753828100066,-63.81267399400294,-66.1570822763145,FLAT
2026-10-05T09:17:02.586525+00:00,0,PERP,OP|BITGET|GATE,OP,BITGET,GATE,-2.391037122355666,0.1927073904146135,-3.9955580913444826,8.326203606082052,-19.903798426355035,15.146444632172518,21.999999999999996,35.05860826691952,-78.96684860193007,-82.20061099043652,FLAT
2026-10-05T09:17:02.999446+00:00,0,PERP,ICP|BITGET|HTX,ICP,BITGET,HTX,-3.02571860816947,-0.00010265492450473317,-3.0237699517755225,18.98259049284488,-21.173623714458856,15.133171912833365,21.999999999999996,36.31778104200612,-82.46763480468945,-82.474722906615,FLAT
2026-10-05T09:17:03.767212+00:00,0,PERP,ICP|HTX|MEXC,ICP,HTX,MEXC,-1.5133171912828924,0.15316629616139482,-4.396727636093768,18.825358561733193,-18.13236627379755,15.156107911489247,26.0,33.293436303341416,-79.02907494104521,-84.84627185092444,FLAT
2026-10-05T09:17:04.192866+00:00,0,PERP,APT|BITGET|HTX,APT,BITGET,HTX,14.598226532251957,-0.17685062320394096,16.84592428671501,12.70958345377754,-4.958848499999613,34.166444022782905,21.999999999999996,39.068256623491,-88.87302941020562,-84.38877635955889,FLAT
2026-10-05T09:17:04.649520+00:00,0,PERP,ICP|HTX|OKX,ICP,HTX,OKX,-4.539951573848677,0.24408398294965947,-9.168370950114669,18.96240515388742,-21.154427319431957,12.124886329192286,20.0,33.294352909696165,-71.28040927901345,-80.58761018900313,FLAT
2026-10-05T09:17:05.327201+00:00,0,PERP,HBAR|HTX|MEXC,HBAR,HTX,MEXC,13.397898976950096,3.4278387771022003,-26.83984665838778,11.738517547594157,-30.097305279966903,57.26854700687234,26.0,87.24734575195835,-122.50480437353747,-203.35573941721847,FLAT
2026-10-05T09:17:05.862770+00:00,0,PERP,HBAR|HTX|OKX,HBAR,HTX,OKX,12.869224783549349,3.221665579280058,-27.29378429939325,12.466535738919797,-42.59488801812261,68.8120950972837,20.0,111.26174048034767,-152.56284419907703,-233.36761987702462,FLAT
2026-10-05T09:17:06.254401+00:00,0,PERP,DOT|GATE|HTX,DOT,GATE,HTX,13.86219089435814,1.2508216034882063,0.9776567561044069,10.300856734743164,-22.787929260795757,50.572889760513995,20.0,73.25921567435589,-123.02480169125604,-148.85444867876546,FLAT
2026-10-05T09:17:16.649433+00:00,1,PERP,OP|GATE|OKX,OP,GATE,OKX,0.42051635223305794,0.03949685552485393,0.174944152433172,6.217512673771115,-11.794069539167173,12.65841558623304,20.0,24.451434675320783,-62.42044836692113,-62.934906109120654,FLAT
2026-10-05T09:17:16.992067+00:00,1,PERP,OP|BITGET|GATE,OP,BITGET,GATE,-1.2099624459604996,0.33455771407621904,-3.9955580913444826,8.326203606082052,-18.268220382077203,15.872374378351761,21.999999999999996,34.144709159503435,-76.41737145023616,-82.01264162919968,FLAT
2026-10-05T09:17:17.495242+00:00,1,PERP,ICP|BITGET|HTX,ICP,BITGET,HTX,-2.717204294548914,0.01614983251849439,-3.0237699517755225,18.98259049284488,-21.173623714458856,15.751527520435626,21.999999999999996,36.93518317325902,-83.08503693594236,-83.71048064547017,FLAT
2026-10-05T09:17:18.148378+00:00,1,PERP,ICP|HTX|MEXC,ICP,HTX,MEXC,-1.5133171912828924,0.15316629616139482,-4.396727636093768,18.825358561733193,-18.13236627379755,15.156107911489247,26.0,33.293436303341416,-79.02907494104521,-84.84627185092444,FLAT
2026-10-05T09:17:18.559805+00:00,1,PERP,APT|BITGET|HTX,APT,BITGET,HTX,13.689490192447806,-0.24835071155137267,16.84592428671501,12.70958345377754,-5.53346278978073,32.92211577269111,21.999999999999996,38.403004374382235,-88.78239145087798,-82.47919586035833,FLAT
2026-10-05T09:17:19.051307+00:00,1,PERP,ICP|HTX|OKX,ICP,HTX,OKX,-4.539951573848677,0.24408398294965947,-9.168370950114669,18.96240515388742,-21.154427319431957,12.124886329192286,20.0,33.294352909696165,-71.28040927901345,-80.58761018900313,FLAT
2026-10-05T09:17:19.710202+00:00,1,PERP,HBAR|HTX|MEXC,HBAR,HTX,MEXC,9.266165793413439,3.0758579441917053,-26.83984665838778,11.738517547594157,-33.64401316808707,52.53899532875472,26.0,86.10169923287657,-124.90586574257586,-197.48054122001906,FLAT
2026-10-05T09:17:20.193814+00:00,1,PERP,HBAR|HTX|OKX,HBAR,HTX,OKX,10.804552404504175,3.0560484084569413,-27.29378429939325,12.466535738919797,-43.06134512312987,65.12569153498404,20.0,108.06835801745677,-149.8359188411934,-226.48783385183407,FLAT
2026-10-05T09:17:20.642656+00:00,1,PERP,DOT|GATE|HTX,DOT,GATE,HTX,11.40903547222294,1.012670983078052,0.9776567561044069,10.300856734743164,-22.640223037437845,45.49735045118464,20.0,68.05990131860872,-117.67778111215097,-138.57959501368896,FLAT
2026-10-05T09:17:30.996044+00:00,2,PERP,OP|GATE|OKX,OP,GATE,OKX,1.8069441605450542,0.2624843878479822,0.174944152433172,6.217512673771115,-11.537680007273066,15.180444242257618,20.0,26.713266103542782,-64.42589026324902,-67.71876619336723,FLAT
2026-10-05T09:17:31.325963+00:00,2,PERP,OP|BITGET|GATE,OP,BITGET,GATE,-2.378761425262388,0.19418173546717873,-3.9955580913444826,8.326203606082052,-18.09260382926725,13.350533035054735,21.999999999999996,31.45061062067336,-73.54765635859613,-76.79670174707258,FLAT
2026-10-05T09:17:31.746077+00:00,2,PERP,ICP|BITGET|HTX,ICP,BITGET,HTX,-12.091898428052694,-0.477707638464583,-3.0237699517755225,18.98259049284488,-30.220610456332953,6.04777744179108,21.999999999999996,36.312293039695184,-91.5091335442526,-73.38384043326178,FLAT
2026-10-05T09:17:32.481166+00:00,2,PERP,ICP|HTX|MEXC,ICP,HTX,MEXC,9.079903147699575,0.715876446103271,-4.396727636093768,18.825358561733193,-9.066183136900996,27.280994240679313,26.0,36.314121267458724,-72.98357676826595,-99.9918431442318,FLAT
2026-10-05T09:17:32.960211+00:00,2,PERP,APT|BITGET|HTX,APT,BITGET,HTX,-0.40060536218966547,-1.3569704870051162,16.84592428671501,12.70958345377754,-17.01409532093745,16.2208858066748,21.999999999999996,33.23631066577473,-95.09633027342718,-60.611272185734514,FLAT
2026-10-05T09:17:33.392674+00:00,2,PERP,ICP|HTX|OKX,ICP,HTX,OKX,4.5399515738497875,0.7229210858388477,-9.168370950114669,18.96240515388742,-12.08824418253207,21.21855107608317,20.0,33.291604754421336,-62.21147798683874,-89.67852678061917,FLAT
2026-10-05T09:17:34.048643+00:00,2,PERP,HBAR|HTX|MEXC,HBAR,HTX,MEXC,12.712552630835816,3.369454373506472,-26.83984665838778,11.738517547594157,-31.494286969991904,57.29582135426847,26.0,88.67578288263536,-125.33022319423948,-204.8114508952916,FLAT
2026-10-05T09:17:34.496198+00:00,2,PERP,HBAR|HTX|OKX,HBAR,HTX,OKX,12.94310303676438,3.227591704609679,-27.29378429939325,12.466535738919797,-39.082790888695925,65.41105060481556,20.0,104.35690120504285,-142.14590779434553,-223.06173610925165,FLAT
2026-10-05T09:17:34.961019+00:00,2,PERP,DOT|GATE|HTX,DOT,GATE,HTX,8.929520958163017,0.7719614403759474,0.9776567561044069,10.300856734743164,-19.74383777193389,37.62653757499956,20.0,57.319182307133495,-104.0406768351718,-119.96806312602865,FLAT
2026-10-05T09:41:34.463535+00:00,0,PERP,OP|GATE|OKX,OP,GATE,OKX,-0.2158092823933977,-0.0595236691088994,0.15431219920747674,6.21805555910426,-10.926162729441025,10.51352761848312,20.0,21.44013623735028,-58.52061116599878,-57.79935165662592,FLAT
2026-10-05T09:41:34.701508+00:00,0,PERP,OP|BITGET|GATE,OP,BITGET,GATE,2.802359993525627,0.8373485872523041,-4.1295936031482405,8.278456191608978,-9.761425154575232,15.375472376331079,21.999999999999996,25.129851780838834,-58.761683332265825,-72.63491776031816,FLAT
2026-10-05T09:41:35.172820+00:00,0,PERP,ICP|BITGET|HTX,ICP,BITGET,HTX,-3.6921795329891705,-0.026341970622646493,-3.191459524837869,19.008449114312903,-21.13526570048263,13.764374554248171,21.999999999999996,34.91252538857146,-80.85633156421622,-79.86835946765748,FLAT
2026-10-05T09:41:36.281579+00:00,0,PERP,ICP|HTX|MEXC,ICP,HTX,MEXC,-1.1102230246251565e-12,0.23355346043872988,-4.396727636093768,18.825358561733193,-15.087507543755097,15.128593040847349,26.0,30.21604471974688,-72.9068246274082,-81.741365396688,FLAT
2026-10-05T09:41:37.099408+00:00,0,PERP,APT|BITGET|HTX,APT,BITGET,HTX,15.026322564086758,-0.1127305590828999,16.45016242626685,12.630469269056203,-5.554849467996892,35.61605560838732,21.999999999999996,41.1091313893636,-91.11414328362734,-88.27502457148407,FLAT
2026-10-05T09:41:37.960039+00:00,0,PERP,ICP|HTX|OKX,ICP,HTX,OKX,-3.0216044719755253,0.32415172223442773,-9.168307431546177,18.962425734469285,-18.105009052507004,12.10287443267788,20.0,30.216958005065425,-65.15365962602625,-77.48813986928948,FLAT
2026-10-05T09:41:38.743960+00:00,0,PERP,HBAR|HTX|MEXC,HBAR,HTX,MEXC,9.443905673791608,3.0591354273441635,-26.772604292378883,11.838805710413554,-33.26202277352586,52.513178770621224,26.0,85.69273500178795,-124.18215348293492,-196.97851806478806,FLAT
2026-10-05T09:41:39.216897+00:00,0,PERP,DOT|GATE|HTX,DOT,GATE,HTX,14.377175166251366,1.2662894347579599,1.196212793678594,10.409122915166861,-22.886371707857567,51.702467768406365,20.0,74.48170471071997,-124.56428921225613,-150.98795968544772,FLAT
2026-10-05T09:41:49.463450+00:00,1,PERP,OP|GATE|OKX,OP,GATE,OKX,1.5480352438168588,0.2241412980893587,0.15431219920747674,6.21805555910426,-10.458959970940374,13.577983402639493,20.0,24.03320103152852,-60.64647320167637,-63.456872234960535,FLAT
2026-10-05T09:41:49.691810+00:00,1,PERP,OP|BITGET|GATE,OP,BITGET,GATE,-0.13996769070878656,0.4819287340655772,-4.1295936031482405,8.278456191608978,-13.391719937564384,13.12161523288946,21.999999999999996,26.513702631585048,-63.77582896600119,-71.76491146762275,FLAT
2026-10-05T09:41:50.180595+00:00,1,PERP,ICP|BITGET|HTX,ICP,BITGET,HTX,-4.530353367561135,-0.07043677444022044,-3.191459524837869,19.008449114312903,-21.13526570048263,12.084592145016337,21.999999999999996,33.23491140452215,-79.1787175801669,-76.51096307437636,FLAT
2026-10-05T09:41:50.980285+00:00,1,PERP,ICP|HTX|MEXC,ICP,HTX,MEXC,-1.1102230246251565e-12,0.23355346043872988,-4.396727636093768,18.825358561733193,-15.087507543755097,15.128593040847349,26.0,30.21604471974688,-72.9068246274082,-81.741365396688,FLAT
2026-10-05T09:41:51.807125+00:00,1,PERP,APT|BITGET|HTX,APT,BITGET,HTX,13.970880625904236,-0.19629372017369828,16.45016242626685,12.630469269056203,-6.529969606904329,34.47993761312773,21.999999999999996,40.952691061912965,-91.93282309508413,-86.98246624877385,FLAT
2026-10-05T09:41:52.308914+00:00,1,PERP,ICP|HTX|OKX,ICP,HTX,OKX,-3.0216044719755253,0.32415172223442773,-9.168307431546177,18.962425734469285,-18.105009052507004,12.10287443267788,20.0,30.216958005065425,-65.15365962602625,-77.48813986928948,FLAT
2026-10-05T09:41:53.389724+00:00,1,PERP,HBAR|HTX|MEXC,HBAR,HTX,MEXC,8.953324693381504,3.0176970430670584,-26.772604292378883,11.838805710413554,-33.26202277352586,51.523652062057664,26.0,84.70834647589557,-123.19776495704254,-195.00460283033212,FLAT
2026-10-05T09:41:54.213170+00:00,1,PERP,DOT|GATE|HTX,DOT,GATE,HTX,15.598983362401508,1.3836680271819073,1.196212793678594,10.409122915166861,-12.160575524852169,43.38152201694312,20.0,55.455582962638964,-94.81237128116973,-123.6408921859035,FLAT
2026-10-05T09:42:04.463019+00:00,2,PERP,OP|GATE|OKX,OP,GATE,OKX,1.0965179064759134,0.15152738638510424,0.15431219920747674,6.21805555910426,-9.834681938740708,12.046842271955516,20.0,21.879108412389343,-57.868102550337525,-59.77163848513738,FLAT
2026-10-05T09:42:04.689078+00:00,2,PERP,OP|BITGET|GATE,OP,BITGET,GATE,2.0647665504824886,0.7482506412136742,-4.1295936031482405,8.278456191608978,-10.383791342185589,14.522566134234083,21.999999999999996,24.90121252815081,-59.15541026718816,-71.55337226553313,FLAT
2026-10-05T09:42:05.521398+00:00,2,PERP,ICP|BITGET|HTX,ICP,BITGET,HTX,-4.530353367561135,-0.07043677444022044,-3.191459524837869,19.008449114312903,-21.13526570048263,12.084592145016337,21.999999999999996,33.23491140452215,-79.1787175801669,-76.51096307437636,FLAT
2026-10-05T09:42:06.272777+00:00,2,PERP,ICP|HTX|MEXC,ICP,HTX,MEXC,-1.1102230246251565e-12,0.23355346043872988,-4.396727636093768,18.825358561733193,-15.087507543755097,15.128593040847349,26.0,30.21604471974688,-72.9068246274082,-81.741365396688,FLAT
2026-10-05T09:42:07.287376+00:00,2,PERP,APT|BITGET|HTX,APT,BITGET,HTX,17.44676299931136,0.07890447708749149,16.45016242626685,12.630469269056203,-3.1907454427027027,38.09306808663315,21.999999999999996,41.21191021194796,-88.8528180809175,-90.85481587231425,FLAT
2026-10-05T09:42:07.858895+00:00,2,PERP,ICP|HTX|OKX,ICP,HTX,OKX,-3.0216044719755253,0.32415172223442773,-9.168307431546177,18.962425734469285,-18.105009052507004,12.10287443267788,20.0,30.216958005065425,-65.15365962602625,-77.48813986928948,FLAT
2026-10-05T09:42:08.592695+00:00,2,PERP,HBAR|HTX|MEXC,HBAR,HTX,MEXC,9.806150444433559,3.0897335112643445,-26.772604292378883,11.838805710413554,-31.570503809247306,51.523652062057664,26.0,83.01135555125445,-119.80925506812288,-193.307611905691,FLAT
2026-10-05T09:42:09.115379+00:00,2,PERP,DOT|GATE|HTX,DOT,GATE,HTX,15.598983362401508,1.3836680271819073,1.196212793678594,10.409122915166861,-12.160575524852169,43.38152201694312,20.0,55.455582962638964,-94.81237128116973,-123.6408921859035,FLAT
2026-10-05T10:00:46.757509+00:00,0,PERP,OP|GATE|OKX,OP,GATE,OKX,0.04177912339420331,-0.0377007176178681,0.2788023599007952,6.286968829321586,-9.775216013003796,9.874376362537518,20.0,19.64949789333234,-55.70351626623693,-55.24507189596906,FLAT
2026-10-05T10:00:47.089511+00:00,0,PERP,OP|BITGET|GATE,OP,BITGET,GATE,-3.9733215829651503,0.017481250474028272,-4.118035309500069,8.278225104658192,-15.617864238738344,7.679872293209211,21.999999999999996,23.306993937667478,-62.80682286690575,-63.10490154037675,FLAT
2026-10-05T10:00:47.586780+00:00,0,PERP,ICP|BITGET|HTX,ICP,BITGET,HTX,-7.566585956417793,-0.2191581985677273,-3.454480010435809,18.763185556625224,-30.257186081694698,15.13775355737046,21.999999999999996,45.429309958529146,-100.23201602978804,-92.02154352633542,FLAT
2026-10-05T10:00:48.245296+00:00,0,PERP,ICP|HTX|MEXC,ICP,HTX,MEXC,0.0,0.21416530449393215,-3.92953707022937,18.34814971320765,-21.160822249092213,21.244309559940167,26.0,42.40496743904223,-91.63625261790507,-99.57881406921176,FLAT
2026-10-05T10:00:48.768677+00:00,0,PERP,APT|BITGET|HTX,APT,BITGET,HTX,16.769974925507913,-0.004220077438621863,16.82482642456086,12.997747043916876,5.329526331239176,28.216840682748767,21.999999999999996,22.848994845198373,-62.34429493852005,-62.241009103386276,FLAT
2026-10-05T10:00:49.301746+00:00,0,PERP,ICP|HTX|OKX,ICP,HTX,OKX,0.0,0.46676475815396345,-8.616375468971109,18.459781546165868,-21.160822249092213,21.244309559940167,20.0,42.40496743904223,-80.94941421916333,-98.2656524679535,FLAT
2026-10-05T10:00:49.700567+00:00,0,PERP,DOT|GATE|HTX,DOT,GATE,HTX,2.91612423062082,0.19689928508684906,0.8866971621324105,10.306929593945771,-26.51117461415553,32.39195609134882,20.0,58.88591885142638,-112.28379062771432,-116.39117778064279,FLAT
2026-10-05T10:01:00.053635+00:00,1,PERP,OP|GATE|OKX,OP,GATE,OKX,-0.39072831040209977,-0.1064949880426149,0.2788023599007952,6.286968829321586,-9.595411621738936,8.828044342057417,20.0,18.42416507325806,-54.298379054897794,-52.97340705541468,FLAT
2026-10-05T10:01:00.409677+00:00,1,PERP,OP|BITGET|GATE,OP,BITGET,GATE,-4.459598712185375,-0.04126046324750303,-4.118035309500069,8.278225104658192,-15.617864238738344,6.706956759034988,21.999999999999996,22.334778334312855,-61.83460726355113,-61.15977040284791,FLAT
2026-10-05T10:01:00.830918+00:00,1,PERP,ICP|BITGET|HTX,ICP,BITGET,HTX,-7.566585956417793,-0.2191581985677273,-3.454480010435809,18.763185556625224,-30.257186081694698,15.13775355737046,21.999999999999996,45.429309958529146,-100.23201602978804,-92.02154352633542,FLAT
2026-10-05T10:01:01.558593+00:00,1,PERP,ICP|HTX|MEXC,ICP,HTX,MEXC,0.0,0.21416530449393215,-3.92953707022937,18.34814971320765,-21.160822249092213,21.244309559940167,26.0,42.40496743904223,-91.63625261790507,-99.57881406921176,FLAT
2026-10-05T10:01:01.991775+00:00,1,PERP,APT|BITGET|HTX,APT,BITGET,HTX,20.33045071697659,0.26971014904128393,16.82482642456086,12.997747043916876,9.972129602344726,30.692332373858378,21.999999999999996,20.67816252326296,-55.53085934547909,-62.54566847256047,FLAT
2026-10-05T10:01:02.438104+00:00,1,PERP,ICP|HTX|OKX,ICP,HTX,OKX,0.0,0.46676475815396345,-8.616375468971109,18.459781546165868,-21.160822249092213,21.244309559940167,20.0,42.40496743904223,-80.94941421916333,-98.2656524679535,FLAT
2026-10-05T10:01:03.911328+00:00,1,PERP,DOT|GATE|HTX,DOT,GATE,HTX,2.8910963982675675,0.19447103212119826,0.8866971621324105,10.306929593945771,-26.561041808946804,32.39195609134882,20.0,58.935918692379545,-112.38365766345876,-116.44117762159595,FLAT
2026-10-05T10:01:14.760843+00:00,2,PERP,OP|GATE|OKX,OP,GATE,OKX,1.1087410833421352,0.13200935871840436,0.2788023599007952,6.286968829321586,-8.880975053622286,11.114904164617467,20.0,19.99364891235784,-55.15342632588092,-56.82975071707451,FLAT
2026-10-05T10:01:15.097160+00:00,2,PERP,OP|BITGET|GATE,OP,BITGET,GATE,-3.103654147039725,0.12253606898048079,-4.118035309500069,8.278225104658192,-14.991958809791317,8.793469732824022,21.999999999999996,23.792809737865962,-62.66673323815721,-64.70431478019005,FLAT
2026-10-05T10:01:15.523923+00:00,2,PERP,ICP|BITGET|HTX,ICP,BITGET,HTX,-7.564296520422564,-0.21903618112093934,-3.454480010435809,18.763185556625224,-27.223230490016626,12.10653753026536,21.999999999999996,39.359537140637,-91.12828762021782,-82.92055468133817,FLAT
2026-10-05T10:01:16.199611+00:00,2,PERP,ICP|HTX|MEXC,ICP,HTX,MEXC,0.0,0.21416530449393215,-3.92953707022937,18.34814971320765,-18.13784764207904,18.198362147407998,26.0,36.33610900832706,-82.54441958017672,-90.46400822596442,FLAT
2026-10-05T10:01:16.686282+00:00,2,PERP,APT|BITGET|HTX,APT,BITGET,HTX,13.932920326089615,-0.22249287424197856,16.82482642456086,12.997747043916876,3.205869646161208,24.66446374611575,21.999999999999996,21.428736671245538,-63.04769344964518,-57.26837399280042,FLAT
2026-10-05T10:01:17.204464+00:00,2,PERP,ICP|HTX|OKX,ICP,HTX,OKX,0.0,0.46676475815396345,-8.616375468971109,18.459781546165868,-18.13784764207904,18.198362147407998,20.0,36.33610900832706,-71.857581181435,-89.15084662470616,FLAT
2026-10-05T10:01:18.169573+00:00,2,PERP,DOT|GATE|HTX,DOT,GATE,HTX,1.0971615806543156,0.020419700804547133,0.8866971621324105,10.306929593945771,-26.561041808946804,28.80111882201719,20.0,55.356049364801194,-108.80378833588041,-109.27047102468597,FLAT
2026-10-05T10:25:40.838986+00:00,0,PERP,OP|GATE|OKX,OP,GATE,OKX,-0.8532647679337924,-0.19176533642292348,0.35083540170176136,6.279029318312277,-12.902074468305047,11.218649302573436,20.0,24.122759950155032,-63.37566982016184,-60.9905738510267,FLAT
2026-10-05T10:25:41.144263+00:00,0,PERP,OP|BITGET|GATE,OP,BITGET,GATE,-3.2653051458075844,0.09407642360816744,-4.04591176197742,8.29757962973909,-16.17876864815404,9.657695626485996,21.999999999999996,25.844899902516183,-65.9777567886928,-67.54850729097959,FLAT
2026-10-05T10:25:42.077737+00:00,0,PERP,ICP|BITGET|HTX,ICP,BITGET,HTX,-10.545344983426963,-0.3736160125308131,-3.5738371321114877,18.659553170892313,-27.108433734936987,6.027727546713546,21.999999999999996,33.171138383357274,-84.70573498618278,-70.7727030621823,FLAT
2026-10-05T10:25:43.187023+00:00,0,PERP,ICP|HTX|MEXC,ICP,HTX,MEXC,3.016136329361263,0.3681538431098732,-3.761834357124359,18.410701975105496,-12.048192771082489,18.12141347024898,26.0,30.16045386008071,-70.44681227403883,-84.04370168745405,FLAT
2026-10-05T10:25:44.205047+00:00,0,PERP,APT|BITGET|HTX,APT,BITGET,HTX,7.968075220874393,-0.6604432821030121,16.591148279775293,13.056492953403868,-13.02290234841963,28.970337290927795,21.999999999999996,41.95980272052374,-99.57385334871867,-82.33899173167624,FLAT
2026-10-05T10:25:45.082002+00:00,0,PERP,ICP|HTX|OKX,ICP,HTX,OKX,6.032272658722526,0.781178186830483,-8.448507906318227,18.537103069652286,-9.036144578310479,21.141649048623812,20.0,30.15954497480424,-56.74718164679649,-85.74970192974628,FLAT
2026-10-05T10:25:45.616871+00:00,0,PERP,DOT|GATE|HTX,DOT,GATE,HTX,4.703574328275284,0.3854069471039667,0.726526039511902,10.319088222586036,-25.180896709823266,34.61256092916143,20.0,59.765336517247185,-111.67275926658236,-119.65137140689671,FLAT
2026-10-05T10:25:55.938247+00:00,1,PERP,OP|GATE|OKX,OP,GATE,OKX,-0.5443122527870603,-0.14256147074806555,0.35083540170176136,6.279029318312277,-11.960479015744596,10.891756277835452,20.0,22.853461903276884,-61.164776320723234,-59.39438277941057,FLAT
2026-10-05T10:25:56.228164+00:00,1,PERP,OP|BITGET|GATE,OP,BITGET,GATE,2.653521270155057,0.8073960517499891,-4.04591176197742,8.29757962973909,-9.634472977467778,14.950597553438083,21.999999999999996,24.57854520663769,-58.16710642212804,-71.5750545220532,FLAT
2026-10-05T10:25:57.111851+00:00,1,PERP,ICP|BITGET|HTX,ICP,BITGET,HTX,-10.545344983426963,-0.3736160125308131,-3.5738371321114877,18.659553170892313,-27.108433734936987,6.027727546713546,21.999999999999996,33.171138383357274,-84.70573498618278,-70.7727030621823,FLAT
2026-10-05T10:25:57.874825+00:00,1,PERP,ICP|HTX|MEXC,ICP,HTX,MEXC,3.016136329361263,0.3681538431098732,-3.761834357124359,18.410701975105496,-12.048192771082489,18.12141347024898,26.0,30.16045386008071,-70.44681227403883,-84.04370168745405,FLAT
2026-10-05T10:25:58.390008+00:00,1,PERP,APT|BITGET|HTX,APT,BITGET,HTX,10.209792594357836,-0.48874959824137293,16.591148279775293,13.056492953403868,-10.987869585724619,31.419708349615938,21.999999999999996,42.364321301308514,-97.94333916680841,-85.19288137114916,FLAT
2026-10-05T10:25:59.428599+00:00,1,PERP,ICP|HTX|OKX,ICP,HTX,OKX,6.032272658722526,0.781178186830483,-8.448507906318227,18.537103069652286,-9.036144578310479,21.141649048623812,20.0,30.15954497480424,-56.74718164679649,-85.74970192974628,FLAT
2026-10-05T10:25:59.908549+00:00,1,PERP,DOT|GATE|HTX,DOT,GATE,HTX,4.703574328275284,0.3854069471039667,0.726526039511902,10.319088222586036,-25.180896709823266,34.61256092916143,20.0,59.765336517247185,-111.67275926658236,-119.65137140689671,FLAT
2026-10-05T10:26:10.240731+00:00,2,PERP,OP|GATE|OKX,OP,GATE,OKX,1.3551741708517362,0.15995127881007062,0.35083540170176136,6.279029318312277,-9.718163176084538,12.44791954345903,20.0,22.163062245448977,-58.23206082323527,-60.26014638720625,FLAT
2026-10-05T10:26:10.537201+00:00,2,PERP,OP|BITGET|GATE,OP,BITGET,GATE,-1.6059074426755249,0.2940621757405923,-4.04591176197742,8.29757962973909,-16.340747116144748,13.146464515312317,21.999999999999996,29.49193733941165,-69.78677269357898,-74.68431361670139,FLAT
2026-10-05T10:26:11.579796+00:00,2,PERP,ICP|BITGET|HTX,ICP,BITGET,HTX,-7.534659433394708,-0.21226780003831203,-3.5738371321114877,18.659553170892313,-24.103645676408767,9.044317154052184,21.999999999999996,33.17295451097136,-81.70276305526863,-73.79110879713502,FLAT
2026-10-05T10:26:12.383515+00:00,2,PERP,ICP|HTX|MEXC,ICP,HTX,MEXC,3.016136329361263,0.3681538431098732,-3.761834357124359,18.410701975105496,-12.048192771082489,18.12141347024898,26.0,30.16045386008071,-70.44681227403883,-84.04370168745405,FLAT
2026-10-05T10:26:13.268314+00:00,2,PERP,APT|BITGET|HTX,APT,BITGET,HTX,11.596158798283795,-0.38256747040094624,16.591148279775293,13.056492953403868,-9.71252026604752,32.917617078296324,21.999999999999996,42.58075619246874,-96.88442473829156,-86.90722499098977,FLAT
2026-10-05T10:26:14.180341+00:00,2,PERP,ICP|HTX|OKX,ICP,HTX,OKX,3.016136329361263,0.6184701132966479,-8.448507906318227,18.537103069652286,-12.048192771082489,18.12141347024898,20.0,30.16045386008071,-59.76013872484497,-82.73037523664792,FLAT
2026-10-05T10:26:14.994305+00:00,2,PERP,DOT|GATE|HTX,DOT,GATE,HTX,4.703574328275284,0.3854069471039667,0.726526039511902,10.319088222586036,-25.180896709823266,34.61256092916143,20.0,59.765336517247185,-111.67275926658236,-119.65137140689671,FLAT
2026-10-05T11:03:36.461909+00:00,0,PERP,OP|GATE|OKX,OP,GATE,OKX,0.8696244418193722,0.09545405948110935,0.2689559387001698,6.292749689059336,-8.231856610309007,9.98503467624312,20.0,18.215296589169196,-52.716109138178375,-53.93137532671215,FLAT
2026-10-05T11:03:36.801587+00:00,0,PERP,OP|BITGET|GATE,OP,BITGET,GATE,-2.8416579045154045,0.1250948750424289,-3.8900467863568924,8.38075006258971,-14.191094905576795,8.51620481072679,21.999999999999996,22.713751060904496,-61.0147991801244,-63.120002657988174,FLAT
2026-10-05T11:03:37.296772+00:00,0,PERP,ICP|BITGET|HTX,ICP,BITGET,HTX,1.5064778547757562,0.3151467026886704,-4.084472762759374,17.740787289970037,-3.012048192767569,6.027727546713546,21.999999999999996,9.038413301912147,-35.96598873192034,-47.15061361138506,FLAT
2026-10-05T11:03:38.049403+00:00,0,PERP,ICP|HTX|MEXC,ICP,HTX,MEXC,-6.025003765626202,-0.15202730146010351,-3.3377564224783893,17.676083948994034,-9.036144578310479,-3.012955709553733,26.0,6.026819893359113,-43.7252080491912,-38.35162060628377,FLAT
2026-10-05T11:03:38.521222+00:00,0,PERP,APT|BITGET|HTX,APT,BITGET,HTX,12.76445308738161,-0.29738159277368725,16.626706014501956,12.987531915129624,-5.001503962887011,30.539119679375837,21.999999999999996,35.49531368128108,-85.12352365867004,-77.40772734615496,FLAT
2026-10-05T11:03:39.053997+00:00,0,PERP,ICP|HTX|OKX,ICP,HTX,OKX,-9.037505648440414,-0.05480391899470887,-8.065437514696463,17.737201126762503,-12.048192771082489,-6.025911419103025,20.0,6.027728778635588,-36.01048403502162,-34.06725487422903,FLAT
2026-10-05T11:03:39.527057+00:00,0,PERP,DOT|GATE|HTX,DOT,GATE,HTX,2.603257768081235,0.17884231378712936,0.7608471941068784,10.30187171570215,-25.93492936449615,31.188421340380135,20.0,57.108445272558725,-109.80422183116175,-113.53601941883198,FLAT
2026-10-05T11:03:49.911101+00:00,1,PERP,OP|GATE|OKX,OP,GATE,OKX,0.6839488776821945,0.06594779063014969,0.2689559387001698,6.292749689059336,-8.13108030342291,9.511746246471109,20.0,17.641610713517977,-52.041646955641056,-52.884401021288916,FLAT
2026-10-05T11:03:50.243646+00:00,1,PERP,OP|BITGET|GATE,OP,BITGET,GATE,1.2585437519585518,0.6143352921712706,-3.8900467863568924,8.38075006258971,-9.659801331148854,12.185000532751733,21.999999999999996,21.84204993421234,-55.611804479004306,-65.91709725332097,FLAT
2026-10-05T11:03:50.714983+00:00,1,PERP,ICP|BITGET|HTX,ICP,BITGET,HTX,4.520795660034604,0.4850556112388016,-4.084472762759374,17.740787289970037,0.0,9.044317154052184,21.999999999999996,9.040229429526233,-32.95575666676685,-50.169019346337784,FLAT
2026-10-05T11:03:51.429689+00:00,1,PERP,ICP|HTX|MEXC,ICP,HTX,MEXC,-9.037505648440414,-0.32245542861242205,-3.3377564224783893,17.676083948994034,-12.048192771082489,-6.025911419103025,26.0,6.027728778635588,-46.73816512723969,-35.33957378201096,FLAT
2026-10-05T11:03:51.914816+00:00,1,PERP,APT|BITGET|HTX,APT,BITGET,HTX,18.57637259277345,0.15011832817906376,16.626706014501956,12.987531915129624,0.10157900000029585,37.06280629657943,21.999999999999996,36.89269039451605,-81.41781740901772,-85.32879067659353,FLAT
2026-10-05T11:03:52.442223+00:00,1,PERP,ICP|HTX|OKX,ICP,HTX,OKX,-12.050007531253515,-0.22464480095143055,-8.065437514696463,17.737201126762503,-15.060240963853389,-9.038867128654537,20.0,6.0286382121724245,-39.02344166132935,-31.05520859821435,FLAT
2026-10-05T11:03:52.897207+00:00,1,PERP,DOT|GATE|HTX,DOT,GATE,HTX,-4.093004059926297,-0.47116207500768215,0.7608471941068784,10.30187171570215,-41.64088644991959,33.485781936972714,20.0,75.15741763614271,-143.55915128016917,-133.88235237900855,FLAT
2026-10-05T11:04:03.618005+00:00,2,PERP,OP|GATE|OKX,OP,GATE,OKX,-0.4918031513312382,-0.12089454175399263,0.2689559387001698,6.292749689059336,-10.172167563894385,9.204085705643017,20.0,19.37719380769772,-55.81831731029228,-54.31232357464057,FLAT
2026-10-05T11:04:04.586521+00:00,2,PERP,OP|BITGET|GATE,OP,BITGET,GATE,-0.35388871868824445,0.42193813695190313,-3.8900467863568924,8.38075006258971,-12.074550566486542,11.37548090165863,21.999999999999996,23.45085813407483,-59.63536191420448,-66.71638582209034,FLAT
2026-10-05T11:04:05.070005+00:00,2,PERP,ICP|BITGET|HTX,ICP,BITGET,HTX,4.520795660034604,0.4850556112388016,-4.084472762759374,17.740787289970037,0.0,9.044317154052184,21.999999999999996,9.040229429526233,-32.95575666676685,-50.169019346337784,FLAT
2026-10-05T11:04:05.781776+00:00,2,PERP,ICP|HTX|MEXC,ICP,HTX,MEXC,-9.037505648440414,-0.32245542861242205,-3.3377564224783893,17.676083948994034,-12.048192771082489,-6.025911419103025,26.0,6.027728778635588,-46.73816512723969,-35.33957378201096,FLAT
2026-10-05T11:04:06.289009+00:00,2,PERP,APT|BITGET|HTX,APT,BITGET,HTX,18.032021519756025,0.10820497030825149,16.626706014501956,12.987531915129624,0.10157900000029585,35.97181097277691,21.999999999999996,35.8056646855735,-80.33079170007515,-83.15076964384843,FLAT
2026-10-05T11:04:06.805825+00:00,2,PERP,ICP|HTX|OKX,ICP,HTX,OKX,-12.050007531253515,-0.22464480095143055,-8.065437514696463,17.737201126762503,-15.060240963853389,-9.038867128654537,20.0,6.0286382121724245,-39.02344166132935,-31.05520859821435,FLAT
2026-10-05T11:04:07.259163+00:00,2,PERP,DOT|GATE|HTX,DOT,GATE,HTX,5.579040789063239,0.4677007953430882,0.7608471941068784,10.30187171570215,-18.90608652687198,30.08433707313518,20.0,48.96309858418695,-94.63003230516581,-104.28658846321525,FLAT
2026-10-05T11:26:21.238744+00:00,0,PERP,OP|GATE|OKX,OP,GATE,OKX,3.188884676958992,0.4438573090921183,0.39231959832667734,6.300594856379654,-7.883390055327677,14.280791232086365,20.0,22.157098255506025,-56.43280790916038,-62.045569889265714,FLAT
2026-10-05T11:26:21.586895+00:00,0,PERP,OP|BITGET|GATE,OP,BITGET,GATE,-5.449579892463641,-0.1715524807254384,-4.023769676706201,8.311218874411855,-19.574054283052476,8.691041061710258,21.999999999999996,28.28049780418312,-71.8307824105294,-68.99530854259957,FLAT
2026-10-05T11:26:22.064694+00:00,0,PERP,ICP|BITGET|HTX,ICP,BITGET,HTX,-12.044564890093534,-0.43767876166008457,-4.293680657716885,17.709070924479164,-30.102347983141932,6.0240963855417995,21.999999999999996,36.17000629189627,-89.97867361732132,-74.48778333515496,FLAT
2026-10-05T11:26:22.790154+00:00,0,PERP,ICP|HTX|MEXC,ICP,HTX,MEXC,7.536930961711263,0.6076856296034258,-3.212203989249781,17.688644304417576,-9.030704394940026,24.154589371978563,26.0,33.160225729659594,-70.97872613534985,-92.52701909088795,FLAT
2026-10-05T11:26:23.273970+00:00,0,PERP,APT|BITGET|HTX,APT,BITGET,HTX,23.769127444379645,0.5434226833502572,16.711880335116327,12.986662731402115,9.8983966135191,37.64605211663774,21.999999999999996,27.68185676239958,-62.4953404839968,-76.61602854392099,FLAT
2026-10-05T11:26:23.815297+00:00,0,PERP,ICP|HTX|OKX,ICP,HTX,OKX,4.522158577029423,0.7016197642304028,-7.939897693465166,17.76183754481895,-12.040939193257438,21.13526570048485,20.0,33.16113351989632,-63.26217501968859,-88.23629691384633,FLAT
2026-10-05T11:26:24.274983+00:00,0,PERP,DOT|GATE|HTX,DOT,GATE,HTX,-0.40432122324851605,-0.11988193676872101,0.829396697151177,10.291107681883803,-25.733781211132456,24.945986056805758,20.0,50.68180786538959,-103.24498577367322,-100.79839722504417,FLAT
2026-10-05T11:26:34.656052+00:00,1,PERP,OP|GATE|OKX,OP,GATE,OKX,1.6974273037528853,0.2071403947049101,0.39231959832667734,6.300594856379654,-8.71122294861193,12.122910499658968,20.0,20.83058400788516,-55.93412655482377,-58.561174909217456,FLAT
2026-10-05T11:26:34.991846+00:00,1,PERP,OP|BITGET|GATE,OP,BITGET,GATE,-3.8254694873129935,0.023859339092094388,-4.023769676706201,8.311218874411855,-18.886574194302284,11.25672923076193,21.999999999999996,30.154824299690766,-73.01762881728683,-73.43532320715889,FLAT
2026-10-05T11:26:35.503367+00:00,1,PERP,ICP|BITGET|HTX,ICP,BITGET,HTX,-12.6992210079524,-0.47464603795880544,-4.293680657716885,17.709070924479164,-30.102347983141932,4.71210650602405,21.999999999999996,34.85872041699257,-88.66738774241762,-71.8645075807335,FLAT
2026-10-05T11:26:36.224256+00:00,1,PERP,ICP|HTX|MEXC,ICP,HTX,MEXC,7.536930961711263,0.6076856296034258,-3.212203989249781,17.688644304417576,-9.030704394940026,24.154589371978563,26.0,33.160225729659594,-70.97872613534985,-92.52701909088795,FLAT
2026-10-05T11:26:37.226362+00:00,1,PERP,APT|BITGET|HTX,APT,BITGET,HTX,27.38397414114635,0.8217733860312396,16.711880335116327,12.986662731402115,14.702278853220285,40.068306614708945,21.999999999999996,25.296754919057275,-55.30635640095331,-76.65318119864989,FLAT
2026-10-05T11:26:37.747084+00:00,1,PERP,ICP|HTX|OKX,ICP,HTX,OKX,4.522158577029423,0.7016197642304028,-7.939897693465166,17.76183754481895,-12.040939193257438,21.13526570048485,20.0,33.16113351989632,-63.26217501968859,-88.23629691384633,FLAT
2026-10-05T11:26:38.208873+00:00,1,PERP,DOT|GATE|HTX,DOT,GATE,HTX,7.717323953158051,0.6693086370218632,0.829396697151177,10.291107681883803,-17.748142532341138,33.20376693494165,20.0,50.91260992102006,-95.49014915051238,-109.28698015881054,FLAT
2026-10-05T11:26:48.591231+00:00,2,PERP,OP|GATE|OKX,OP,GATE,OKX,1.9194965132185438,0.24238614761041596,0.39231959832667734,6.300594856379654,-9.433571626276116,13.293347138714218,20.0,22.722538177297924,-58.54842940190071,-61.62356571768546,FLAT
2026-10-05T11:26:48.919298+00:00,2,PERP,OP|BITGET|GATE,OP,BITGET,GATE,-2.9240852664014216,0.13231325355784218,-4.023769676706201,8.311218874411855,-19.236447777355448,13.411733070316512,21.999999999999996,32.65771338987663,-75.87039149052588,-78.09321613689934,FLAT
2026-10-05T11:26:49.387009+00:00,2,PERP,ICP|BITGET|HTX,ICP,BITGET,HTX,-12.044564890093534,-0.43767876166008457,-4.293680657716885,17.709070924479164,-30.102347983141932,6.0240963855417995,21.999999999999996,36.17000629189627,-89.97867361732132,-74.48778333515496,FLAT
2026-10-05T11:26:50.165762+00:00,2,PERP,ICP|HTX|MEXC,ICP,HTX,MEXC,7.536930961711263,0.6076856296034258,-3.212203989249781,17.688644304417576,-9.030704394940026,24.154589371978563,26.0,33.160225729659594,-70.97872613534985,-92.52701909088795,FLAT
2026-10-05T11:26:50.679400+00:00,2,PERP,APT|BITGET|HTX,APT,BITGET,HTX,21.976921156896534,0.40541907730068255,16.711880335116327,12.986662731402115,7.7296312610175555,36.2316530286666,21.999999999999996,28.439518518900243,-65.42176759299902,-75.95929121245052,FLAT
2026-10-05T11:26:51.197008+00:00,2,PERP,ICP|HTX|OKX,ICP,HTX,OKX,4.522158577029423,0.7016197642304028,-7.939897693465166,17.76183754481895,-12.040939193257438,21.13526570048485,20.0,33.16113351989632,-63.26217501968859,-88.23629691384633,FLAT
2026-10-05T11:26:51.642425+00:00,2,PERP,DOT|GATE|HTX,DOT,GATE,HTX,-0.5160921915980943,-0.1307428636781087,0.829396697151177,10.291107681883803,-25.957231230915312,24.945986056805758,20.0,50.905835884747674,-103.69246381281417,-101.02242524440226,FLAT
2026-10-05T11:49:46.640738+00:00,0,PERP,OP|GATE|OKX,OP,GATE,OKX,0.1449138806064454,-0.04713306517973822,0.4444550969285064,6.355224621606599,-10.302654665057531,10.608804133178662,20.0,20.91114302741141,-57.65825278939745,-57.07549206366157,FLAT
2026-10-05T11:49:46.982461+00:00,0,PERP,OP|BITGET|GATE,OP,BITGET,GATE,-3.9221635379282915,0.01227469950692499,-4.0241815089202575,8.31123979323573,-15.907148023143192,8.071731716421393,21.999999999999996,23.988285025928096,-63.87125154015103,-64.08419825126974,FLAT
2026-10-05T11:49:47.471767+00:00,0,PERP,ICP|BITGET|HTX,ICP,BITGET,HTX,-13.479107383556066,-0.49926898755966304,-4.542692174084178,17.89899920111497,-29.94011976047983,2.996703626010344,21.999999999999996,32.98127254884539,-86.37870013524103,-68.5206683489399,FLAT
2026-10-05T11:49:48.179492+00:00,0,PERP,ICP|HTX|MEXC,ICP,HTX,MEXC,10.497900419916828,0.7519065166680292,-2.9620168814325747,17.901051530973803,-2.995805871779389,24.02402402402304,26.0,26.991455641455666,-59.02524463180248,-85.97749654691128,FLAT
2026-10-05T11:49:48.670916+00:00,0,PERP,APT|BITGET|HTX,APT,BITGET,HTX,19.90241082154398,0.2676961892357028,16.354501995442742,13.25349022050274,-3.677371904877713,43.4922155298012,21.999999999999996,47.07589292925264,-95.10776682957308,-102.21360646361109,FLAT
2026-10-05T11:49:49.257848+00:00,0,PERP,ICP|HTX|OKX,ICP,HTX,OKX,4.499100179962134,0.6772456219840076,-7.689572270415206,17.997417856567793,-8.987417615339277,18.018018018017834,20.0,26.99325222648439,-54.29109757140846,-78.70084251491743,FLAT
2026-10-05T11:49:49.779293+00:00,0,PERP,DOT|GATE|HTX,DOT,GATE,HTX,-2.8989354639508136,-0.3282223678028439,0.5556676984328244,10.525191154731854,-27.071655616757173,21.293647236229063,20.0,48.37931954839862,-102.00664286358862,-95.11729908619486,FLAT
2026-10-05T11:50:00.157934+00:00,1,PERP,OP|GATE|OKX,OP,GATE,OKX,0.9403294817467156,0.07802625624471671,0.4444550969285064,6.355224621606599,-11.44585472139581,13.350361673598599,20.0,24.793862019030158,-62.68417183735447,-63.69976859570025,FLAT
2026-10-05T11:50:00.496738+00:00,1,PERP,OP|BITGET|GATE,OP,BITGET,GATE,-1.0161523442087095,0.3619230391065955,-4.0241815089202575,8.31123979323573,-14.343527324611749,12.321131465178325,21.999999999999996,26.667364918117826,-64.98671073380932,-71.0126778922164,FLAT
2026-10-05T11:50:01.214823+00:00,1,PERP,ICP|BITGET|HTX,ICP,BITGET,HTX,-11.983223487117556,-0.41569538215130425,-4.542692174084178,17.89899920111497,-26.954177897573484,2.996703626010344,21.999999999999996,29.986812703366414,-80.39829842685572,-65.52620850346094,FLAT
2026-10-05T11:50:01.949552+00:00,1,PERP,ICP|HTX|MEXC,ICP,HTX,MEXC,10.497900419916828,0.7519065166680292,-2.9620168814325747,17.901051530973803,-2.995805871779389,24.02402402402304,26.0,26.991455641455666,-59.02524463180248,-85.97749654691128,FLAT
2026-10-05T11:50:02.515437+00:00,1,PERP,APT|BITGET|HTX,APT,BITGET,HTX,24.443966742553336,0.6103648633321086,16.354501995442742,13.25349022050274,0.4053150000005168,48.49499161595272,21.999999999999996,47.972409833381164,-91.9215968288234,-108.11289945389115,FLAT
2026-10-05T11:50:02.999941+00:00,1,PERP,ICP|HTX|OKX,ICP,HTX,OKX,4.499100179962134,0.6772456219840076,-7.689572270415206,17.997417856567793,-8.987417615339277,18.018018018017834,20.0,26.99325222648439,-54.29109757140846,-78.70084251491743,FLAT
2026-10-05T11:50:04.499216+00:00,1,PERP,DOT|GATE|HTX,DOT,GATE,HTX,-2.8989354639508136,-0.3282223678028439,0.5556676984328244,10.525191154731854,-27.071655616757173,21.293647236229063,20.0,48.37931954839862,-102.00664286358862,-95.11729908619486,FLAT
2026-10-05T11:50:14.889824+00:00,2,PERP,OP|GATE|OKX,OP,GATE,OKX,-0.47429452842528974,-0.14456603504307555,0.4444550969285064,6.355224621606599,-11.980461526907016,11.053012141259977,20.0,23.034546782539778,-61.4594634063753,-59.64310382687125,FLAT
2026-10-05T11:50:15.237821+00:00,2,PERP,OP|BITGET|GATE,OP,BITGET,GATE,-2.6939907613476866,0.16004721084514653,-4.0241815089202575,8.31123979323573,-15.581821693927411,10.2034222016667,21.999999999999996,25.79218872664049,-65.34982891164765,-68.01979243722745,FLAT
2026-10-05T11:50:15.706451+00:00,2,PERP,ICP|BITGET|HTX,ICP,BITGET,HTX,7.505253677573265,0.6731072344484459,-4.542692174084178,17.89899920111497,-6.002400960384291,21.021021021021546,21.999999999999996,27.00315299455784,-56.46286178085795,-80.56686618966356,FLAT
2026-10-05T11:50:16.446727+00:00,2,PERP,ICP|HTX|MEXC,ICP,HTX,MEXC,-8.999550022499303,-0.3372725412593844,-2.9620168814325747,17.901051530973803,-20.976925382080182,3.0030030030037125,26.0,24.001502221841342,-74.01641072248896,-61.96652210627763,FLAT
2026-10-05T11:50:16.940542+00:00,2,PERP,APT|BITGET|HTX,APT,BITGET,HTX,22.371102852567493,0.45396350372804095,16.354501995442742,13.25349022050274,-1.2260912211869979,45.97838110402375,21.999999999999996,47.099104280340654,-92.67969749697039,-104.72298338892166,FLAT
2026-10-05T11:50:17.460189+00:00,2,PERP,ICP|HTX|OKX,ICP,HTX,OKX,-11.99940002999722,-0.23946922797090195,-7.689572270415206,17.997417856567793,-23.973629008089414,0.0,20.0,24.002404024563944,-66.28646076223815,-57.69197629497915,FLAT
2026-10-05T11:50:17.914196+00:00,2,PERP,DOT|GATE|HTX,DOT,GATE,HTX,-2.8989354639508136,-0.3282223678028439,0.5556676984328244,10.525191154731854,-27.071655616757173,21.293647236229063,20.0,48.37931954839862,-102.00664286358862,-95.11729908619486,FLAT
2026-10-05T12:05:51.382785+00:00,0,PERP,OP|GATE|OKX,OP,GATE,OKX,-1.4262357294869688,-0.2609045068938814,0.22770778577527187,6.33926770737983,-11.285694363074583,8.448429037331007,20.0,19.736926634312137,-57.250328783162,-53.95764788586788,FLAT
2026-10-05T12:05:51.683349+00:00,0,PERP,OP|BITGET|GATE,OP,BITGET,GATE,-1.7583080749694613,0.25853536466583726,-3.9101763142437083,8.323303243467619,-13.610800566529191,10.104035557210178,21.999999999999996,23.71900256294919,-61.419626815234665,-65.73321443440307,FLAT
2026-10-05T12:05:52.164095+00:00,0,PERP,ICP|BITGET|HTX,ICP,BITGET,HTX,-4.459025396147398,0.01878923196739143,-4.789704922610327,17.599416891378052,-14.987613470114347,6.076081810064693,21.999999999999996,21.07308980679403,-59.27099835429805,-59.93887653946905,FLAT
2026-10-05T12:05:52.936461+00:00,0,PERP,ICP|HTX|MEXC,ICP,HTX,MEXC,-2.220446049250313e-12,0.152646965203775,-2.67350819684377,17.514322628508,-8.923259964308539,8.936550491507322,26.0,17.859800565559702,-56.10955233302447,-61.4698592539108,FLAT
2026-10-05T12:05:53.463027+00:00,0,PERP,APT|BITGET|HTX,APT,BITGET,HTX,22.87501615589216,0.45703273115221194,16.902635482017978,13.067730748336963,1.5087802114033266,44.25131422687079,21.999999999999996,42.64498118336398,-86.03883645397863,-97.9936599282168,FLAT
2026-10-05T12:05:53.986645+00:00,0,PERP,ICP|HTX|OKX,ICP,HTX,OKX,-5.9532668551876,0.08204056853233464,-7.400604449485339,17.64173042910228,-14.87209994050942,2.978850163835034,20.0,17.861573690458084,-51.333069181482166,-54.241028303778464,FLAT
2026-10-05T12:05:54.448691+00:00,0,PERP,DOT|GATE|HTX,DOT,GATE,HTX,-7.481254134404924,-0.7958370471744534,0.7157109777466357,10.299803384693053,-37.612641184839866,22.674830774265242,20.0,60.3325981911446,-124.6609503537311,-108.2917179876632,FLAT
2026-10-05T12:06:04.780251+00:00,1,PERP,OP|GATE|OKX,OP,GATE,OKX,-2.2447675347370133,-0.39002538378903995,0.22770778577527187,6.33926770737983,-12.292474584069124,7.818301546935746,20.0,20.11527980910586,-58.63546217895025,-53.705873570266334,FLAT
2026-10-05T12:06:05.099675+00:00,1,PERP,OP|BITGET|GATE,OP,BITGET,GATE,-0.16168345196132528,0.45036120307455024,-3.9101763142437083,8.323303243467619,-14.99730207885408,14.695464560927629,21.999999999999996,29.69323111984183,-68.7803568844522,-76.29887199501317,FLAT
2026-10-05T12:06:05.616756+00:00,1,PERP,ICP|BITGET|HTX,ICP,BITGET,HTX,-9.680561757252626,-0.27789879999026146,-4.789704922610327,17.599416891378052,-22.32609643387562,2.974419988102106,21.999999999999996,25.325028945167045,-70.86142045643234,-61.089153855879474,FLAT
2026-10-05T12:06:06.354417+00:00,1,PERP,ICP|HTX|MEXC,ICP,HTX,MEXC,4.464285714285143,0.4075403920852041,-2.67350819684377,17.514322628508,-5.947071067499143,14.894250819181831,26.0,20.832005269753978,-56.10556814040935,-70.39976428577958,FLAT
2026-10-05T12:06:06.891852+00:00,1,PERP,APT|BITGET|HTX,APT,BITGET,HTX,27.712655112326345,0.8272300553547969,16.902635482017978,13.067730748336963,6.439140592808812,48.99574969031484,21.999999999999996,42.43899721160331,-80.90249210081248,-102.53211141990016,FLAT
2026-10-05T12:06:07.388147+00:00,1,PERP,ICP|HTX|OKX,ICP,HTX,OKX,1.4880952380935675,0.5038451144744772,-7.400604449485339,17.64173042910228,-8.92060660124927,11.915400655346797,20.0,20.8328905137406,-48.352892665504534,-66.14889561857274,FLAT
2026-10-05T12:06:07.836852+00:00,1,PERP,DOT|GATE|HTX,DOT,GATE,HTX,-7.481254134404924,-0.7958370471744534,0.7157109777466357,10.299803384693053,-37.612641184839866,22.674830774265242,20.0,60.3325981911446,-124.6609503537311,-108.2917179876632,FLAT
2026-10-05T12:06:18.193234+00:00,2,PERP,OP|GATE|OKX,OP,GATE,OKX,-2.8892764537746807,-0.4916946851639235,0.22770778577527187,6.33926770737983,-12.790033067092699,7.026952208173398,20.0,19.82270052170051,-58.840441374568485,-52.62194494409864,FLAT
2026-10-05T12:06:18.562110+00:00,2,PERP,OP|BITGET|GATE,OP,BITGET,GATE,-2.4560530195893993,0.1747050722674978,-3.9101763142437083,8.323303243467619,-13.681793707455148,8.778033943883656,21.999999999999996,22.465342156930426,-60.23695955014186,-63.15355241505778,FLAT
2026-10-05T12:06:19.078598+00:00,2,PERP,ICP|BITGET|HTX,ICP,BITGET,HTX,-10.57030806254522,-0.3284542422974711,-4.789704922610327,17.599416891378052,-22.415084368497816,1.2814165675201217,21.999999999999996,23.721573332404372,-69.34695277829186,-57.79269482253482,FLAT
2026-10-05T12:06:19.821773+00:00,2,PERP,ICP|HTX|MEXC,ICP,HTX,MEXC,7.440476190474499,0.5774693433393634,-2.67350819684377,17.514322628508,-2.9735355337490166,17.873100983019086,26.0,20.83112055230785,-53.131147889213096,-73.3777297321707,FLAT
2026-10-05T12:06:20.293847+00:00,2,PERP,APT|BITGET|HTX,APT,BITGET,HTX,31.805247294995898,1.1404131367547858,16.902635482017978,13.067730748336963,10.12339653559069,53.4985945316202,21.999999999999996,43.23767644972505,-78.01691539615233,-107.83363549932727,FLAT
2026-10-05T12:06:20.800235+00:00,2,PERP,ICP|HTX|OKX,ICP,HTX,OKX,1.4880952380935675,0.5038451144744772,-7.400604449485339,17.64173042910228,-8.92060660124927,11.915400655346797,20.0,20.8328905137406,-48.352892665504534,-66.14889561857274,FLAT
2026-10-05T12:06:21.322360+00:00,2,PERP,DOT|GATE|HTX,DOT,GATE,HTX,-4.610403392729667,-0.5171083535819385,0.7157109777466357,10.299803384693053,-39.439752260368444,30.275043012801817,20.0,69.74690627038805,-135.90236950850314,-125.30623830544323,FLAT
2026-10-05T12:34:45.762729+00:00,0,PERP,OP|GATE|OKX,OP,GATE,OKX,-2.3000869975253746,-0.36619996653677733,0.07233950079256019,6.478500041260034,-12.594803399550436,8.013561350266318,20.0,20.613088547614293,-59.28023144795729,-54.55431039708805,FLAT
2026-10-05T12:34:46.098195+00:00,0,PERP,OP|BITGET|GATE,OP,BITGET,GATE,-0.1436395396814394,0.4555463081108757,-3.9308520670996683,8.31356211210136,-13.05234851845638,12.774695620283438,21.999999999999996,25.827411534648434,-62.948907986005146,-70.53295922203154,FLAT
2026-10-05T12:34:46.666734+00:00,0,PERP,ICP|BITGET|HTX,ICP,BITGET,HTX,-1.5253808022297477,0.18041937011179168,-4.707180330281816,17.63557608077535,-7.8683547908653395,4.821879750593894,21.999999999999996,12.692169132638305,-43.85334359322182,-50.22122921351401,FLAT
2026-10-05T12:34:47.512659+00:00,0,PERP,ICP|HTX|MEXC,ICP,HTX,MEXC,-4.452359750668489,-0.10620505274912831,-2.5909344243946815,17.526711564945625,-8.902077151335952,0.0,26.0,8.906041657164009,-47.21718438410528,-43.49697608155869,FLAT
2026-10-05T12:34:48.072322+00:00,0,PERP,APT|BITGET|HTX,APT,BITGET,HTX,35.0505620548347,1.3684589864876484,17.10950187217593,13.110411316532872,11.038259517248683,59.07540920234267,21.999999999999996,47.8693616061962,-81.94060396112344,-117.83526893636294,FLAT
2026-10-05T12:34:48.717547+00:00,0,PERP,ICP|HTX|OKX,ICP,HTX,OKX,-7.420599584446741,-0.003480692567027379,-7.359170285426477,17.648585112682508,-11.86943620178127,-2.969121140140585,20.0,8.906923748950282,-39.417189665305074,-39.29697289423618,FLAT
2026-10-05T12:34:49.254088+00:00,0,PERP,DOT|GATE|HTX,DOT,GATE,HTX,-14.042891447278993,-1.3892380810784737,0.4407260815296003,10.42558343748026,-46.93428484641493,18.875707405452413,20.0,65.90252720886693,-139.27753813681147,-110.33750853278974,FLAT
2026-10-05T12:34:59.648491+00:00,1,PERP,OP|GATE|OKX,OP,GATE,OKX,-3.7860832936664757,-0.5955734768674313,0.07233950079256019,6.478500041260034,-15.176748460824507,7.625806322266726,20.0,22.811171527074688,-64.06025948869176,-56.36463834854886,FLAT
2026-10-05T12:34:59.984254+00:00,1,PERP,OP|BITGET|GATE,OP,BITGET,GATE,-0.12509664297444267,0.4577767475370761,-3.9308520670996683,8.31356211210136,-15.122611654528884,14.889520250769284,21.999999999999996,30.012497606364242,-69.20425719379345,-76.8328699242332,FLAT
2026-10-05T12:35:00.561670+00:00,1,PERP,ICP|BITGET|HTX,ICP,BITGET,HTX,1.410161692638745,0.346875089019015,-4.707180330281816,17.63557608077535,-5.934718100891745,8.76147668547489,21.999999999999996,14.69411986001649,-43.92165763062641,-56.16277687577319,FLAT
2026-10-05T12:35:01.368818+00:00,1,PERP,ICP|HTX|MEXC,ICP,HTX,MEXC,-7.420599584446741,-0.27556025796143363,-2.5909344243946815,17.526711564945625,-11.86943620178127,-2.969121140140585,26.0,8.906923748950282,-50.18542552633687,-40.52873703320438,FLAT
2026-10-05T12:35:01.934870+00:00,1,PERP,APT|BITGET|HTX,APT,BITGET,HTX,38.47830692884191,1.6299111096323018,17.10950187217593,13.110411316532872,17.540296216813633,59.425305129261474,21.999999999999996,41.72445833253688,-69.29366398789917,-112.04026158962242,FLAT
2026-10-05T12:35:03.155936+00:00,1,PERP,ICP|HTX|OKX,ICP,HTX,OKX,-7.420599584446741,-0.003480692567027379,-7.359170285426477,17.648585112682508,-11.86943620178127,-2.969121140140585,20.0,8.906923748950282,-39.417189665305074,-39.29697289423618,FLAT
2026-10-05T12:35:03.703461+00:00,1,PERP,DOT|GATE|HTX,DOT,GATE,HTX,-9.665691741116422,-0.9693863066035395,0.4407260815296003,10.42558343748026,-38.18350295450745,18.875707405452413,20.0,57.11440563273331,-121.73863466877036,-101.54938695665612,FLAT
2026-10-05T12:35:14.106713+00:00,2,PERP,OP|GATE|OKX,OP,GATE,OKX,-1.597017785135435,-0.25767651081210985,0.07233950079256019,6.478500041260034,-12.550346016890757,9.376663286932985,20.0,21.93049275083629,-60.55317826851961,-57.234816536976716,FLAT
2026-10-05T12:35:14.466198+00:00,2,PERP,OP|BITGET|GATE,OP,BITGET,GATE,-2.9817032898216134,0.1141687238850911,-3.9308520670996683,8.31356211210136,-15.979465825793904,10.025744613166854,21.999999999999996,26.01296312552047,-66.0615768842147,-67.96955980578699,FLAT
2026-10-05T12:35:15.033195+00:00,2,PERP,ICP|BITGET|HTX,ICP,BITGET,HTX,-4.711698272876763,-0.00025618344273266487,-4.707180330281816,17.63557608077535,-15.349482157679395,5.9329575793554135,21.999999999999996,21.292469887478273,-59.93477171487585,-59.932607797115494,FLAT
2026-10-05T12:35:15.861435+00:00,2,PERP,ICP|HTX|MEXC,ICP,HTX,MEXC,0.0,0.1478277550693931,-2.5909344243946815,17.526711564945625,-8.894159501927623,8.907363420427306,26.0,17.80151312861661,-56.10473820614955,-61.299810973438596,FLAT
2026-10-05T12:35:16.502503+00:00,2,PERP,APT|BITGET|HTX,APT,BITGET,HTX,31.933547847520227,1.130707924979474,17.10950187217593,13.110411316532872,11.286487843362725,52.5904056020221,21.999999999999996,41.172437235080544,-74.99545126389374,-104.65334096492671,FLAT
2026-10-05T12:35:17.122129+00:00,2,PERP,ICP|HTX|OKX,ICP,HTX,OKX,0.0,0.41698358471456615,-7.359170285426477,17.648585112682508,-8.894159501927623,8.907363420427306,20.0,17.80151312861661,-45.33650234511775,-60.06804683447039,FLAT
2026-10-05T12:35:17.659286+00:00,2,PERP,DOT|GATE|HTX,DOT,GATE,HTX,-4.5941597303489345,-0.48293564020388363,0.4407260815296003,10.42558343748026,-38.18350295450745,29.022966242546744,20.0,67.23734762331615,-131.8615766593532,-121.8195877843333,FLAT
2026-10-05T13:00:44.219472+00:00,0,PERP,OP|GATE|OKX,OP,GATE,OKX,1.7515835440629068,0.2409200168517687,0.20988188654647807,6.399226090312763,-8.904984876622057,12.426510815330971,20.0,21.327744158924293,-56.442610922092825,-59.544373087708784,FLAT
2026-10-05T13:00:44.470402+00:00,0,PERP,OP|BITGET|GATE,OP,BITGET,GATE,-2.777275268457391,0.13250758692038048,-3.8806507380906767,8.32688523938081,-15.107063265800136,9.561741612114094,21.999999999999996,24.675654533790386,-63.902067061499835,-66.11804688399515,FLAT
2026-10-05T13:00:44.935741+00:00,0,PERP,ICP|BITGET|HTX,ICP,BITGET,HTX,-9.752212852542907,-0.26531069034967947,-5.1238125714347165,17.445208389484645,-25.45020116071384,5.957700327670068,21.999999999999996,31.438556510265265,-79.76494509954438,-70.52006940937004,FLAT
2026-10-05T13:00:45.664877+00:00,0,PERP,ICP|HTX|MEXC,ICP,HTX,MEXC,10.4321907600613,0.7409184761675105,-2.379708495275357,17.29191492376832,-2.9770765108649844,23.873470605788594,26.0,26.82252717763006,-59.419895193219695,-85.07570627869401,FLAT
2026-10-05T13:00:46.118243+00:00,0,PERP,ICP|HTX|OKX,ICP,HTX,OKX,4.470938897171983,0.6558731035086608,-7.023597491215807,17.525549266918528,-8.931229532598284,17.90510295434311,20.0,26.824301358909803,-54.731933400292284,-77.75300180446872,FLAT
2026-10-05T13:00:46.634991+00:00,0,PERP,DOT|GATE|HTX,DOT,GATE,HTX,-6.491761015605668,-0.6755466148630147,0.3214161493433077,10.085428621873165,-28.11309833820608,15.147564108428657,20.0,43.288756993806594,-97.723271481356,-84.11490495289195,FLAT
2026-10-05T13:00:47.087692+00:00,0,PERP,APT|BITGET|HTX,APT,BITGET,HTX,24.293246802362667,0.602187329504478,16.457388619532974,13.012326561698977,12.370461397208654,36.22185952858903,21.999999999999996,23.793594341696362,-55.88052156402068,-71.55806525075242,FLAT
2026-10-05T13:00:57.370070+00:00,1,PERP,OP|GATE|OKX,OP,GATE,OKX,1.7964940448522704,0.2479381312542821,0.20988188654647807,6.399226090312763,-8.696117111507418,12.306738717775545,20.0,20.999068554427126,-55.90506755248102,-59.095925385656194,FLAT
2026-10-05T13:00:57.612495+00:00,1,PERP,OP|BITGET|GATE,OP,BITGET,GATE,-1.0143936539319665,0.34421719547702645,-3.8806507380906767,8.32688523938081,-14.73205409463052,12.717899243162023,21.999999999999996,27.452730325366197,-66.30413368190604,-72.05128030661889,FLAT
2026-10-05T13:00:58.076703+00:00,1,PERP,ICP|BITGET|HTX,ICP,BITGET,HTX,-9.81607121429029,-0.2689712004634981,-5.1238125714347165,17.445208389484645,-28.420825290091933,8.80257200714718,21.999999999999996,37.25996676351046,-88.55697948216768,-79.18635134209237,FLAT
2026-10-05T13:00:58.773736+00:00,1,PERP,ICP|HTX|MEXC,ICP,HTX,MEXC,8.939213349226094,0.654578853435325,-2.379708495275357,17.29191492376832,-8.925914906278143,26.857654431513556,26.0,35.75153085248358,-74.29773726348637,-96.9888937792725,FLAT
2026-10-05T13:00:59.267468+00:00,1,PERP,ICP|HTX|OKX,ICP,HTX,OKX,4.469606674613047,0.6557970874855025,-7.023597491215807,17.525549266918528,-11.901219875035673,20.889286780065852,20.0,32.77578438324435,-63.65340676706422,-86.68866865452601,FLAT
2026-10-05T13:00:59.705268+00:00,1,PERP,DOT|GATE|HTX,DOT,GATE,HTX,-6.6582127943404235,-0.6920507997594063,0.3214161493433077,10.085428621873165,-36.395396429286244,23.128450347484897,20.0,59.56346426866071,-122.28027684729025,-108.3704984668023,FLAT
2026-10-05T13:01:00.185462+00:00,1,PERP,APT|BITGET|HTX,APT,BITGET,HTX,28.997969415771596,0.9637462399038684,16.457388619532974,13.012326561698977,17.06048211834288,40.941312939706265,21.999999999999996,23.811780058271808,-51.2086865594619,-76.2957043784451,FLAT
2026-10-05T13:01:10.469452+00:00,2,PERP,OP|GATE|OKX,OP,GATE,OKX,0.5488418218790869,0.052968895074004506,0.20988188654647807,6.399226090312763,-10.8237502179509,11.9431097651157,20.0,22.765589875059835,-59.79922197955721,-60.498817753629055,FLAT
2026-10-05T13:01:10.710416+00:00,2,PERP,OP|BITGET|GATE,OP,BITGET,GATE,1.0619580244841664,0.593572340735463,-3.8806507380906767,8.32688523938081,-15.115606808895343,17.261104577217523,21.999999999999996,32.373259095909496,-71.60821516671416,-81.51501441121769,FLAT
2026-10-05T13:01:11.160579+00:00,2,PERP,ICP|BITGET|HTX,ICP,BITGET,HTX,-5.008444084458885,0.006613190533474591,-5.1238125714347165,17.445208389484645,-23.802439750074676,13.800295503274551,21.999999999999996,37.621572026287105,-84.30019920492705,-84.54568010099636,FLAT
2026-10-05T13:01:11.868621+00:00,2,PERP,ICP|HTX|MEXC,ICP,HTX,MEXC,1.4889815366281312,0.22372825964959167,-2.379708495275357,17.29191492376832,-14.867677668747303,17.89442290485832,26.0,32.757150458644816,-77.24511963211677,-85.0312818587785,FLAT
2026-10-05T13:01:12.369412+00:00,2,PERP,ICP|HTX|OKX,ICP,HTX,OKX,1.4889815366281312,0.4857239506845244,-7.023597491215807,17.525549266918528,-14.867677668747303,17.89442290485832,20.0,32.757150458644816,-66.60123063617631,-83.67517085471894,FLAT
2026-10-05T13:01:12.807899+00:00,2,PERP,DOT|GATE|HTX,DOT,GATE,HTX,2.116153240470098,0.1779534770822119,0.3214161493433077,10.085428621873165,-27.195684743253068,31.474102679163174,20.0,58.657338389498605,-112.17443928209498,-115.81002491931847,FLAT
2026-10-05T13:01:13.277663+00:00,2,PERP,APT|BITGET|HTX,APT,BITGET,HTX,27.772447595932892,0.8695646334073057,16.457388619532974,13.012326561698977,16.694383935538237,38.856086620584485,21.999999999999996,22.100323275414702,-49.86332795940943,-72.49902127646621,FLAT
2026-10-05T13:28:46.837873+00:00,0,PERP,OP|GATE|OKX,OP,GATE,OKX,0.6738939173778213,0.01971927688769833,0.5372860312433114,6.927631622218934,-11.576231012745408,12.947631820752203,20.0,24.522187562276056,-62.63570460626478,-62.932533351784954,FLAT
2026-10-05T13:28:47.189263+00:00,0,PERP,OP|BITGET|GATE,OP,BITGET,GATE,-3.566804108645627,0.07160589182843012,-4.18710204105496,8.66266610987243,-19.33320915553316,12.2190155436952,21.999999999999996,31.563470824842323,-74.70957793932052,-75.96958840959248,FLAT
2026-10-05T13:28:47.753794+00:00,0,PERP,ICP|BITGET|HTX,ICP,BITGET,HTX,-6.542315325877013,-0.09537053479344147,-4.875821222671303,17.47388862624175,-29.700029700028274,16.63326843044155,21.999999999999996,46.36362378342082,-99.1878322607778,-95.87271343653367,FLAT
2026-10-05T13:28:48.295621+00:00,0,PERP,ICP|HTX|OKX,ICP,HTX,OKX,7.062376150330785,0.8163065039809295,-7.188941772702656,17.458292753436616,-14.836795252225476,29.046352208301762,20.0,43.85201363309406,-77.49986711261688,-106.08730761409848,FLAT
2026-10-05T13:28:48.817940+00:00,0,PERP,DOT|GATE|HTX,DOT,GATE,HTX,1.4045200356438414,0.10274518281889615,0.3744867871475889,10.025124489893031,-27.973832029286605,30.83155205428234,20.0,58.797085617115826,-113.14540443355003,-115.25415088425058,FLAT
2026-10-05T13:28:49.328100+00:00,0,PERP,APT|BITGET|HTX,APT,BITGET,HTX,26.797471267852035,0.7947964393748975,16.47466386355636,12.987988990507432,8.585125401987526,45.01585724110857,21.999999999999996,36.33336660292914,-72.22290506449797,-92.87455998048134,FLAT
2026-10-05T13:28:59.740264+00:00,1,PERP,OP|GATE|OKX,OP,GATE,OKX,-0.17260010185649044,-0.10247169188716532,0.5372860312433114,6.927631622218934,-12.099649068388896,11.776938785399427,20.0,23.876978786898512,-62.513913886530716,-61.11663154105463,FLAT
2026-10-05T13:29:00.097856+00:00,1,PERP,OP|BITGET|GATE,OP,BITGET,GATE,-1.5827532793022403,0.3006405566970504,-4.18710204105496,8.66266610987243,-15.266127743670532,12.11131326733117,21.999999999999996,27.381770694013227,-66.4607963966288,-71.68018600239935,FLAT
2026-10-05T13:29:00.618779+00:00,1,PERP,ICP|BITGET|HTX,ICP,BITGET,HTX,-12.434837433000778,-0.43258924055276265,-4.875821222671303,17.47388862624175,-32.64094955489738,7.78700920700981,21.999999999999996,40.47828672955521,-96.24341506178129,-81.14111715923632,FLAT
2026-10-05T13:29:01.241852+00:00,1,PERP,ICP|HTX|OKX,ICP,HTX,OKX,5.944419676029433,0.7522706620982068,-7.188941772702656,17.458292753436616,-11.86943620178127,23.816612086930977,20.0,35.66475229955305,-66.34524672863166,-92.67030615918668,FLAT
2026-10-05T13:29:01.706537+00:00,1,PERP,DOT|GATE|HTX,DOT,GATE,HTX,-2.733421428995353,-0.31001193244794345,0.3744867871475889,10.025124489893031,-27.973832029286605,22.52788355092905,20.0,50.515514954563685,-104.86383377099787,-98.66891171834514,FLAT
2026-10-05T13:29:02.177047+00:00,1,PERP,APT|BITGET|HTX,APT,BITGET,HTX,22.855499728844375,0.4912874402612749,16.47466386355636,12.987988990507432,3.7328689904425616,41.990322557941,21.999999999999996,38.17020976017404,-78.91200463328784,-91.68586845455867,FLAT
2026-10-05T13:29:12.537568+00:00,2,PERP,OP|GATE|OKX,OP,GATE,OKX,0.9161934991186449,0.054695094736282854,0.5372860312433114,6.927631622218934,-10.882708102911698,12.738642827330171,20.0,23.61916348350672,-61.039157617661736,-61.82052027959358,FLAT
2026-10-05T13:29:12.892899+00:00,2,PERP,OP|BITGET|GATE,OP,BITGET,GATE,-0.15940756739052375,0.46494859926256005,-4.18710204105496,8.66266610987243,-16.089342510003934,15.79105478756837,21.999999999999996,31.880892285762542,-71.78313275471152,-79.85904911438587,FLAT
2026-10-05T13:29:13.450668+00:00,2,PERP,ICP|BITGET|HTX,ICP,BITGET,HTX,-10.388839418224993,-0.31550036248224733,-4.875821222671303,17.47388862624175,-26.706231454005636,5.938242280287831,21.999999999999996,32.6784199438922,-82.50883017522654,-71.49248344685132,FLAT
2026-10-05T13:29:13.943719+00:00,2,PERP,ICP|HTX|OKX,ICP,HTX,OKX,6.75270597494837,0.7985687916080254,-7.188941772702656,17.458292753436616,-8.902077151335952,22.449409079849936,20.0,31.33027376742084,-59.04340914605414,-86.96862461997344,FLAT
2026-10-05T13:29:14.412303+00:00,2,PERP,DOT|GATE|HTX,DOT,GATE,HTX,2.4881796376075016,0.21083956140303908,0.3744867871475889,10.025124489893031,-25.831729722429753,30.83155205428234,20.0,56.649176728359045,-108.85539323793638,-113.10624199549379,FLAT
2026-10-05T13:29:14.887506+00:00,2,PERP,APT|BITGET|HTX,APT,BITGET,HTX,20.51804807167157,0.3113171878318044,16.47466386355636,12.987988990507432,1.5456090799959021,39.502029981610676,21.999999999999996,37.87869769727658,-80.80775248083704,-88.9060638153309,FLAT
2026-10-05T13:53:28.553810+00:00,0,PERP,OP|GATE|OKX,OP,GATE,OKX,-2.2199485325902213,-0.3819099834930322,0.20696686034444364,6.354679107201038,-15.798777023035004,11.387683531436377,20.0,27.192466625232875,-69.19821050861232,-64.37318329632481,FLAT
2026-10-05T13:53:29.107444+00:00,0,PERP,OP|BITGET|GATE,OP,BITGET,GATE,1.6790201463989796,0.6755397382464495,-3.9093019278972014,8.272380968738004,-15.070901471107012,18.452627351634998,21.999999999999996,33.51788436770386,-72.67948391091366,-83.87981364723606,FLAT
2026-10-05T13:53:29.629872+00:00,0,PERP,ICP|BITGET|HTX,ICP,BITGET,HTX,7.496184426094565,0.7142814297285854,-4.95841943194214,17.43654999230379,-7.5181847735394935,22.519842469430618,21.999999999999996,30.01552418003259,-60.57528952162994,-85.49378608140535,FLAT
2026-10-05T13:53:30.147222+00:00,0,PERP,ICP|HTX|OKX,ICP,HTX,OKX,-10.42597557342817,-0.180580883091597,-7.271884331746896,17.466362926586243,-23.802439750074676,2.982403817477497,20.0,26.81276045785345,-69.34331587618124,-63.067048607077844,FLAT
2026-10-05T13:53:30.629740+00:00,0,PERP,APT|BITGET|HTX,APT,BITGET,HTX,38.211816732471874,1.6766015405759302,16.508678285701343,12.944720568081594,12.605424624601014,63.83656438428531,21.999999999999996,51.03611491610689,-82.9393685772072,-126.36400101469084,FLAT
2026-10-05T13:53:31.106600+00:00,0,PERP,DOT|GATE|HTX,DOT,GATE,HTX,9.312751716756829,0.8722427727448236,0.4898427692146607,10.115198684625074,-25.68626905643079,44.34084144407269,20.0,69.96194461170992,-122.13805643735537,-139.81294328656796,FLAT
2026-10-05T13:53:41.505064+00:00,1,PERP,OP|GATE|OKX,OP,GATE,OKX,-0.6878326985115812,-0.14080955839958148,0.20696686034444364,6.354679107201038,-13.796225639175486,12.448558841100521,20.0,26.246559934879205,-66.24975243439913,-64.48815191563529,FLAT
2026-10-05T13:53:41.843716+00:00,1,PERP,OP|BITGET|GATE,OP,BITGET,GATE,0.03901455896349049,0.477289005641991,-3.9093019278972014,8.272380968738004,-15.343593637111574,15.435409652626575,21.999999999999996,30.778877031715005,-70.21316874092938,-78.12358861223878,FLAT
2026-10-05T13:53:42.347521+00:00,1,PERP,ICP|BITGET|HTX,ICP,BITGET,HTX,11.049231604582932,0.9180515092487098,-4.95841943194214,17.43654999230379,-4.73898092399283,26.84964200477591,21.999999999999996,31.553753745276644,-59.33431523732733,-91.36181518199469,FLAT
2026-10-05T13:53:42.860702+00:00,1,PERP,ICP|HTX|OKX,ICP,HTX,OKX,-13.404825737265424,-0.35112870557517933,-7.271884331746896,17.466362926586243,-26.77774471883554,0.0,20.0,26.813649931128925,-72.31951031821757,-60.08553426287582,FLAT
2026-10-05T13:53:43.323781+00:00,1,PERP,APT|BITGET|HTX,APT,BITGET,HTX,39.84167801870164,1.8025108854441843,16.508678285701343,12.944720568081594,15.705837910113818,63.99066147105836,21.999999999999996,48.09320857019386,-76.89604894578137,-123.57519175555086,FLAT
2026-10-05T13:53:43.808329+00:00,1,PERP,DOT|GATE|HTX,DOT,GATE,HTX,9.312751716756829,0.8722427727448236,0.4898427692146607,10.115198684625074,-25.68626905643079,44.34084144407269,20.0,69.96194461170992,-122.13805643735537,-139.81294328656796,FLAT
2026-10-05T13:53:54.189728+00:00,2,PERP,OP|GATE|OKX,OP,GATE,OKX,-0.8349411709152044,-0.1639591887620213,0.20696686034444364,6.354679107201038,-12.859135764365925,11.21302474246244,20.0,24.074147082244465,-63.14024970695483,-61.080204964362466,FLAT
2026-10-05T13:53:54.547741+00:00,2,PERP,OP|BITGET|GATE,OP,BITGET,GATE,-0.5300019583021065,0.4085039098617124,-3.9093019278972014,8.272380968738004,-17.885703438250687,16.851526458376842,21.999999999999996,34.73905187099674,-76.71545338135022,-83.49988025727077,FLAT
2026-10-05T13:53:55.032489+00:00,2,PERP,ICP|BITGET|HTX,ICP,BITGET,HTX,11.072413243988777,0.9193809946925663,-4.95841943194214,17.43654999230379,-4.692708524590694,26.84964200477591,21.999999999999996,31.507459521095573,-59.24174861374412,-91.31552095781362,FLAT
2026-10-05T13:53:55.540183+00:00,2,PERP,ICP|HTX|OKX,ICP,HTX,OKX,-13.404825737265424,-0.35112870557517933,-7.271884331746896,17.466362926586243,-26.77774471883554,0.0,20.0,26.813649931128925,-72.31951031821757,-60.08553426287582,FLAT
2026-10-05T13:53:56.047813+00:00,2,PERP,APT|BITGET|HTX,APT,BITGET,HTX,38.072799288524365,1.6658622246350137,16.508678285701343,12.944720568081594,15.297233556970102,60.862960963052885,21.999999999999996,45.392899256354625,-74.60434398508586,-117.74718193370617,FLAT
2026-10-05T13:53:56.506204+00:00,2,PERP,DOT|GATE|HTX,DOT,GATE,HTX,13.816401769284337,1.3174787184680625,0.4898427692146607,10.115198684625074,-24.972933068693195,52.670146571833776,20.0,77.53589949439201,-128.99867533229985,-155.71620329701113,FLAT
2026-10-05T14:15:34.419127+00:00,0,PERP,OP|GATE|OKX,OP,GATE,OKX,1.2183945938581964,0.17989525440038728,0.09097708089316699,6.267077565346839,-9.834397043977372,12.290996160482237,20.0,22.122680052298655,-58.04805417716919,-60.322699131887724,FLAT
2026-10-05T14:15:34.656625+00:00,0,PERP,OP|BITGET|GATE,OP,BITGET,GATE,-2.081472371221471,0.20218298179401029,-3.764886936389276,8.326193185155985,-14.649573415818073,10.495924606099827,21.999999999999996,25.15072964023109,-64.03541611965989,-67.4115411827202,FLAT
2026-10-05T14:15:35.057507+00:00,0,PERP,ICP|BITGET|HTX,ICP,BITGET,HTX,-3.921542734386385,0.0660151392358243,-5.0749483959742125,17.471835626484765,-20.22318537859169,12.39543491141415,21.999999999999996,32.63140962729142,-75.7796466099089,-78.10179293467978,FLAT
2026-10-05T14:15:35.759918+00:00,0,PERP,ICP|HTX|MEXC,ICP,HTX,MEXC,-1.4518002322871926,0.06065707365638698,-2.500668442403499,17.291770718415858,-14.501160092806886,11.627906976743319,26.0,26.13282578717603,-70.13331743757942,-72.26140120632284,FLAT
2026-10-05T14:15:36.321492+00:00,0,PERP,ICP|HTX|OKX,ICP,HTX,OKX,1.4518002322883028,0.49805059279370234,-7.2294595542531095,17.43047777103496,-11.600928074245731,14.534883720929148,20.0,26.131982697592477,-56.503451217585095,-73.89632597277473,FLAT
2026-10-05T14:15:36.768256+00:00,0,PERP,APT|BITGET|HTX,APT,BITGET,HTX,34.75394690570344,1.3512928761433745,17.054694184704786,13.098013786258376,9.113722657581036,60.41167946264858,21.999999999999996,51.12028765308469,-87.06125918020844,-122.47727293102848,FLAT
2026-10-05T14:15:37.200825+00:00,0,PERP,DOT|GATE|HTX,DOT,GATE,HTX,-15.007129818616072,-1.5119762977763622,0.16761799727078708,10.036366203758684,-41.835900353889286,11.843740198156372,20.0,53.76031024936475,-121.76382860052482,-91.43643245025034,FLAT
2026-10-05T14:15:47.469196+00:00,1,PERP,OP|GATE|OKX,OP,GATE,OKX,1.4256444158156079,0.21296486616064028,0.09097708089316699,6.267077565346839,-10.30834865609509,13.18187438271945,20.0,23.486853598206643,-59.886179335194896,-62.577750900032925,FLAT
2026-10-05T14:15:47.714971+00:00,1,PERP,OP|BITGET|GATE,OP,BITGET,GATE,-3.260368337053565,0.06059415006550309,-3.764886936389276,8.326193185155985,-16.179861659116888,9.668673760563351,21.999999999999996,25.85696221433158,-66.27193693705918,-67.2905229112842,FLAT
2026-10-05T14:15:48.165506+00:00,1,PERP,ICP|BITGET|HTX,ICP,BITGET,HTX,-8.059698344807797,-0.17083207584148385,-5.0749483959742125,17.471835626484765,-24.576691214843738,8.473568650215757,21.999999999999996,33.076910843952604,-80.57865366282212,-74.62542789014257,FLAT
2026-10-05T14:15:48.895367+00:00,1,PERP,ICP|HTX|MEXC,ICP,HTX,MEXC,1.4518002322883028,0.22857512622940312,-2.500668442403499,17.291770718415858,-11.600928074245731,14.534883720929148,26.0,26.131982697592477,-67.23224232943471,-75.16753486092512,FLAT
2026-10-05T14:15:49.369012+00:00,1,PERP,ICP|HTX|OKX,ICP,HTX,OKX,4.355400696864908,0.6646323986809543,-7.2294595542531095,17.43047777103496,-8.700696055684576,17.441860465114978,20.0,26.131140097394827,-53.6023765988263,-76.80246011676292,FLAT
2026-10-05T14:15:49.831964+00:00,1,PERP,APT|BITGET|HTX,APT,BITGET,HTX,31.580660647059222,1.1090205507032052,17.054694184704786,13.098013786258376,15.190445580732792,47.98271518394736,21.999999999999996,32.689031208491905,-62.55327981246389,-91.61705220773447,FLAT
2026-10-05T14:15:50.276647+00:00,1,PERP,DOT|GATE|HTX,DOT,GATE,HTX,-14.305641472732722,-1.4420816435118897,0.16761799727078708,10.036366203758684,-41.835900353889286,13.247294722165126,20.0,55.16209866061621,-123.16561701177628,-94.24177538551055,FLAT
2026-10-05T14:16:00.570679+00:00,2,PERP,OP|GATE|OKX,OP,GATE,OKX,1.8941195004229527,0.28771662720437297,0.09097708089316699,6.267077565346839,-9.281900326366666,13.091159861096102,20.0,22.368803518996344,-57.74168092625618,-61.36898629919928,FLAT
2026-10-05T14:16:00.809055+00:00,2,PERP,OP|BITGET|GATE,OP,BITGET,GATE,-4.5300529753744545,-0.09189866508854534,-3.764886936389276,8.326193185155985,-17.608884735190735,8.558445326762865,21.999999999999996,26.1791858008631,-68.02318359966455,-66.50251806401523,FLAT
2026-10-05T14:16:01.196027+00:00,2,PERP,ICP|BITGET|HTX,ICP,BITGET,HTX,-10.411057340850016,-0.30541203906400294,-5.0749483959742125,17.471835626484765,-27.969161739129778,7.168032743105623,21.999999999999996,35.17380159506816,-86.06801493822371,-75.41678273414799,FLAT
2026-10-05T14:16:01.994521+00:00,2,PERP,ICP|HTX|MEXC,ICP,HTX,MEXC,4.355400696864908,0.39649317880248347,-2.500668442403499,17.291770718415858,-8.700696055684576,17.441860465114978,26.0,26.131140097394827,-64.3311677106759,-78.0736690049133,FLAT
2026-10-05T14:16:03.075405+00:00,2,PERP,ICP|HTX|OKX,ICP,HTX,OKX,4.355400696864908,0.6646323986809543,-7.2294595542531095,17.43047777103496,-8.700696055684576,17.441860465114978,20.0,26.131140097394827,-53.6023765988263,-76.80246011676292,FLAT
2026-10-05T14:16:03.473858+00:00,2,PERP,APT|BITGET|HTX,APT,BITGET,HTX,24.331606908962744,0.5555737566784701,17.054694184704786,13.098013786258376,6.541817660832283,42.135160481346915,21.999999999999996,35.5069433987738,-74.0198199226463,-88.58740969541593,FLAT
2026-10-05T14:16:04.079967+00:00,2,PERP,DOT|GATE|HTX,DOT,GATE,HTX,-11.48038333825041,-1.1605795463261341,0.16761799727078708,10.036366203758684,-41.97036281621824,19.05977653816615,20.0,61.10024351665738,-129.2382243301464,-105.99240205755274,FLAT
2026-10-05T14:41:52.665949+00:00,0,PERP,OP|GATE|OKX,OP,GATE,OKX,1.3097911813364504,0.18916152695096417,0.12261081592958765,6.276013862557858,-11.069518212285523,13.713821434309104,20.0,24.780069316430808,-61.97219834464592,-64.37127993481033,FLAT
2026-10-05T14:41:52.919761+00:00,0,PERP,OP|BITGET|GATE,OP,BITGET,GATE,-4.8345859461396135,-0.12485000601979865,-3.7963097619297486,8.316188499383937,-22.324722853280797,12.681507368539346,21.999999999999996,35.02314321526917,-81.55155630662023,-79.50096034573826,FLAT
2026-10-05T14:41:53.385880+00:00,0,PERP,ICP|BITGET|HTX,ICP,BITGET,HTX,-16.24744133580269,-0.642277724031832,-5.036952438374672,17.454270135752697,-41.15226337448652,8.678995586937077,21.999999999999996,49.912344374433026,-114.02765531054487,-91.62829239974477,FLAT
2026-10-05T14:41:54.098152+00:00,0,PERP,ICP|HTX|MEXC,ICP,HTX,MEXC,16.200294550809957,1.062728563922387,-2.2564698784895607,17.367336360263156,-5.8788947677845815,38.37072018890275,26.0,44.177857410296305,-79.80028229959132,-116.80504747768862,FLAT
2026-10-05T14:41:54.517662+00:00,0,PERP,ICP|HTX|OKX,ICP,HTX,OKX,10.309278350515427,0.9957464315560355,-7.107360272296124,17.491037949887378,-11.757789535566943,32.467532467532756,20.0,44.179588023218614,-74.83001728648944,-109.7544807630475,FLAT
2026-10-05T14:41:54.982404+00:00,0,PERP,APT|BITGET|HTX,APT,BITGET,HTX,2.2038742678187617,-0.9951581640970395,16.114239283613838,13.97804441308754,-17.072075872711643,21.48684610203233,21.999999999999996,38.55042466717941,-99.73673982350489,-71.9230314855979,FLAT
2026-10-05T14:41:55.445188+00:00,0,PERP,DOT|GATE|HTX,DOT,GATE,HTX,-9.632664703014271,-0.8985062882952835,-0.18143967137985223,10.51881901635438,-28.31227921709867,9.062594379343203,20.0,37.41090371703051,-91.54174326274932,-72.65493776775357,FLAT
2026-10-05T14:42:05.716190+00:00,1,PERP,OP|GATE|OKX,OP,GATE,OKX,-0.6619797763784963,-0.12501415858701043,0.12261081592958765,6.276013862557858,-11.229922859052888,9.922606810377488,20.0,21.153916920294837,-58.50645059527731,-56.95391291474273,FLAT
2026-10-05T14:42:05.944152+00:00,1,PERP,OP|BITGET|GATE,OP,BITGET,GATE,-2.7997657696166023,0.119831818673539,-3.7963097619297486,8.316188499383937,-17.44509713400899,11.863323207941256,21.999999999999996,29.316617549059167,-70.9654049211384,-72.97625051893016,FLAT
2026-10-05T14:42:06.399662+00:00,1,PERP,ICP|BITGET|HTX,ICP,BITGET,HTX,-16.159835463493977,-0.637258558427808,-5.036952438374672,17.454270135752697,-44.05286343612258,11.757789535566943,21.999999999999996,55.90097719058456,-122.91688818833246,-100.69571916452617,FLAT
2026-10-05T14:42:07.113611+00:00,1,PERP,ICP|HTX|MEXC,ICP,HTX,MEXC,13.243084167156027,0.8924543018069775,-2.2564698784895607,17.367336360263156,-11.743981209629828,38.3480825958693,26.0,50.02553691305615,-91.51304824419643,-122.63008938741501,FLAT
2026-10-05T14:42:07.616091+00:00,1,PERP,ICP|HTX|OKX,ICP,HTX,OKX,8.423278868032735,0.8879198126963562,-7.107360272296124,17.491037949887378,-17.615971814445295,34.58542866877412,20.0,52.1571776933529,-88.66578923550207,-119.84996663442315,FLAT
2026-10-05T14:42:08.028378+00:00,1,PERP,APT|BITGET|HTX,APT,BITGET,HTX,9.688092578215013,-0.4597314556664358,16.114239283613838,13.97804441308754,-10.571308478609653,29.958806640870694,21.999999999999996,40.490884018431764,-95.17643178065525,-82.33545137568862,FLAT
2026-10-05T14:42:08.474399+00:00,1,PERP,DOT|GATE|HTX,DOT,GATE,HTX,-5.648821395194403,-0.5197714415766648,-0.18143967137985223,10.51881901635438,-28.31227921709867,17.05172243036568,20.0,45.38961110952915,-99.52045065524796,-88.62277321127468,FLAT
2026-10-05T14:42:18.714882+00:00,2,PERP,OP|GATE|OKX,OP,GATE,OKX,3.761629092333685,0.5798295472408302,0.12261081592958765,6.276013862557858,-8.348239501919652,15.895169701902745,20.0,24.23427005620523,-58.705120374054474,-66.00682894217839,FLAT
2026-10-05T14:42:18.946138+00:00,2,PERP,OP|BITGET|GATE,OP,BITGET,GATE,-2.2207169156918116,0.1894609347003927,-3.7963097619297486,8.316188499383937,-17.996426435037407,13.570732608487734,21.999999999999996,31.57416292302066,-73.77427959612831,-76.94120529343813,FLAT
2026-10-05T14:42:19.410662+00:00,2,PERP,ICP|BITGET|HTX,ICP,BITGET,HTX,-15.271438883555088,-0.5863600348556806,-5.036952438374672,17.454270135752697,-43.06125110131953,12.54228856218731,21.999999999999996,55.6885738427,-121.71287250564485,-101.26781484326197,FLAT
2026-10-05T14:42:20.117018+00:00,2,PERP,ICP|HTX|MEXC,ICP,HTX,MEXC,13.243084167156027,0.8924543018069775,-2.2564698784895607,17.367336360263156,-11.743981209629828,38.3480825958693,26.0,50.02553691305615,-91.51304824419643,-122.63008938741501,FLAT
2026-10-05T14:42:20.621034+00:00,2,PERP,ICP|HTX|OKX,ICP,HTX,OKX,10.300176574455921,0.995226063577555,-7.107360272296124,17.491037949887378,-14.679976512038673,35.39823008849474,20.0,50.02640094816839,-83.59901718791093,-118.53199130895925,FLAT
2026-10-05T14:42:21.026985+00:00,2,PERP,APT|BITGET|HTX,APT,BITGET,HTX,12.237093999345472,-0.2773739422832441,16.114239283613838,13.97804441308754,-6.6631625961821594,31.147471648564906,21.999999999999996,37.76441886122657,-88.54182074102255,-80.79765122617763,FLAT
2026-10-05T14:42:21.975590+00:00,2,PERP,DOT|GATE|HTX,DOT,GATE,HTX,-9.93278838220979,-0.9270383581720343,-0.18143967137985223,10.51881901635438,-28.31227921709867,8.462095661085911,20.0,36.81093195454069,-90.9417715002595,-71.45446728700645,FLAT
2026-10-05T15:27:49.737033+00:00,0,PERP,OP|GATE|OKX,OP,GATE,OKX,-1.7652768377640626,-0.3035535269287659,0.14352744837144008,6.288196699435605,-12.91060556889767,9.399475725071493,20.0,22.314003422333133,-61.36813643960224,-57.56995169903318,FLAT
2026-10-05T15:27:50.071983+00:00,0,PERP,OP|BITGET|GATE,OP,BITGET,GATE,1.2996723505986907,0.672084827231373,-4.193144964475691,8.172803629121976,-14.688297832966546,17.311515450912918,21.999999999999996,31.995637089409648,-70.49078995790049,-81.50029750479825,FLAT
2026-10-05T15:27:50.578042+00:00,0,PERP,ICP|BITGET|HTX,ICP,BITGET,HTX,-4.33025404157239,0.031145245964893514,-4.873601789872601,17.44560787584291,-25.974025974027093,17.326017903551705,21.999999999999996,43.31879840921822,-92.41922259337271,-93.51841810264253,FLAT
2026-10-05T15:27:51.367368+00:00,0,PERP,ICP|HTX|MEXC,ICP,HTX,MEXC,2.220446049250313e-12,0.13749346962597836,-2.3802936229271507,17.31204856059311,-20.178725857594728,20.254629629630205,26.0,40.43321299638928,-90.23164523105685,-95.06813624894663,FLAT
2026-10-05T15:27:51.848957+00:00,0,PERP,APT|BITGET|HTX,APT,BITGET,HTX,18.89047290494661,0.1581190806259945,16.76982981507608,13.411683659397017,2.245385525934118,35.5468411091886,21.999999999999996,33.23866235682358,-75.76310664596554,-80.0156736509361,FLAT
2026-10-05T15:27:52.336980+00:00,0,PERP,ICP|HTX|OKX,ICP,HTX,OKX,-5.776173285199082,0.08089429843138086,-7.187312175416084,17.444231763923508,-25.944076102623058,14.467592592593004,20.0,40.43488216942359,-85.19164609663056,-88.08978693743268,FLAT
2026-10-05T15:27:52.670936+00:00,0,SPOT,ICP|BITGET|HTX,ICP,BITGET,HTX,-35.48800922098083,-1.4492946017346726,-5.647779580216243,20.589485122657994,-94.04407195390374,23.108030040439598,60.0,117.56931845866447,-271.96561083235196,-212.3251280793203,FLAT
2026-10-05T15:27:53.155461+00:00,0,PERP,DOT|GATE|HTX,DOT,GATE,HTX,-13.981900775025258,-1.3329020123178272,0.17731118678922397,10.622845363698238,-45.481345873276126,17.54385964912286,20.0,63.113439119122376,-134.7720961791877,-106.47998758145602,FLAT
2026-10-05T15:28:03.535615+00:00,1,PERP,OP|GATE|OKX,OP,GATE,OKX,-0.3064988222190035,-0.07156682465592011,0.14352744837144008,6.288196699435605,-12.536582797939566,11.946968943996605,20.0,24.484279848800988,-63.164390095112,-62.28772134442615,FLAT
2026-10-05T15:28:03.919250+00:00,1,PERP,OP|BITGET|GATE,OP,BITGET,GATE,-2.138521711199104,0.251397604361298,-4.193144964475691,8.172803629121976,-15.422640610059934,11.155540390428431,21.999999999999996,26.583862297291535,-65.81335794287577,-69.93254765219565,FLAT
2026-10-05T15:28:04.388102+00:00,1,PERP,ICP|BITGET|HTX,ICP,BITGET,HTX,-7.8999986572481085,-0.17347614877703324,-4.873601789872601,17.44560787584291,-31.69312858378848,15.91718117239349,21.999999999999996,47.64793947338418,-102.46746626730004,-96.43872243565026,FLAT
2026-10-05T15:28:05.097639+00:00,1,PERP,ICP|HTX|MEXC,ICP,HTX,MEXC,2.220446049250313e-12,0.13749346962597836,-2.3802936229271507,17.31204856059311,-20.178725857594728,20.254629629630205,26.0,40.43321299638928,-90.23164523105685,-95.06813624894663,FLAT
2026-10-05T15:28:05.628026+00:00,1,PERP,APT|BITGET|HTX,APT,BITGET,HTX,12.405990583785886,-0.32537594399884534,16.76982981507608,13.411683659397017,-5.820648726450051,30.64100992768992,21.999999999999996,36.41647847923409,-87.00695702076021,-78.28765859184793,FLAT
2026-10-05T15:28:06.139869+00:00,1,PERP,ICP|HTX|OKX,ICP,HTX,OKX,-2.888086642598431,0.24645542383293143,-7.187312175416084,17.444231763923508,-23.06140098011,17.361111111111605,20.0,40.43404734180226,-82.30813614649617,-90.98247062832993,FLAT
2026-10-05T15:28:06.476275+00:00,1,SPOT,ICP|BITGET|HTX,ICP,BITGET,HTX,-17.19742248345146,-0.5609486023778831,-5.647779580216243,20.589485122657994,-57.76367803082771,23.405189526148895,60.0,81.30868124680029,-199.42457969741176,-176.36165035316543,FLAT
2026-10-05T15:28:06.953408+00:00,1,PERP,DOT|GATE|HTX,DOT,GATE,HTX,-13.981900775025258,-1.3329020123178272,0.17731118678922397,10.622845363698238,-45.481345873276126,17.54385964912286,20.0,63.113439119122376,-134.7720961791877,-106.47998758145602,FLAT
2026-10-05T15:28:17.344868+00:00,2,PERP,OP|GATE|OKX,OP,GATE,OKX,-1.0554865970968663,-0.19067693056992374,0.14352744837144008,6.288196699435605,-13.075409830082263,10.987354021798623,20.0,24.065282083622336,-63.28421936207604,-60.909108657049515,FLAT
2026-10-05T15:28:17.700637+00:00,2,PERP,OP|BITGET|GATE,OP,BITGET,GATE,-3.4608962764914875,0.08959577657965465,-4.193144964475691,8.172803629121976,-16.472805953248184,9.560752853614574,21.999999999999996,26.042568225962327,-66.32222921473482,-67.7964660440526,FLAT
2026-10-05T15:28:18.170228+00:00,2,PERP,ICP|BITGET|HTX,ICP,BITGET,HTX,-6.675303029026747,-0.10327534884290147,-4.873601789872601,17.44560787584291,-29.683724257284496,16.352734507649735,21.999999999999996,46.06720165943048,-98.87732412684238,-95.29353795695282,FLAT
2026-10-05T15:28:18.880788+00:00,2,PERP,ICP|HTX|MEXC,ICP,HTX,MEXC,2.888086642598431,0.30431870885100426,-2.3802936229271507,17.31204856059311,-17.29605073508167,23.148148148148806,26.0,40.432379132770805,-87.34813624492533,-97.96082090384677,FLAT
2026-10-05T15:28:19.425124+00:00,2,PERP,APT|BITGET|HTX,APT,BITGET,HTX,20.488805325522552,0.2772937093428042,16.76982981507608,13.411683659397017,10.073317889829347,30.90957898539415,21.999999999999996,20.79365603737638,-55.49016796262311,-62.93340520769445,FLAT
2026-10-05T15:28:19.955871+00:00,2,PERP,ICP|HTX|OKX,ICP,HTX,OKX,-2.888086642598431,0.24645542383293143,-7.187312175416084,17.444231763923508,-23.06140098011,17.361111111111605,20.0,40.43404734180226,-82.30813614649617,-90.98247062832993,FLAT
2026-10-05T15:28:20.296037+00:00,2,SPOT,ICP|BITGET|HTX,ICP,BITGET,HTX,-17.093207314547996,-0.5558870300130269,-5.647779580216243,20.589485122657994,-57.76367803082771,23.614563571221492,60.0,81.51756416771858,-199.63346261833004,-176.7799073191563,FLAT
2026-10-05T15:28:20.767507+00:00,2,PERP,DOT|GATE|HTX,DOT,GATE,HTX,-9.765638520768949,-0.9359968414429252,0.17731118678922397,10.622845363698238,-45.39175520538841,25.91973244147283,20.0,71.38114665873049,-142.95021305090813,-123.12356791341409,FLAT
2026-10-05T16:08:45.736486+00:00,0,PERP,OP|GATE|OKX,OP,GATE,OKX,-1.3016698096857127,-0.237336640589715,0.19523638082447678,6.307101115069285,-16.301906537170563,13.734605552175871,20.0,30.04037911465647,-72.53752203265151,-69.57974828600787,FLAT
2026-10-05T16:08:46.090127+00:00,0,PERP,OP|BITGET|GATE,OP,BITGET,GATE,0.2625266304878693,0.5227927518123406,-3.984913278170413,8.124519504017387,-15.142217798984614,15.678784321866424,21.999999999999996,30.82018870801383,-69.97749322882802,-78.48388630805067,FLAT
2026-10-05T16:08:46.566562+00:00,0,PERP,ICP|BITGET|HTX,ICP,BITGET,HTX,-4.295591205806248,0.06087554186476701,-5.358515184648875,17.460608091240932,-25.914195220270166,17.34181285673042,21.999999999999996,43.27458890042224,-91.83026893604352,-93.97491694180152,FLAT
2026-10-05T16:08:47.305214+00:00,0,PERP,ICP|HTX|MEXC,ICP,HTX,MEXC,-1.4409221902011993,0.040020717966498545,-2.1376779665244667,17.409876976882916,-20.138089758343636,17.3210161662829,26.0,37.46439225644071,-87.46480404825988,-88.92308638924807,FLAT
2026-10-05T16:08:47.789074+00:00,0,PERP,APT|BITGET|HTX,APT,BITGET,HTX,8.926904944739356,-0.5634271475136432,16.414836834734697,13.289973553881735,-13.468983117241873,31.3377709799445,21.999999999999996,44.766786205845435,-102.65060615782201,-87.68972035105524,FLAT
2026-10-05T16:08:48.294692+00:00,0,PERP,ICP|HTX|OKX,ICP,HTX,OKX,-3.331803884047968,0.21838192677817275,-7.14280142934429,17.451066585594532,-23.014959723821615,16.41953840782584,20.0,39.44752337115994,-81.31968166563728,-89.00986320833007,FLAT
2026-10-05T16:08:48.793439+00:00,0,PERP,DOT|GATE|HTX,DOT,GATE,HTX,-13.810378764711473,-1.323681008985452,-0.0674880287073835,10.382328251832712,-45.02085537997247,17.45242052718643,20.0,62.55962930342816,-133.51299665469324,-106.07953785932196,FLAT
2026-10-05T16:08:49.279325+00:00,0,PERP,ARB|GATE|HTX,ARB,GATE,HTX,24.79332336822626,-0.45668787134956157,30.547307494046485,12.599380204288293,5.333831516083354,44.274152678067665,20.0,38.8440022791229,-90.05747825708602,-78.57084746314408,FLAT
2026-10-05T16:08:59.649770+00:00,1,PERP,OP|GATE|OKX,OP,GATE,OKX,-0.07406861142200682,-0.04269869585617469,0.19523638082447678,6.307101115069285,-14.928293672803461,14.813999595491012,20.0,29.74247505725587,-70.8660051108838,-70.3612382719224,FLAT
2026-10-05T16:08:59.996099+00:00,1,PERP,OP|BITGET|GATE,OP,BITGET,GATE,-1.1932310197415585,0.343611983090007,-3.984913278170413,8.124519504017387,-19.152741229097046,16.791750379356873,21.999999999999996,35.948763076838674,-79.11659102776531,-84.72542673436595,FLAT
2026-10-05T16:09:00.489623+00:00,1,PERP,ICP|BITGET|HTX,ICP,BITGET,HTX,-0.7218591926849705,0.26554951395363324,-5.358515184648875,17.460608091240932,-21.607386635944525,20.178725857595836,21.999999999999996,41.78912365384538,-86.03799510514102,-95.3263646960901,FLAT
2026-10-05T16:09:01.197647+00:00,1,PERP,ICP|HTX|MEXC,ICP,HTX,MEXC,-4.322766570605818,-0.1255085608578822,-2.1376779665244667,17.409876976882916,-23.014959723821615,14.434180138567232,26.0,37.46522323804417,-90.3425049953413,-86.03708134313587,FLAT
2026-10-05T16:09:01.714205+00:00,1,PERP,APT|BITGET|HTX,APT,BITGET,HTX,16.31717449640968,-0.00734857281160582,16.414836834734697,13.289973553881735,-9.756859190961364,42.411874298708966,21.999999999999996,52.083739356646674,-106.25543538234274,-106.08077682062094,FLAT
2026-10-05T16:09:02.900049+00:00,1,PERP,ICP|HTX|OKX,ICP,HTX,OKX,-3.246817737347918,0.22325189540061813,-7.14280142934429,17.451066585594532,-23.014959723821615,16.58980511050956,20.0,39.61750950687755,-81.48966780135488,-89.3501160467314,FLAT
2026-10-05T16:09:03.361972+00:00,1,PERP,DOT|GATE|HTX,DOT,GATE,HTX,-13.810378764711473,-1.323681008985452,-0.0674880287073835,10.382328251832712,-45.02085537997247,17.45242052718643,20.0,62.55962930342816,-133.51299665469324,-106.07953785932196,FLAT
2026-10-05T16:09:04.620680+00:00,1,PERP,ARB|GATE|HTX,ARB,GATE,HTX,28.653786814383242,-0.1502868116495738,30.547307494046485,12.599380204288293,7.350512834376488,49.98719180888011,20.0,42.514836574779586,-91.71163123444958,-87.95472088961321,FLAT
2026-10-05T16:09:14.989480+00:00,2,PERP,OP|GATE|OKX,OP,GATE,OKX,3.025258045881163,0.44870402637037754,0.19523638082447678,6.307101115069285,-11.140403294828127,17.22214806908484,20.0,28.353939181201522,-65.68957885685413,-71.3808508694619,FLAT
2026-10-05T16:09:15.332837+00:00,2,PERP,OP|BITGET|GATE,OP,BITGET,GATE,-2.6788608950878423,0.16075441537641186,-3.984913278170413,8.124519504017387,-17.315485933167007,11.968703324634067,21.999999999999996,29.292032099375795,-70.62260475437239,-73.24564870218026,FLAT
2026-10-05T16:09:15.832798+00:00,2,PERP,ICP|BITGET|HTX,ICP,BITGET,HTX,-3.666785487442814,0.09688836083863042,-5.358515184648875,17.460608091240932,-30.32897062374529,23.014959723819395,21.999999999999996,53.36349042253029,-106.3339458616267,-109.73696533099856,FLAT
2026-10-05T16:09:16.590820+00:00,2,PERP,ICP|HTX|MEXC,ICP,HTX,MEXC,-1.4384349827378795,0.04016357982971689,-2.1376779665244667,17.409876976882916,-25.832376578643903,23.068050749712743,26.0,48.90720329169191,-104.60190190381134,-106.11293200792912,FLAT
2026-10-05T16:09:17.082848+00:00,2,PERP,APT|BITGET|HTX,APT,BITGET,HTX,8.883118548428381,-0.566721841527401,16.414836834734697,13.289973553881735,-8.454513133671071,26.23191922343615,21.999999999999996,34.65564374153112,-87.5249937099369,-72.47272613023257,FLAT
2026-10-05T16:09:17.603504+00:00,2,PERP,ICP|HTX|OKX,ICP,HTX,OKX,1.4396775122382799,0.4918025439583857,-7.14280142934429,17.451066585594532,-14.376078205866616,17.301038062285112,20.0,31.672490794625727,-64.90576757114806,-82.11633028625513,FLAT
2026-10-05T16:09:18.058055+00:00,2,PERP,DOT|GATE|HTX,DOT,GATE,HTX,-17.052501149578127,-1.6359541625812601,-0.0674880287073835,10.382328251832712,-51.486760605058414,17.437678133320755,20.0,69.04212746525879,-146.4614000416098,-112.54729362728693,FLAT
2026-10-05T16:09:18.520799+00:00,2,PERP,ARB|GATE|HTX,ARB,GATE,HTX,28.404673211015474,-0.1700587051339041,30.547307494046485,12.599380204288293,7.899143436134182,48.936210486780766,20.0,40.92081632670122,-89.56898038461352,-85.30971931943549,FLAT
2026-10-05T16:54:25.819489+00:00,0,PERP,OP|GATE|OKX,OP,GATE,OKX,0.726258437533378,0.08421939121618933,0.19508535730584767,6.307016383721187,-10.321940888693426,11.793986567940618,20.0,22.11430414231475,-58.631330388314026,-59.71320535294952,FLAT
2026-10-05T16:54:26.050466+00:00,0,PERP,OP|BITGET|GATE,OP,BITGET,GATE,-1.0942358518239992,0.37975892095736097,-4.20218157590635,8.183996616188269,-15.700978363465401,13.530872823848128,21.999999999999996,29.235038650725162,-68.73383543828422,-74.96809305047964,FLAT
2026-10-05T16:54:26.883706+00:00,0,PERP,ICP|BITGET|HTX,ICP,BITGET,HTX,3.0675765603360716,0.4616106528443615,-5.0369592750328716,17.557081461249336,-15.933469474296302,22.085644838616414,21.999999999999996,38.00744761602491,-76.90395781528834,-93.1300517296742,FLAT
2026-10-05T16:54:27.709784+00:00,0,PERP,ICP|HTX|MEXC,ICP,HTX,MEXC,-4.357931435212681,-0.11627548305328943,-2.3385030585962308,17.367619756014598,-20.307513780098986,11.63805644457172,26.0,31.959430514647476,-81.92844123615023,-77.93599001781543,FLAT
2026-10-05T16:54:28.210867+00:00,0,PERP,ICP|HTX|OKX,ICP,HTX,OKX,-10.168506682161071,-0.1711183341251439,-7.1834317245430634,17.44450688396098,-26.109660574412665,5.8190282222869705,20.0,31.961121108964708,-76.8873499588343,-70.96358105579473,FLAT
2026-10-05T16:54:28.479723+00:00,0,SPOT,ICP|BITGET|HTX,ICP,BITGET,HTX,8.46416399982619,0.6814652004353984,-5.435008877110767,20.396012691560138,-41.07067533020814,58.05595522933249,60.0,99.04276641678332,-200.67843286988068,-228.53373052322655,FLAT
2026-10-05T16:54:28.954910+00:00,0,PERP,DOT|GATE|HTX,DOT,GATE,HTX,-10.130596718249674,-0.982100450550449,0.08373102954684691,10.400491866256226,-37.67580188374864,17.437678133320755,20.0,55.16936021439335,-118.92889312768884,-98.52330731816726,FLAT
2026-10-05T16:54:29.918255+00:00,0,PERP,APT|BITGET|HTX,APT,BITGET,HTX,23.296722380423684,0.4841758017174366,16.842785438371333,13.329738741918472,8.390843699963568,38.21030196906161,21.999999999999996,29.75014818602316,-66.20208992443092,-79.11766471671343,FLAT
2026-10-05T16:54:40.170637+00:00,1,PERP,OP|GATE|OKX,OP,GATE,OKX,1.0217347333152382,0.13106821446397784,0.19508535730584767,6.307016383721187,-12.100405646716661,14.171465859840193,20.0,26.269158519559394,-64.5646495235819,-66.24553902209374,FLAT
2026-10-05T16:54:40.399314+00:00,1,PERP,OP|BITGET|GATE,OP,BITGET,GATE,-2.2381542747518246,0.23998388480141858,-4.20218157590635,8.183996616188269,-16.65310632200989,12.187531169411958,21.999999999999996,28.847089920620114,-69.29801466672365,-73.23680266593841,FLAT
2026-10-05T16:54:40.936279+00:00,1,PERP,ICP|BITGET|HTX,ICP,BITGET,HTX,-1.8832516307121239,0.1796259618252255,-5.0369592750328716,17.557081461249336,-21.18480290275615,17.436791630340842,21.999999999999996,38.628860465593135,-82.77670409331641,-89.10261137096686,FLAT
2026-10-05T16:54:41.674140+00:00,1,PERP,ICP|HTX|MEXC,ICP,HTX,MEXC,-1.4526438117368201,0.05100637043557036,-2.3385030585962308,17.367619756014598,-17.406440382942144,14.547570555718536,26.0,31.958585954347893,-79.02652327869382,-80.84465956866266,FLAT
2026-10-05T16:54:42.560831+00:00,1,PERP,ICP|HTX|OKX,ICP,HTX,OKX,-4.357931435212681,0.16197077441771857,-7.1834317245430634,17.44450688396098,-20.307513780098986,11.63805644457172,20.0,31.959430514647476,-71.0835125702034,-76.78091868376227,FLAT
2026-10-05T16:54:42.792236+00:00,1,SPOT,ICP|BITGET|HTX,ICP,BITGET,HTX,2.1320163702753803,0.3710051254536324,-5.435008877110767,20.396012691560138,-45.22064223417943,49.55101894162928,60.0,94.75141357588275,-200.5370469329514,-215.73744139462278,FLAT
2026-10-05T16:54:43.623103+00:00,1,PERP,DOT|GATE|HTX,DOT,GATE,HTX,-10.130596718249674,-0.982100450550449,0.08373102954684691,10.400491866256226,-37.67580188374864,17.437678133320755,20.0,55.16936021439335,-118.92889312768884,-98.52330731816726,FLAT
2026-10-05T16:54:44.180038+00:00,1,PERP,APT|BITGET|HTX,APT,BITGET,HTX,17.768821628942888,0.06947144340191891,16.842785438371333,13.329738741918472,0.8242020000004402,34.723006971650875,21.999999999999996,33.83867493444691,-77.8572583728178,-79.71889646772644,FLAT
2026-10-05T16:54:54.418894+00:00,2,PERP,OP|GATE|OKX,OP,GATE,OKX,-0.633696312877241,-0.1314062973297845,0.19508535730584767,6.307016383721187,-13.662214710238318,12.421316584811937,20.0,26.085157389912464,-65.94245745745664,-64.31138861741856,FLAT
2026-10-05T16:54:54.651981+00:00,2,PERP,OP|BITGET|GATE,OP,BITGET,GATE,0.7415658603471265,0.6040749609395669,-4.20218157590635,8.183996616188269,-15.17329797854683,16.674791076849438,21.999999999999996,31.845716899867085,-70.81683330250756,-80.72268955262288,FLAT
2026-10-05T16:54:55.138885+00:00,2,PERP,ICP|BITGET|HTX,ICP,BITGET,HTX,4.868849121226759,0.5642058686190516,-5.0369592750328716,17.557081461249336,-13.51071574665852,23.262576330329576,21.999999999999996,36.75539097739885,-73.2291474490245,-93.0549265827613,FLAT
2026-10-05T16:54:55.881554+00:00,2,PERP,ICP|HTX|MEXC,ICP,HTX,MEXC,-7.263219058687431,-0.28355733654208526,-2.3385030585962308,17.367619756014598,-23.208587177255822,8.728542333429345,26.0,31.960275566044455,-84.83035968470405,-75.02732095807004,FLAT
2026-10-05T16:54:56.758152+00:00,2,PERP,ICP|HTX|OKX,ICP,HTX,OKX,-10.168506682161071,-0.1711183341251439,-7.1834317245430634,17.44450688396098,-26.109660574412665,5.8190282222869705,20.0,31.961121108964708,-76.8873499588343,-70.96358105579473,FLAT
2026-10-05T16:54:56.988656+00:00,2,SPOT,ICP|BITGET|HTX,ICP,BITGET,HTX,8.514719564738371,0.6839438988788986,-5.435008877110767,20.396012691560138,-38.14915944488795,55.23722790967245,60.0,93.3069023355239,-192.02105290330107,-219.97913912230712,FLAT
2026-10-05T16:54:57.574348+00:00,2,PERP,DOT|GATE|HTX,DOT,GATE,HTX,-10.130596718249674,-0.982100450550449,0.08373102954684691,10.400491866256226,-37.67580188374864,17.437678133320755,20.0,55.16936021439335,-118.92889312768884,-98.52330731816726,FLAT
2026-10-05T16:54:58.056727+00:00,2,PERP,APT|BITGET|HTX,APT,BITGET,HTX,23.080818072522824,0.4679786119539269,16.842785438371333,13.329738741918472,6.400677025610868,39.769463081691384,21.999999999999996,33.29194336006625,-71.7340517728267,-84.21862100338629,FLAT
2026-10-05T17:12:28.206009+00:00,0,PERP,OP|GATE|OKX,OP,GATE,OKX,0.37235295133886126,0.052673289327428055,0.03136800260915441,6.473583728748625,-11.838659453902167,12.6067523578266,20.0,24.444479239913427,-62.31450669642475,-63.01986359513087,FLAT
2026-10-05T17:12:28.538388+00:00,0,PERP,OP|BITGET|GATE,OP,BITGET,GATE,-1.5021717958896286,0.29266201625329485,-3.9128665952019457,8.23712906161999,-18.44445641219883,15.465428029850514,21.999999999999996,33.914960152798905,-76.44654996979578,-81.29325477785136,FLAT
2026-10-05T17:12:29.056171+00:00,0,PERP,ICP|BITGET|HTX,ICP,BITGET,HTX,5.194034731046404,0.5988647956047763,-5.277846204008204,17.486218946096766,-12.978608467154595,23.38497515346427,21.999999999999996,36.344696852149426,-72.04545911529581,-93.0075182096219,FLAT
2026-10-05T17:12:29.764849+00:00,0,PERP,ICP|HTX|MEXC,ICP,HTX,MEXC,-8.760402978537085,-0.37009170186677576,-2.333521190441618,17.365646826658633,-23.33041703120431,5.8479532163757675,26.0,29.203903660147734,-82.20079950091042,-69.38537806696512,FLAT
2026-10-05T17:12:30.796520+00:00,0,PERP,ICP|HTX|OKX,ICP,HTX,OKX,-8.760402978537085,-0.09309014267290047,-7.1360766589467,17.448961543629085,-23.33041703120431,5.8479532163757675,20.0,29.203903660147734,-71.39824403240534,-68.1879335354702,FLAT
2026-10-05T17:12:31.164680+00:00,0,SPOT,ICP|BITGET|HTX,ICP,BITGET,HTX,-14.144907197075618,-0.4647528478353485,-4.5297751357875775,20.688699608989737,-85.77327559246561,57.571143836256944,60.0,143.54741227645468,-290.7909127331327,-271.6483312484992,FLAT
2026-10-05T17:12:31.558693+00:00,0,PERP,DOT|GATE|HTX,DOT,GATE,HTX,-9.424886896207685,-0.883725216823249,-0.15053882799064772,10.494606119259318,-36.44053644944023,17.613522260693237,20.0,54.1050425177676,-116.39504013921717,-97.86910360645149,FLAT
2026-10-05T17:12:32.078369+00:00,0,PERP,APT|BITGET|HTX,APT,BITGET,HTX,23.49083209592706,0.4747469574070917,16.713099992390653,14.276515094597135,-0.3724129463100745,47.36820732456293,21.999999999999996,47.62873223346088,-92.71424517216161,-106.28383956563316,FLAT
2026-10-05T17:12:42.446322+00:00,1,PERP,OP|GATE|OKX,OP,GATE,OKX,2.0077062410028823,0.3052927591894704,0.03136800260915441,6.473583728748625,-9.844836924334244,13.881245385092278,20.0,23.721301188961217,-59.59750611590462,-63.57117857144434,FLAT
2026-10-05T17:12:42.784114+00:00,1,PERP,OP|BITGET|GATE,OP,BITGET,GATE,-1.0640513394788442,0.34585050621542973,-3.9128665952019457,8.23712906161999,-13.654039469733759,11.535374562992029,21.999999999999996,25.192091064479854,-62.93326393901167,-68.64033222267383,FLAT
2026-10-05T17:12:43.195094+00:00,1,PERP,ICP|BITGET|HTX,ICP,BITGET,HTX,-3.454821673481989,0.1042549299048521,-5.277846204008204,17.486218946096766,-30.268244379560993,23.38497515346427,21.999999999999996,53.67174920063224,-106.66214737618503,-110.3345705581047,FLAT
2026-10-05T17:12:43.869363+00:00,1,PERP,ICP|HTX|MEXC,ICP,HTX,MEXC,0.0,0.13437571394457623,-2.333521190441618,17.365646826658633,-23.33041703120431,23.432923257176164,26.0,46.7631155925764,-99.76001143333909,-104.52956004019418,FLAT
2026-10-05T17:12:44.417877+00:00,1,PERP,ICP|HTX|OKX,ICP,HTX,OKX,-2.9226947245375445,0.24146892202576567,-7.1360766589467,17.448961543629085,-26.24671916010457,20.503807850027478,20.0,46.76397005675418,-91.87461255791204,-100.40385456572835,FLAT
2026-10-05T17:12:44.789712+00:00,1,SPOT,ICP|BITGET|HTX,ICP,BITGET,HTX,-13.898347469455397,-0.4528352439124279,-4.5297751357875775,20.688699608989737,-85.21139035870596,57.497422222223534,60.0,142.9073822705425,-289.5889974934609,-270.9345796285536,FLAT
2026-10-05T17:12:45.213465+00:00,1,PERP,DOT|GATE|HTX,DOT,GATE,HTX,-1.0046803112073732,-0.08138861749649054,-0.15053882799064772,10.494606119259318,-28.04663631165716,26.060076663949605,20.0,54.1121399072609,-108.0082373909274,-106.32275539920116,FLAT
2026-10-05T17:12:45.629907+00:00,1,PERP,APT|BITGET|HTX,APT,BITGET,HTX,16.363360124720394,-0.024497565782185586,16.713099992390653,14.276515094597135,-5.598299366714743,38.337815125779606,21.999999999999996,43.864333976710256,-94.17573333581565,-93.48904911009922,FLAT
2026-10-05T17:12:55.995129+00:00,2,PERP,OP|GATE|OKX,OP,GATE,OKX,0.4252956643879813,0.06085155893318074,0.03136800260915441,6.473583728748625,-13.65244834177104,14.533817429560614,20.0,28.185033466559528,-67.86884981093972,-68.68748289351099,FLAT
2026-10-05T17:12:56.332227+00:00,2,PERP,OP|BITGET|GATE,OP,BITGET,GATE,-1.6714135316420187,0.272115812049581,-3.9128665952019457,8.23712906161999,-16.318434513487023,12.986554401608341,21.999999999999996,29.309883719461048,-69.71545163774611,-74.20930471627133,FLAT
2026-10-05T17:12:56.752346+00:00,2,PERP,ICP|BITGET|HTX,ICP,BITGET,HTX,-1.787696882377121,0.19959428235399893,-5.277846204008204,17.486218946096766,-27.000765712615895,23.442046842105935,21.999999999999996,50.45182629975574,-100.17474580836343,-107.17171934586987,FLAT
2026-10-05T17:12:57.482578+00:00,2,PERP,ICP|HTX|MEXC,ICP,HTX,MEXC,-2.9226947245375445,-0.03392753175144992,-2.333521190441618,17.365646826658633,-26.24671916010457,20.503807850027478,26.0,46.76397005675418,-102.67716802641712,-101.60129909722328,FLAT
2026-10-05T17:12:57.945634+00:00,2,PERP,ICP|HTX|OKX,ICP,HTX,OKX,-2.9226947245375445,0.24146892202576567,-7.1360766589467,17.448961543629085,-26.24671916010457,20.503807850027478,20.0,46.76397005675418,-91.87461255791204,-100.40385456572835,FLAT
2026-10-05T17:12:58.295764+00:00,2,SPOT,ICP|BITGET|HTX,ICP,BITGET,HTX,-27.70290268230835,-1.1200862298977694,-4.5297751357875775,20.688699608989737,-114.22112625215752,58.89119080432881,60.0,173.59318732245677,-349.2845384388267,-303.01415326257313,FLAT
2026-10-05T17:12:58.753845+00:00,2,PERP,DOT|GATE|HTX,DOT,GATE,HTX,-9.424886896207685,-0.883725216823249,-0.15053882799064772,10.494606119259318,-36.44053644944023,17.613522260693237,20.0,54.1050425177676,-116.39504013921717,-97.86910360645149,FLAT
2026-10-05T17:12:59.188081+00:00,2,PERP,APT|BITGET|HTX,APT,BITGET,HTX,14.484616579062415,-0.1560943548591627,16.713099992390653,14.276515094597135,-5.479677079376355,34.460134747789084,21.999999999999996,39.88204106535567,-90.07481813712268,-85.6290758207541,FLAT
2026-10-05T17:33:47.915421+00:00,0,PERP,OP|GATE|OKX,OP,GATE,OKX,1.9582206978285832,0.28597519961372136,0.10362988126514128,6.48514563174889,-10.022115576001633,13.962264649698408,20.0,23.979661044672486,-60.10540650193926,-63.83829581310575,FLAT
2026-10-05T17:33:48.172171+00:00,0,PERP,OP|BITGET|GATE,OP,BITGET,GATE,3.104076080595597,0.8584735370330286,-3.9640913062736423,8.233413241015606,-10.228913641161519,16.446949412227685,21.999999999999996,26.66758157122904,-60.93240390611691,-75.07862228973036,FLAT
2026-10-05T17:33:48.633471+00:00,0,PERP,ICP|BITGET|HTX,ICP,BITGET,HTX,0.0,0.290108885223374,-5.075559483580378,17.495360335731768,-20.26635784597608,20.283975659229903,21.999999999999996,40.55032585083341,-83.74112421322911,-93.90986099364369,FLAT
2026-10-05T17:33:49.363867+00:00,0,PERP,ICP|HTX|MEXC,ICP,HTX,MEXC,-5.792903692977136,-0.19925058512478985,-2.332816557950883,17.365505515876976,-23.134759976866093,11.604293588627357,26.0,34.759101017064715,-87.56104443597994,-80.69621116364296,FLAT
2026-10-05T17:33:49.818107+00:00,0,PERP,ICP|HTX|OKX,ICP,HTX,OKX,-11.585807385952052,-0.2456244873062602,-7.296568452590031,17.462586814538266,-28.918449971082616,5.802146794313678,20.0,34.76078182362159,-82.38266334211417,-73.8594970705253,FLAT
2026-10-05T17:33:50.070274+00:00,0,SPOT,ICP|BITGET|HTX,ICP,BITGET,HTX,7.575833452471148,0.6225775892928229,-5.016754141140248,20.226535310908215,-66.61523944162973,81.85837142857144,60.0,148.36115858159982,-275.9596438820893,-301.2362841513115,FLAT
2026-10-05T17:33:50.520961+00:00,0,PERP,DOT|GATE|HTX,DOT,GATE,HTX,8.689294854375973,0.8415817014022164,-0.06840745737621587,10.406241363328583,-16.77852348993314,34.19991625472463,20.0,50.93414562495494,-93.64426165751186,-111.20246933705579,FLAT
2026-10-05T17:33:50.971070+00:00,0,PERP,APT|BITGET|HTX,APT,BITGET,HTX,4.9312897917186405,-0.8083069053764558,16.61038818067565,14.448841536888342,-21.866888144074224,31.743952167162526,21.999999999999996,53.58441237129581,-120.06168869604568,-96.71797635778269,FLAT
2026-10-05T17:34:01.269980+00:00,1,PERP,OP|GATE|OKX,OP,GATE,OKX,-1.2600984919830527,-0.21028492661319448,0.10362988126514128,6.48514563174889,-13.092868663742152,10.59477292093769,20.0,23.690606213311494,-62.88710475831879,-60.18174925298405,FLAT
2026-10-05T17:34:01.740185+00:00,1,PERP,OP|BITGET|GATE,OP,BITGET,GATE,1.0846766231353833,0.6132047282964084,-3.9640913062736423,8.233413241015606,-12.841962889430514,15.022704354863414,21.999999999999996,27.861640502943562,-64.73951208610043,-74.84843616408061,FLAT
2026-10-05T17:34:03.108824+00:00,1,PERP,ICP|BITGET|HTX,ICP,BITGET,HTX,0.0,0.290108885223374,-5.075559483580378,17.495360335731768,-20.26635784597608,20.283975659229903,21.999999999999996,40.55032585083341,-83.74112421322911,-93.90986099364369,FLAT
2026-10-05T17:34:04.580615+00:00,1,PERP,ICP|HTX|MEXC,ICP,HTX,MEXC,-2.896451846488013,-0.03245717713324314,-2.332816557950883,17.365505515876976,-20.24291497975783,14.505366985786416,26.0,34.758261344254144,-84.6683597660611,-83.59644488799145,FLAT
2026-10-05T17:34:05.121968+00:00,1,PERP,ICP|HTX|OKX,ICP,HTX,OKX,-8.689355539464039,-0.07975834861502075,-7.296568452590031,17.462586814538266,-26.026604973973242,8.703220191470518,20.0,34.75994117671012,-79.48997769809333,-76.75972982077067,FLAT
2026-10-05T17:34:05.374300+00:00,1,SPOT,ICP|BITGET|HTX,ICP,BITGET,HTX,4.344231698529821,0.4628071835230064,-5.016754141140248,20.226535310908215,-70.73008449278495,79.49754150637256,60.0,150.16235045796844,-281.87568080961313,-300.67664610548127,FLAT
2026-10-05T17:34:05.817466+00:00,1,PERP,DOT|GATE|HTX,DOT,GATE,HTX,4.489257382760403,0.4379741619484007,-0.06840745737621587,10.406241363328583,-16.77852348993314,25.774895334276238,20.0,42.534316581206184,-85.24443261376311,-94.37761937285865,FLAT
2026-10-05T17:34:06.263046+00:00,1,PERP,APT|BITGET|HTX,APT,BITGET,HTX,15.697130947773807,-0.06320625986313626,16.61038818067565,14.448841536888342,-0.9298685230874071,32.33307398044616,21.999999999999996,33.21080865759851,-78.75106536136155,-76.93349445736902,FLAT
2026-10-05T17:34:16.521025+00:00,2,PERP,OP|GATE|OKX,OP,GATE,OKX,0.26953877795277137,0.025582909946601833,0.10362988126514128,6.48514563174889,-11.09429527989203,11.654794221944709,20.0,22.748456171556818,-59.94638133271399,-60.29962051223639,FLAT
2026-10-05T17:34:16.859982+00:00,2,PERP,OP|BITGET|GATE,OP,BITGET,GATE,4.397222584391347,1.0155343410934645,-3.9640913062736423,8.233413241015606,-12.209026383831478,21.02330544223374,21.999999999999996,33.21771342073751,-69.46264849829535,-86.20511016924489,FLAT
2026-10-05T17:34:17.450357+00:00,2,PERP,ICP|BITGET|HTX,ICP,BITGET,HTX,0.0,0.290108885223374,-5.075559483580378,17.495360335731768,-20.26635784597608,20.283975659229903,21.999999999999996,40.55032585083341,-83.74112421322911,-93.90986099364369,FLAT
2026-10-05T17:34:18.170611+00:00,2,PERP,ICP|HTX|MEXC,ICP,HTX,MEXC,-5.792903692977136,-0.19925058512478985,-2.332816557950883,17.365505515876976,-23.134759976866093,11.604293588627357,26.0,34.759101017064715,-87.56104443597994,-80.69621116364296,FLAT
2026-10-05T17:34:18.668053+00:00,2,PERP,ICP|HTX|OKX,ICP,HTX,OKX,-8.689355539464039,-0.07975834861502075,-7.296568452590031,17.462586814538266,-26.026604973973242,8.703220191470518,20.0,34.75994117671012,-79.48997769809333,-76.75972982077067,FLAT
2026-10-05T17:34:18.919594+00:00,2,SPOT,ICP|BITGET|HTX,ICP,BITGET,HTX,3.2506152887923356,0.40873878313079015,-5.016754141140248,20.226535310908215,-71.1960894011765,77.79421068072389,60.0,148.94182181606195,-281.1211570760982,-297.7527866379261,FLAT
2026-10-05T17:34:19.437059+00:00,2,PERP,DOT|GATE|HTX,DOT,GATE,HTX,3.7016020504543334,0.3622834966250157,-0.06840745737621587,10.406241363328583,-16.77852348993314,24.19892333016982,20.0,40.96227699924455,-83.67239303180148,-91.22960778679058,FLAT
2026-10-05T17:34:20.377613+00:00,2,PERP,APT|BITGET|HTX,APT,BITGET,HTX,13.488604692559747,-0.2160577012451754,16.61038818067565,14.448841536888342,-3.8831564984587175,30.87231365535903,21.999999999999996,34.70864892210001,-83.20219360123437,-76.97057439678339,FLAT
2026-10-05T17:53:39.892320+00:00,0,PERP,OP|GATE|OKX,OP,GATE,OKX,3.646797612406605,0.5538782725683473,0.06235654536467735,6.47153218417611,-8.407775969980769,15.72772618372742,20.0,24.12667486509957,-58.59680738044502,-65.79204450346232,FLAT
2026-10-05T17:53:40.222860+00:00,0,PERP,OP|BITGET|GATE,OP,BITGET,GATE,-0.9298934601398301,0.3337639406940667,-3.739001125064574,8.416450438244365,-15.849737415151166,14.000912907772278,21.999999999999996,29.85342234728507,-69.96415863737165,-75.59333638012191,FLAT
2026-10-05T17:53:40.732201+00:00,0,PERP,ICP|BITGET|HTX,ICP,BITGET,HTX,-12.206422553232565,-0.3937574249399195,-5.314706374126519,17.502441205159755,-34.383954154726396,9.993271658059744,21.999999999999996,44.43144964937577,-101.50069742997565,-87.73942768156203,FLAT
2026-10-05T17:53:41.533142+00:00,0,PERP,ICP|HTX|MEXC,ICP,HTX,MEXC,4.305396096440095,0.38222498992747234,-2.3320783176301103,17.365359641528602,-14.326647564469885,23.001725129383477,26.0,37.3121976052652,-81.30676685210497,-94.64600105227879,FLAT
2026-10-05T17:53:42.112510+00:00,0,PERP,ICP|HTX|OKX,ICP,HTX,OKX,0.004998569866909719,0.4066240775765314,-7.095513315229152,17.462103885768204,-20.04732663758224,20.12650948820971,20.0,40.17369689593418,-79.12551021828726,-93.39571969937303,FLAT
2026-10-05T17:53:42.437884+00:00,0,SPOT,ICP|BITGET|HTX,ICP,BITGET,HTX,12.93009071274609,0.879729404301044,-4.896986317589567,20.264273244907045,-38.777074329011676,64.70745507899389,60.0,103.35084820364051,-203.23093621506263,-238.95528960022398,FLAT
2026-10-05T17:53:42.907943+00:00,0,PERP,DOT|GATE|HTX,DOT,GATE,HTX,-1.7021139391315554,-0.1700810155578852,0.05985965095740996,10.359613530701766,-40.100838885553934,36.72954010537799,20.0,76.84344450749487,-143.0041430440062,-139.51312496191545,FLAT
2026-10-05T17:53:43.376016+00:00,0,PERP,APT|BITGET|HTX,APT,BITGET,HTX,14.980984882022597,-0.13496212762141183,16.88436424996379,14.10306284797501,-2.3284900434439315,32.29938878423155,21.999999999999996,34.576078154881195,-81.7889324482889,-77.99110268914895,FLAT
2026-10-05T17:53:53.763742+00:00,1,PERP,OP|GATE|OKX,OP,GATE,OKX,5.238233043087792,0.7997915100196716,0.06235654536467735,6.47153218417611,-7.300863866737117,17.802956644936696,20.0,25.090651283358234,-58.45387169546003,-68.83125138293025,FLAT
2026-10-05T17:53:54.097363+00:00,1,PERP,OP|BITGET|GATE,OP,BITGET,GATE,-4.249809939180782,-0.06069171533347265,-3.739001125064574,8.416450438244365,-20.95823077966852,12.480571112987171,21.999999999999996,33.4530043618029,-78.67223401640683,-77.67257659985464,FLAT
2026-10-05T17:53:54.597631+00:00,1,PERP,ICP|BITGET|HTX,ICP,BITGET,HTX,-15.584492281498497,-0.5867630570496888,-5.314706374126519,17.502441205159755,-37.23861357777136,6.089022655577647,21.999999999999996,43.3952568572239,-103.31916406086874,-82.79898588692807,FLAT
2026-10-05T17:53:55.310723+00:00,1,PERP,ICP|HTX|MEXC,ICP,HTX,MEXC,8.61079219288019,0.6301551327702328,-2.3320783176301103,17.365359641528602,-11.461318051575464,28.75215641172879,26.0,40.178758103328946,-81.3079978372743,-103.26299283268784,FLAT
2026-10-05T17:53:55.791472+00:00,1,PERP,ICP|HTX|OKX,ICP,HTX,OKX,4.305396096440095,0.652894375514574,-7.095513315229152,17.462103885768204,-14.326647564469885,23.001725129383477,20.0,37.3121976052652,-70.54333185450594,-93.40943604987783,FLAT
2026-10-05T17:53:56.130929+00:00,1,SPOT,ICP|BITGET|HTX,ICP,BITGET,HTX,10.607323815110536,0.7651056588766021,-4.896986317589567,20.264273244907045,-37.288682692846464,58.56644293030566,60.0,95.7535152145303,-194.1452115897872,-225.21694446242552,FLAT
2026-10-05T17:53:56.589198+00:00,1,PERP,DOT|GATE|HTX,DOT,GATE,HTX,-1.6125342615425087,-0.16143400596398788,0.05985965095740996,10.359613530701766,-39.92244245868859,36.72954010537799,20.0,76.66433145199342,-142.64663356163942,-139.334011906414,FLAT
2026-10-05T17:53:57.083798+00:00,1,PERP,APT|BITGET|HTX,APT,BITGET,HTX,16.163403083127026,-0.05112089300093312,16.88436424996379,14.10306284797501,-1.7384918993612608,34.076648538263754,21.999999999999996,35.75734080918589,-82.38019695851094,-80.94962509748585,FLAT
2026-10-05T17:54:07.442107+00:00,2,PERP,OP|GATE|OKX,OP,GATE,OKX,2.77591399683752,0.4193068000353777,0.06235654536467735,6.47153218417611,-10.434852782875703,16.014056117532594,20.0,26.441540621914964,-62.93874995015535,-68.39324019408288,FLAT
2026-10-05T17:54:07.777782+00:00,2,PERP,OP|BITGET|GATE,OP,BITGET,GATE,-0.40773972128205216,0.3958036025074495,-3.739001125064574,8.416450438244365,-14.424712789792293,13.6195323722621,21.999999999999996,28.04538490156175,-66.73109656628947,-73.40391839888842,FLAT
2026-10-05T17:54:08.251127+00:00,2,PERP,ICP|BITGET|HTX,ICP,BITGET,HTX,-14.622925250417085,-0.5318240334123496,-5.314706374126519,17.502441205159755,-37.23861357777136,8.01738026957155,21.999999999999996,45.322254851202146,-105.24616205484699,-86.65434149490022,FLAT
2026-10-05T17:54:08.972499+00:00,2,PERP,ICP|HTX|MEXC,ICP,HTX,MEXC,10.045924225028369,0.7127985137179049,-2.3320783176301103,17.365359641528602,-8.595988538682153,28.75215641172879,26.0,37.31055228407022,-75.57446250512226,-100.39478701342911,FLAT
2026-10-05T17:54:09.497805+00:00,2,PERP,ICP|HTX|OKX,ICP,HTX,OKX,7.175660160734232,0.8172654091008208,-7.095513315229152,17.462103885768204,-11.461318051575464,25.876940770557244,20.0,37.31137470871171,-67.67717944505802,-96.2838287944981,FLAT
2026-10-05T17:54:09.823558+00:00,2,SPOT,ICP|BITGET|HTX,ICP,BITGET,HTX,7.800625248106652,0.6266008858169867,-4.896986317589567,20.264273244907045,-39.527684214261114,55.18602180405008,60.0,94.63984661232888,-195.27054450900044,-220.72285473396852,FLAT
2026-10-05T17:54:10.311923+00:00,2,PERP,DOT|GATE|HTX,DOT,GATE,HTX,-1.6571394415243468,-0.16573968588627902,0.05985965095740996,10.359613530701766,-40.011273326427954,36.72954010537799,20.0,76.75351875756026,-142.82465173494563,-139.42319921198083,FLAT
2026-10-05T17:54:10.930004+00:00,2,PERP,APT|BITGET|HTX,APT,BITGET,HTX,9.946125508011328,-0.49196680300894297,16.88436424996379,14.10306284797501,-11.77875612536794,31.68284860296744,21.999999999999996,43.41841699954977,-100.08153737488149,-86.2169013525534,FLAT
2026-10-05T21:32:34.765315+00:00,0,PERP,OP|GATE|OKX,OP,GATE,OKX,3.28116670998968,0.4292741626439031,0.7274394099841203,5.948942476009114,-9.74889662392564,16.34116127779972,20.0,26.081465800054982,-62.557801833964746,-67.69518766787058,FLAT
2026-10-05T21:32:34.999910+00:00,0,PERP,OP|BITGET|GATE,OP,BITGET,GATE,3.0334217812777453,0.8323410394119153,-4.1355751769112565,8.613052365235056,-11.992994157481451,18.070525071343102,21.999999999999996,30.0543986628015,-65.91181764337169,-80.26049891105586,FLAT
2026-10-05T21:32:35.534770+00:00,0,PERP,ICP|BITGET|HTX,ICP,BITGET,HTX,-21.31133616925629,-0.9100418831159406,-6.457222233733844,16.32245087958222,-44.52756960757087,1.9225620783003272,21.999999999999996,46.54932780534266,-112.61967517917968,-82.92911211737683,FLAT
2026-10-05T21:32:35.991077+00:00,0,PERP,APT|BITGET|HTX,APT,BITGET,HTX,20.99159945605944,0.3611032895782322,16.018519248088264,13.771905024126815,-0.23188974484944502,42.22948957541605,21.999999999999996,42.372427932631986,-86.62283692556969,-96.58339825995976,FLAT
2026-10-05T21:32:36.700292+00:00,0,PERP,ICP|HTX|MEXC,ICP,HTX,MEXC,16.81097941546028,1.083014199971504,-0.8772361102458222,16.332394834870595,-5.441103064066644,39.149888143175104,26.0,44.515986408643954,-81.07985336246477,-116.54311066206489,FLAT
2026-10-05T21:32:37.215343+00:00,0,PERP,ICP|HTX|OKX,ICP,HTX,OKX,18.2064671529103,1.4310079584596813,-5.478126499727031,16.550986675246115,-2.6555515320347833,39.149888143175104,20.0,41.729306845629466,-64.90673187793722,-112.3573214885316,FLAT
2026-10-05T21:32:37.455560+00:00,0,SPOT,ICP|BITGET|HTX,ICP,BITGET,HTX,-27.700947678275245,-1.1083690492087117,-4.9597479162945275,20.517714544822542,-111.51944007593895,56.21408676336426,60.0,168.19939954943862,-340.759091709083,-295.3732342290974,FLAT
2026-10-05T21:32:37.901989+00:00,0,PERP,DOT|GATE|HTX,DOT,GATE,HTX,-13.326234077085664,-1.2119384030534197,-0.49624076015477514,10.586341091763696,-47.44901775371901,20.824201774325424,20.0,68.3643122110025,-141.31708920456674,-115.6847547454827,FLAT
2026-10-05T21:32:38.356020+00:00,0,PERP,ARB|GATE|HTX,ARB,GATE,HTX,2.6010122996056317,-2.13247558521567,29.54990819777206,12.637376054854538,-16.540172566016366,21.76886568824088,20.0,38.299058057076884,-110.3891388208653,-56.5180155475457,FLAT
2026-10-05T21:32:48.617255+00:00,1,PERP,OP|GATE|OKX,OP,GATE,OKX,0.7038670781089884,-0.003962440714495782,0.7274394099841203,5.948942476009114,-13.283308926208548,14.722997267280213,20.0,28.004298604533275,-68.01504694072594,-67.99985646182937,FLAT
2026-10-05T21:32:48.867049+00:00,1,PERP,OP|BITGET|GATE,OP,BITGET,GATE,2.5302235524105043,0.7739182866491079,-4.1355751769112565,8.613052365235056,-15.246016058959588,20.32913674008263,21.999999999999996,35.56613931985901,-74.67658020190734,-88.0308512368529,FLAT
2026-10-05T21:32:49.323899+00:00,1,PERP,ICP|BITGET|HTX,ICP,BITGET,HTX,-17.72621462776014,-0.690398303365256,-6.457222233733844,16.32245087958222,-41.77109440267501,6.3387185439145455,21.999999999999996,48.19523649844357,-111.50910866738474,-88.99117727609195,FLAT
2026-10-05T21:32:49.767709+00:00,1,PERP,APT|BITGET|HTX,APT,BITGET,HTX,19.7075586149853,0.2678670351294361,16.018519248088264,13.771905024126815,-1.8080702874123666,41.234684260131885,21.999999999999996,42.95809156600516,-88.78468110150578,-96.17425657804877,FLAT
2026-10-05T21:32:50.483286+00:00,1,PERP,ICP|HTX|MEXC,ICP,HTX,MEXC,12.165382910305222,0.7985735804466537,-0.8772361102458222,16.332394834870595,-9.141186299079784,33.55704697986628,26.0,42.64618297575286,-82.91013316458681,-109.08046606586495,FLAT
2026-10-05T21:32:50.964063+00:00,1,PERP,ICP|HTX|OKX,ICP,HTX,OKX,7.979111670062267,0.8130776994652609,-5.478126499727031,16.550986675246115,-14.711779448622897,30.760626398211866,20.0,45.43597137081051,-80.66962431970637,-107.6747242687494,FLAT
2026-10-05T21:32:51.220847+00:00,1,SPOT,ICP|BITGET|HTX,ICP,BITGET,HTX,-3.661240713037639,0.06328712685909528,-4.9597479162945275,20.517714544822542,-93.29488206254122,86.0530884074806,60.0,179.41362181465672,-333.7487559609034,-336.4264581384318,FLAT
2026-10-05T21:32:51.663475+00:00,1,PERP,DOT|GATE|HTX,DOT,GATE,HTX,-17.36942183656609,-1.5938633499669548,-0.49624076015477514,10.586341091763696,-55.50124346750951,20.824201774325424,20.0,76.45819867030343,-157.46320137765815,-123.77864120478364,FLAT
2026-10-05T21:32:52.041971+00:00,1,PERP,ARB|GATE|HTX,ARB,GATE,HTX,0.455225799989023,-2.3022724236022527,29.54990819777206,12.637376054854538,-14.759042324410387,15.686833672821088,20.0,30.444480210490315,-100.75343073267275,-42.58140568553934,FLAT
2026-10-05T21:33:02.314537+00:00,2,PERP,OP|GATE|OKX,OP,GATE,OKX,3.291634586044534,0.4310337822900954,0.7274394099841203,5.948942476009114,-10.055446891504838,16.668609889887165,20.0,26.715229664432155,-63.498115965921116,-68.65640014433521,FLAT
2026-10-05T21:33:02.554468+00:00,2,PERP,OP|BITGET|GATE,OP,BITGET,GATE,2.764935315446859,0.8011689932608225,-4.1355751769112565,8.613052365235056,-14.787915247332917,20.340173259196792,21.999999999999996,35.11836423834341,-73.77070430876506,-87.59411267445145,FLAT
2026-10-05T21:33:02.945753+00:00,2,PERP,ICP|BITGET|HTX,ICP,BITGET,HTX,-17.650635812508362,-0.6857679438800687,-6.457222233733844,16.32245087958222,-41.77109440267501,6.489990385174504,21.999999999999996,48.34641084917324,-111.6602830181144,-89.29362346808159,FLAT
2026-10-05T21:33:03.348011+00:00,2,PERP,APT|BITGET|HTX,APT,BITGET,HTX,17.848679510183985,0.13289085706657774,16.018519248088264,13.771905024126815,-4.22158160094277,39.93320268013578,21.999999999999996,44.07610963891329,-92.31621048794432,-95.99079307096079,FLAT
2026-10-05T21:33:04.392595+00:00,2,PERP,ICP|HTX|MEXC,ICP,HTX,MEXC,7.9139427726393485,0.5382663701048607,-0.8772361102458222,16.332394834870595,-14.84156223893085,30.760626398211866,26.0,45.56594570275987,-91.5302718314449,-109.20380821121756,FLAT
2026-10-05T21:33:04.866845+00:00,2,PERP,ICP|HTX|OKX,ICP,HTX,OKX,5.47822146104604,0.6619755169738332,-5.478126499727031,16.550986675246115,-16.918023791774317,27.964205816555232,20.0,44.8574762619088,-82.29737355395609,-104.29980857819106,FLAT
2026-10-05T21:33:05.118581+00:00,2,SPOT,ICP|BITGET|HTX,ICP,BITGET,HTX,4.422897066327369,0.45729483964331313,-4.9597479162945275,20.517714544822542,-96.96614898471067,105.92680366200868,60.0,202.80318985920866,-360.8095909276248,-379.6897414375119,FLAT
2026-10-05T21:33:05.496026+00:00,2,PERP,DOT|GATE|HTX,DOT,GATE,HTX,-13.326234077085664,-1.2119384030534197,-0.49624076015477514,10.586341091763696,-47.44901775371901,20.824201774325424,20.0,68.3643122110025,-141.31708920456674,-115.6847547454827,FLAT
2026-10-05T21:33:05.870964+00:00,2,PERP,ARB|GATE|HTX,ARB,GATE,HTX,-5.359938235149908,-2.7624283934726823,29.54990819777206,12.637376054854538,-16.764395137850443,6.059331940750923,20.0,22.835957396469116,-95.15026073209161,-25.345381139447976,FLAT
2026-10-05T21:49:47.460703+00:00,0,PERP,OP|GATE|OKX,OP,GATE,OKX,6.980488102537041,1.0534704475779368,0.7177261430949451,5.944886231826423,-3.8806984875516815,17.860588334237537,20.0,21.726104486644005,-52.32452911729063,-64.8689666777866,FLAT
2026-10-05T21:49:47.688360+00:00,0,PERP,OP|BITGET|GATE,OP,BITGET,GATE,0.7915564202876091,0.5370724940771646,-3.917616782536859,8.76822636563449,-13.611018052214208,15.211470878810918,21.999999999999996,28.820197217849177,-66.51359848752652,-75.94928487919694,FLAT
2026-10-05T21:49:48.089359+00:00,0,PERP,ICP|BITGET|HTX,ICP,BITGET,HTX,-14.38805699124468,-0.5211640911179981,-6.108817528136785,15.886051253737225,-50.15324602953286,21.40705272944965,21.999999999999996,71.66339595110551,-143.7078244525016,-127.17926620869196,FLAT
2026-10-05T21:49:48.488623+00:00,0,PERP,APT|BITGET|HTX,APT,BITGET,HTX,14.905989949069998,-0.06230842998332202,15.75776204518084,13.670254511930963,-12.555992095553137,42.38887765565913,21.999999999999996,54.863082940646024,-111.17683708138,-109.49419855112431,FLAT
2026-10-05T21:49:49.147827+00:00,0,PERP,ICP|HTX|MEXC,ICP,HTX,MEXC,8.825842772139936,0.6495647742979633,-1.4594016841086268,15.834055144638425,-24.143989983307357,42.00504060487109,26.0,66.09003790862403,-120.77462620782276,-141.55448019760374,FLAT
2026-10-05T21:49:49.559955+00:00,0,PERP,ICP|HTX|OKX,ICP,HTX,OKX,7.430106355632571,0.8450601369150689,-6.098849883458083,16.009459739136123,-26.92665553700513,42.00504060487109,20.0,68.87982717100554,-115.70763282455259,-142.98371765933473,FLAT
2026-10-05T21:49:49.793029+00:00,0,SPOT,ICP|BITGET|HTX,ICP,BITGET,HTX,-2.152411268154797,0.1435976995765923,-5.1143259943510175,20.626477547548674,-95.26371322891913,91.0436150905558,60.0,186.34739941476602,-342.4967866493341,-348.50534049967285,FLAT
2026-10-05T21:49:50.245371+00:00,0,PERP,DOT|GATE|HTX,DOT,GATE,HTX,-10.959291799687021,-0.9306654954599854,-0.8126678463133634,10.902546621607202,-45.08872486245874,23.19793396101888,20.0,68.36156694784346,-138.63762396398883,-118.3721687551757,FLAT
2026-10-05T21:50:00.512466+00:00,1,PERP,OP|GATE|OKX,OP,GATE,OKX,3.650859565997866,0.4933876458728776,0.7177261430949451,5.944886231826423,-7.275704528275639,14.597850552424685,20.0,21.865553198387637,-55.85898386975822,-61.745677607717376,FLAT
2026-10-05T21:50:00.746389+00:00,1,PERP,OP|BITGET|GATE,OP,BITGET,GATE,0.7978270313513391,0.5377876456713692,-3.917616782536859,8.76822636563449,-12.09817624106213,13.70304173467174,21.999999999999996,25.799156360677518,-61.97971581920279,-71.41981487788611,FLAT
2026-10-05T21:50:01.233058+00:00,1,PERP,ICP|BITGET|HTX,ICP,BITGET,HTX,-14.38805699124468,-0.5211640911179981,-6.108817528136785,15.886051253737225,-50.15324602953286,21.40705272944965,21.999999999999996,71.66339595110551,-143.7078244525016,-127.17926620869196,FLAT
2026-10-05T21:50:01.692540+00:00,1,PERP,APT|BITGET|HTX,APT,BITGET,HTX,13.012863888219872,-0.20079349324222956,15.75776204518084,13.670254511930963,-8.420506526642946,34.462117516262936,21.999999999999996,42.82688811337525,-95.00515668519904,-89.53124358445734,FLAT
2026-10-05T21:50:02.383178+00:00,1,PERP,ICP|HTX|MEXC,ICP,HTX,MEXC,8.825842772139936,0.6495647742979633,-1.4594016841086268,15.834055144638425,-24.143989983307357,42.00504060487109,26.0,66.09003790862403,-120.77462620782276,-141.55448019760374,FLAT
2026-10-05T21:50:02.811276+00:00,1,PERP,ICP|HTX|OKX,ICP,HTX,OKX,6.034369939127426,0.7578781558084122,-6.098849883458083,16.009459739136123,-26.92665553700513,39.204704564546056,20.0,66.09081598402705,-112.91862163757409,-137.39437043203117,FLAT
2026-10-05T21:50:03.046600+00:00,1,SPOT,ICP|BITGET|HTX,ICP,BITGET,HTX,-9.777152364643937,-0.22606023542042286,-5.1143259943510175,20.626477547548674,-138.6816563531934,119.24390104290694,60.0,258.1779292257674,-457.7452595846098,-448.53615626302536,FLAT
2026-10-05T21:50:03.453990+00:00,1,PERP,DOT|GATE|HTX,DOT,GATE,HTX,-14.90958971723133,-1.2929934959397464,-0.8126678463133634,10.902546621607202,-52.95530212458432,23.19793396101888,20.0,76.26689672919352,-154.40953100746447,-126.27749853652577,FLAT
2026-10-05T21:50:13.710561+00:00,2,PERP,OP|GATE|OKX,OP,GATE,OKX,4.187925610095178,0.5837284906180782,0.7177261430949451,5.944886231826423,-7.0920461610191055,15.489087963844739,20.0,22.571661395321442,-56.38143369943549,-63.34302321607124,FLAT
2026-10-05T21:50:13.940998+00:00,2,PERP,OP|BITGET|GATE,OP,BITGET,GATE,2.4462408931547053,0.7257861978374073,-3.917616782536859,8.76822636563449,-10.506654863390308,15.408388718098909,21.999999999999996,25.90870238563167,-60.49774046648512,-73.23470788626744,FLAT
2026-10-05T21:50:14.398572+00:00,2,PERP,ICP|BITGET|HTX,ICP,BITGET,HTX,-14.38805699124468,-0.5211640911179981,-6.108817528136785,15.886051253737225,-50.15324602953286,21.40705272944965,21.999999999999996,71.66339595110551,-143.7078244525016,-127.17926620869196,FLAT
2026-10-05T21:50:14.829430+00:00,2,PERP,APT|BITGET|HTX,APT,BITGET,HTX,14.783441327963498,-0.07127304882048728,15.75776204518084,13.670254511930963,-6.8672912621103865,36.451144690643474,21.999999999999996,43.25448429108114,-93.87953759837237,-91.94786693654378,FLAT
2026-10-05T21:50:15.541219+00:00,2,PERP,ICP|HTX|MEXC,ICP,HTX,MEXC,8.825842772139936,0.6495647742979633,-1.4594016841086268,15.834055144638425,-24.143989983307357,42.00504060487109,26.0,66.09003790862403,-120.77462620782276,-141.55448019760374,FLAT
2026-10-05T21:50:15.959579+00:00,2,PERP,ICP|HTX|OKX,ICP,HTX,OKX,5.753775962664687,0.7403513946912453,-6.098849883458083,16.009459739136123,-27.674966783932664,39.394797957401636,20.0,67.03052500426456,-114.60664190473915,-138.52417284512427,FLAT
2026-10-05T21:50:16.192194+00:00,2,SPOT,ICP|BITGET|HTX,ICP,BITGET,HTX,-7.125729464907415,-0.09751560662355752,-5.1143259943510175,20.626477547548674,-91.59080928414775,77.42022310300189,60.0,169.13151222908968,-321.6079955188864,-317.66606132644256,FLAT
2026-10-05T21:50:16.594059+00:00,2,PERP,DOT|GATE|HTX,DOT,GATE,HTX,-10.865648340766532,-0.9220763591627004,-0.8126678463133634,10.902546621607202,-44.90151413946042,23.19793396101888,20.0,68.1735117603442,-138.26235805349125,-118.18411356767643,FLAT
2026-10-05T22:04:49.935697+00:00,0,PERP,OP|GATE|OKX,OP,GATE,OKX,3.6566794765136024,0.46380085458772674,0.8539368897944137,6.042987111808042,-8.191947262782273,15.528981314099077,20.0,23.712234143530583,-58.75811829610727,-64.38727856783524,FLAT
2026-10-05T22:04:50.242620+00:00,0,PERP,OP|BITGET|GATE,OP,BITGET,GATE,4.985748711694438,1.0311563164174884,-3.9515754796334073,8.667283562184334,-8.69771884368542,18.678969273171475,21.999999999999996,27.36304211712848,-60.10918548118049,-77.99358686993335,FLAT
2026-10-05T22:04:50.718134+00:00,0,PERP,ICP|BITGET|HTX,ICP,BITGET,HTX,13.152680708605757,1.159449825570125,-5.473715204095428,16.064857229628032,-33.57582540570836,59.907713293829715,21.999999999999996,93.36073677635112,-149.46284697796403,-186.74216527427626,FLAT
2026-10-05T22:04:51.388762+00:00,0,PERP,ICP|HTX|MEXC,ICP,HTX,MEXC,-20.084436887404244,-1.1603472101396306,-1.5713884893642691,15.954748920206567,-65.0396494156924,25.266704098820814,26.0,90.48635440018818,-185.95461532651632,-149.32444698837327,FLAT
2026-10-05T22:04:51.850272+00:00,0,PERP,APT|BITGET|HTX,APT,BITGET,HTX,15.552960736517907,0.004706424900237447,15.487245461016714,13.962886244690115,-10.388392661149215,41.5109595037344,21.999999999999996,51.81875332272882,-105.69439144489473,-105.8424673654465,FLAT
2026-10-05T22:04:52.282358+00:00,0,PERP,ICP|HTX|OKX,ICP,HTX,OKX,-25.674643056350366,-1.195421534574336,-6.323462232215366,16.187746551701146,-70.60545353366533,19.65188096574977,20.0,90.48792409512156,-180.76991539657152,-142.4632672930867,FLAT
2026-10-05T22:04:52.623606+00:00,0,SPOT,ICP|BITGET|HTX,ICP,BITGET,HTX,-43.428738743330754,-1.8746552741521543,-4.801358463833347,20.60505780027601,-114.79494550160396,28.011204481792618,60.0,143.4290059932913,-319.4225930310619,-242.24156893891725,FLAT
2026-10-05T22:04:53.015110+00:00,0,PERP,DOT|GATE|HTX,DOT,GATE,HTX,-6.530031507279155,-0.503177268584136,-0.9534328327304935,11.082771465889861,-37.33051311757718,24.29956713255521,20.0,61.67033741848115,-124.04741770332785,-112.92333738376686,FLAT
2026-10-05T22:05:03.384069+00:00,1,PERP,OP|GATE|OKX,OP,GATE,OKX,3.171095266982782,0.3834458578706255,0.8539368897944137,6.042987111808042,-8.047081211104423,14.410119203871474,20.0,22.45006193335757,-57.35108003425641,-62.00624424743464,FLAT
2026-10-05T22:05:03.725979+00:00,1,PERP,OP|BITGET|GATE,OP,BITGET,GATE,6.382461323175548,1.1923039933638175,-3.9515754796334073,8.667283562184334,-6.466877840899388,19.240958961348475,21.999999999999996,25.691436079809716,-56.20673844107569,-76.88397052079159,FLAT
2026-10-05T22:05:04.594497+00:00,1,PERP,ICP|BITGET|HTX,ICP,BITGET,HTX,13.1138539700415,1.1570329513950686,-5.473715204095428,16.064857229628032,-33.57582540570836,59.82967538351369,21.999999999999996,93.28316329454057,-149.3852734961535,-186.5865538821497,FLAT
2026-10-05T22:05:05.317976+00:00,1,PERP,ICP|HTX|MEXC,ICP,HTX,MEXC,-20.084436887404244,-1.1603472101396306,-1.5713884893642691,15.954748920206567,-65.0396494156924,25.266704098820814,26.0,90.48635440018818,-185.95461532651632,-149.32444698837327,FLAT
2026-10-05T22:05:05.833362+00:00,1,PERP,APT|BITGET|HTX,APT,BITGET,HTX,31.815779543118428,1.1694239855539337,15.487245461016714,13.962886244690115,9.130125727623284,54.51694949895058,21.999999999999996,45.24287473406587,-79.5999944674593,-112.27257877199973,FLAT
2026-10-05T22:05:06.630021+00:00,1,PERP,ICP|HTX|OKX,ICP,HTX,OKX,-22.879539971878415,-1.022753703660081,-6.323462232215366,16.187746551701146,-67.82255147467997,22.45929253228418,20.0,90.48713902777884,-177.98622827024343,-145.2698937922784,FLAT
2026-10-05T22:05:06.986733+00:00,1,SPOT,ICP|BITGET|HTX,ICP,BITGET,HTX,-40.04311376117342,-1.710344889052823,-4.801358463833347,20.60505780027601,-108.02409900992905,28.011204481792618,60.0,136.58218154319502,-305.8049220892907,-235.39474448882098,FLAT
2026-10-05T22:05:07.370408+00:00,1,PERP,DOT|GATE|HTX,DOT,GATE,HTX,-3.3562325211844435,-0.21680494773795495,-0.9534328327304935,11.082771465889861,-37.33051311757718,30.672250449905736,20.0,68.02555132162725,-130.40263160647393,-125.65123460426348,FLAT
2026-10-05T22:05:17.731869+00:00,2,PERP,OP|GATE|OKX,OP,GATE,OKX,2.7280342916990996,0.31012765164477774,0.8539368897944137,6.042987111808042,-9.437319150672474,14.918537409840393,20.0,24.349188049147774,-60.64044408961466,-64.41378856919376,FLAT
2026-10-05T22:05:18.037118+00:00,2,PERP,OP|BITGET|GATE,OP,BITGET,GATE,2.569891234722732,0.7524233708943745,-3.9515754796334073,8.667283562184334,-14.753984031968814,19.91805645817024,21.999999999999996,34.66311542983641,-73.46552398217182,-86.53274736764006,FLAT
2026-10-05T22:05:18.450413+00:00,2,PERP,ICP|BITGET|HTX,ICP,BITGET,HTX,11.45696238192162,1.0538953035195484,-5.473715204095428,16.064857229628032,-43.956525494839305,66.90944842567825,21.999999999999996,110.73908684731632,-177.2218971380602,-211.12225047709,FLAT
2026-10-05T22:05:19.188098+00:00,2,PERP,ICP|HTX|MEXC,ICP,HTX,MEXC,-17.72094283608583,-1.0122098710226817,-1.5713884893642691,15.954748920206567,-70.60545353366533,35.714859392577125,26.0,106.50619338874833,-207.5402584330494,-175.79244127068972,FLAT
2026-10-05T22:05:19.604963+00:00,2,PERP,APT|BITGET|HTX,APT,BITGET,HTX,17.61999692296179,0.1527443126421036,15.487245461016714,13.962886244690115,-3.4531232263368405,38.71041418458398,21.999999999999996,42.089368859997265,-89.02973754735082,-93.31253758356453,FLAT
2026-10-05T22:05:20.041070+00:00,2,PERP,ICP|HTX|OKX,ICP,HTX,OKX,-17.906977048972593,-0.715573028016054,-6.323462232215366,16.187746551701146,-70.97560266410063,35.714859392577125,20.0,106.87898149766056,-197.53112192954583,-174.91730312245306,FLAT
2026-10-05T22:05:20.349355+00:00,2,SPOT,ICP|BITGET|HTX,ICP,BITGET,HTX,-29.72098712516913,-1.2093937761728568,-4.801358463833347,20.60505780027601,-92.61261217615946,33.23896860986552,60.0,126.22670190433031,-280.0379556166564,-230.26702897802917,FLAT
2026-10-05T22:05:20.795410+00:00,2,PERP,DOT|GATE|HTX,DOT,GATE,HTX,0.6975273895348799,0.14896636886780865,-0.9534328327304935,11.082771465889861,-29.493491413580266,30.912992361724623,20.0,60.40226065895532,-114.9423192398051,-118.26868585341045,FLAT
2026-10-05T22:25:09.345197+00:00,0,PERP,OP|GATE|OKX,OP,GATE,OKX,2.385455713855844,0.28310752046253174,0.6954274876806105,5.9695631660159405,-6.395616972780793,11.177871941701056,20.0,17.56929051587466,-50.66033497633606,-54.0517349698951,FLAT
2026-10-05T22:25:09.692968+00:00,0,PERP,OP|BITGET|GATE,OP,BITGET,GATE,4.784679233844624,0.9739715421596538,-3.821796473361502,8.836475538209667,-5.256955854779921,14.833517790973083,21.999999999999996,20.08086301411287,-49.51602239553128,-66.73617727844746,FLAT
2026-10-05T22:25:10.314164+00:00,0,PERP,ICP|BITGET|HTX,ICP,BITGET,HTX,-25.491233367940236,-1.1331895845826019,-6.288438064911231,16.94579227014529,-53.31278944723628,2.353134041364058,21.999999999999996,55.80817606473863,-130.83252744706368,-92.44974817101392,FLAT
2026-10-05T22:25:11.030565+00:00,0,PERP,ICP|HTX|MEXC,ICP,HTX,MEXC,19.60509732530591,1.1549624899272841,-0.7135682884783532,17.592489618484073,-5.588153115394512,44.9185850645728,26.0,50.40762729686445,-87.28221212378061,-128.0397806499156,FLAT
2026-10-05T22:25:11.450842+00:00,0,PERP,APT|BITGET|HTX,APT,BITGET,HTX,32.109412525602735,1.1802245216720113,15.65091914897895,13.945222349140158,9.679985066557428,54.55515115873499,21.999999999999996,44.731529848927714,-78.70246393134923,-111.63576185868375,FLAT
2026-10-05T22:25:12.106379+00:00,0,PERP,ICP|HTX|OKX,ICP,HTX,OKX,16.804369135974273,1.2518317359065765,-5.4269776829692695,17.75905353832846,-8.382229673092878,42.111173498036166,20.0,50.40840885651166,-79.36366084663528,-123.9465600375171,FLAT
2026-10-05T22:25:12.466697+00:00,0,SPOT,ICP|BITGET|HTX,ICP,BITGET,HTX,4.7270339560845365,0.4805363163510297,-5.3947543137652785,21.063524078075908,-91.18132327013306,100.72502728069699,60.0,191.8156367805415,-343.60220573690924,-363.93541837500374,FLAT
2026-10-05T22:25:12.933297+00:00,0,PERP,DOT|GATE|HTX,DOT,GATE,HTX,-0.05873089426344791,0.07328139687498626,-0.8741340544638087,11.127014426204108,-28.576162102732503,28.481922978051966,20.0,57.05841073829894,-110.76043878656762,-112.41446777081471,FLAT
2026-10-05T22:25:23.318889+00:00,1,PERP,OP|GATE|OKX,OP,GATE,OKX,1.5793633015825925,0.1480737851865159,0.6954274876806105,5.9695631660159405,-7.476492260654055,10.647780449088984,20.0,18.12140197582395,-52.293321724158616,-54.07375493723232,FLAT
2026-10-05T22:25:23.673528+00:00,1,PERP,OP|BITGET|GATE,OP,BITGET,GATE,3.6409467582987354,0.844538436098273,-3.821796473361502,8.836475538209667,-6.875433946442744,14.164871495108144,21.999999999999996,21.03264486261521,-52.08628233569645,-67.01931283108485,FLAT
2026-10-05T22:25:24.098121+00:00,1,PERP,ICP|BITGET|HTX,ICP,BITGET,HTX,-24.49153795939352,-1.0741958596147843,-6.288438064911231,16.94579227014529,-51.75863496230227,2.794857462267153,21.999999999999996,54.68742350858804,-128.15762040597906,-91.77071903576642,FLAT
2026-10-05T22:25:24.799465+00:00,1,PERP,ICP|HTX|MEXC,ICP,HTX,MEXC,16.804369135974273,0.9957622715347169,-0.7135682884783532,17.592489618484073,-8.382229673092878,42.111173498036166,26.0,50.40840885651166,-90.0770702411262,-125.23315064302619,FLAT
2026-10-05T22:25:25.244669+00:00,1,PERP,APT|BITGET|HTX,APT,BITGET,HTX,29.93722920626274,1.0244591086182762,15.65091914897895,13.945222349140158,8.303713247888034,51.58305425323029,21.999999999999996,43.150157887814984,-78.4973637889059,-107.08229299206633,FLAT
2026-10-05T22:25:25.694389+00:00,1,PERP,ICP|HTX|OKX,ICP,HTX,OKX,12.60327685198126,1.015271140212329,-5.4269776829692695,17.75905353832846,-13.9703827884885,39.30376193149954,20.0,53.20678481300155,-87.75018991852077,-123.93752442747035,FLAT
2026-10-05T22:25:26.043012+00:00,1,SPOT,ICP|BITGET|HTX,ICP,BITGET,HTX,8.726321093388556,0.670404218914718,-5.3947543137652785,21.063524078075908,-87.73794788904831,105.29083423777008,60.0,192.8604338605757,-341.2036274358587,-369.5460224121111,FLAT
2026-10-05T22:25:26.504534+00:00,1,PERP,DOT|GATE|HTX,DOT,GATE,HTX,-0.05873089426344791,0.07328139687498626,-0.8741340544638087,11.127014426204108,-28.576162102732503,28.481922978051966,20.0,57.05841073829894,-110.76043878656762,-112.41446777081471,FLAT
2026-10-05T22:25:36.900514+00:00,2,PERP,OP|GATE|OKX,OP,GATE,OKX,1.272911228604734,0.09673802334677924,0.6954274876806105,5.9695631660159405,-8.131469319659912,10.691063019749869,20.0,18.820126628820944,-53.64702343616147,-54.8157621608902,FLAT
2026-10-05T22:25:37.254689+00:00,2,PERP,OP|BITGET|GATE,OP,BITGET,GATE,4.676650531869608,0.9617462265903535,-3.821796473361502,8.836475538209667,-6.277202509594737,15.638472888128696,21.999999999999996,21.90542809660167,-52.3608341328349,-69.36569745809186,FLAT
2026-10-05T22:25:37.750886+00:00,2,PERP,ICP|BITGET|HTX,ICP,BITGET,HTX,-22.48777068357355,-0.9559501474122241,-6.288438064911231,16.94579227014529,-49.15928955307347,4.199399804305504,21.999999999999996,53.47894699595954,-124.34979848412178,-91.96678486517627,FLAT
2026-10-05T22:25:38.465986+00:00,2,PERP,ICP|HTX|MEXC,ICP,HTX,MEXC,16.804369135974273,0.9957622715347169,-0.7135682884783532,17.592489618484073,-8.382229673092878,42.111173498036166,26.0,50.40840885651166,-90.0770702411262,-125.23315064302619,FLAT
2026-10-05T22:25:38.886269+00:00,2,PERP,APT|BITGET|HTX,APT,BITGET,HTX,30.904216550076136,1.0938009462457716,15.65091914897895,13.945222349140158,8.739957245775809,53.08343046381614,21.999999999999996,44.20685036700056,-79.1178122702037,-109.63936168183776,FLAT
2026-10-05T22:25:39.353315+00:00,2,PERP,ICP|HTX|OKX,ICP,HTX,OKX,14.003640946644857,1.0941246721103697,-5.4269776829692695,17.75905353832846,-11.176306230791244,39.30376193149954,20.0,50.40919085333266,-82.15851940115463,-121.13993046780146,FLAT
2026-10-05T22:25:39.721093+00:00,2,SPOT,ICP|BITGET|HTX,ICP,BITGET,HTX,-0.5177022332936154,0.23154017639184943,-5.3947543137652785,21.063524078075908,-62.9812165307575,62.00382635935364,60.0,124.99148679880732,-248.57794901579956,-258.3900674719263,FLAT
2026-10-05T22:25:40.114435+00:00,2,PERP,DOT|GATE|HTX,DOT,GATE,HTX,-7.808895157983553,-0.623236461991852,-0.8741340544638087,11.127014426204108,-36.68301075142821,21.09093180081789,20.0,57.81908142431208,-119.62795812127649,-105.78414727959378,FLAT
2026-10-05T22:43:41.936043+00:00,0,PERP,OP|GATE|OKX,OP,GATE,OKX,3.5964268916877096,0.4661360006147054,0.804907795619823,5.988636561833112,-5.735801877116975,12.941066755343122,20.0,18.670145803634206,-51.210855476371,-56.8063047633575,FLAT
2026-10-05T22:43:42.222531+00:00,0,PERP,OP|BITGET|GATE,OP,BITGET,GATE,-0.9061041513114265,0.36441368764962656,-4.050867531980399,8.629652198170374,-11.218148296239239,9.413326844722736,21.999999999999996,20.633342091881424,-55.80062285614026,-62.09753646858455,FLAT
2026-10-05T22:43:42.745396+00:00,0,PERP,ICP|BITGET|HTX,ICP,BITGET,HTX,-12.291466732974321,-0.4081053485154014,-5.745232458137902,16.040550065443142,-32.229351562499396,7.660980232448988,21.999999999999996,39.93941788160208,-94.42353698596358,-81.34563057218898,FLAT
2026-10-05T22:43:43.854827+00:00,0,PERP,ICP|HTX|MEXC,ICP,HTX,MEXC,4.643209516628222,0.3895139959314402,-1.5713884893642691,15.954748920206567,-13.052148437501243,22.39641657334923,26.0,35.43201877725874,-78.91277872539573,-91.39982383997224,FLAT
2026-10-05T22:43:44.717340+00:00,0,PERP,APT|BITGET|HTX,APT,BITGET,HTX,3.6604253863625758,-0.8590195308737787,15.636217760055526,13.941234096867852,-12.70358266296956,20.033569923232353,21.999999999999996,32.72517123157884,-89.06497165460392,-65.12252339475566,FLAT
2026-10-05T22:43:45.634182+00:00,0,PERP,ICP|HTX|OKX,ICP,HTX,OKX,5.945619102236677,0.7500286349638563,-6.206814229229169,16.202625826481235,-13.052148437501243,25.005493540639634,20.0,38.034926506301545,-70.88026071457362,-95.24723427617035,FLAT
2026-10-05T22:43:45.954420+00:00,0,SPOT,ICP|BITGET|HTX,ICP,BITGET,HTX,4.274802940182898,0.447593995776121,-4.889682850248357,20.474997155715144,-65.08710762658798,73.70772729248687,60.0,138.73549189630754,-264.93291667264714,-283.3329020390428,FLAT
2026-10-05T22:43:46.475615+00:00,0,PERP,DOT|GATE|HTX,DOT,GATE,HTX,-4.7793302363119405,-0.35021399953495636,-0.8856002674907351,11.118144831422011,-30.062512745154812,20.524391007306075,20.0,50.61108412201469,-105.78799659967876,-98.0210753968115,FLAT
2026-10-05T22:43:56.785904+00:00,1,PERP,OP|GATE|OKX,OP,GATE,OKX,4.2842844471358,0.580996461480198,0.804907795619823,5.988636561833112,-4.942633323239409,13.523408833147066,20.0,18.458126101183613,-50.20566722004284,-57.176627138710856,FLAT
2026-10-05T22:43:57.074688+00:00,1,PERP,OP|BITGET|GATE,OP,BITGET,GATE,0.19135185655327902,0.4915863688496156,-4.050867531980399,8.629652198170374,-9.995879468878144,10.385880625631838,21.999999999999996,20.381367480497136,-54.326379417394875,-62.81811563810937,FLAT
2026-10-05T22:43:57.605749+00:00,1,PERP,ICP|BITGET|HTX,ICP,BITGET,HTX,-10.469972271941463,-0.2945497376665576,-5.745232458137902,16.040550065443142,-30.26447312308167,9.338401555032405,21.999999999999996,39.6443773715623,-92.16361803650607,-82.72801138473261,FLAT
2026-10-05T22:43:58.810884+00:00,1,PERP,ICP|HTX|MEXC,ICP,HTX,MEXC,4.643209516628222,0.3895139959314402,-1.5713884893642691,15.954748920206567,-13.052148437501243,22.39641657334923,26.0,35.43201877725874,-78.91277872539573,-91.39982383997224,FLAT
2026-10-05T22:43:59.349811+00:00,1,PERP,APT|BITGET|HTX,APT,BITGET,HTX,6.012890037072616,-0.6902780382365836,15.636217760055526,13.941234096867852,-9.958764576318835,21.99219420446541,21.999999999999996,31.931756735168463,-85.52673907154282,-66.28773317957834,FLAT
2026-10-05T22:43:59.885204+00:00,1,PERP,ICP|HTX|OKX,ICP,HTX,OKX,1.8482260805297024,0.4971441293542606,-6.206814229229169,16.202625826481235,-15.84257812499934,19.596864501678635,20.0,35.43279946365252,-71.0685633594227,-87.23647819456033,FLAT
2026-10-05T22:44:00.204657+00:00,1,SPOT,ICP|BITGET|HTX,ICP,BITGET,HTX,7.42073875325211,0.6012416758780493,-4.889682850248357,20.474997155715144,-62.30462039502949,77.20543317695893,60.0,139.40657835614812,-262.8215159009292,-287.5016943833554,FLAT
2026-10-05T22:44:01.023644+00:00,1,PERP,DOT|GATE|HTX,DOT,GATE,HTX,-4.7793302363119405,-0.35021399953495636,-0.8856002674907351,11.118144831422011,-30.062512745154812,20.524391007306075,20.0,50.61108412201469,-105.78799659967876,-98.0210753968115,FLAT
2026-10-05T22:44:11.336455+00:00,2,PERP,OP|GATE|OKX,OP,GATE,OKX,4.201392384806102,0.5671549031431989,0.804907795619823,5.988636561833112,-4.668017623107312,13.082282535732404,20.0,17.742838271408512,-49.21576369013565,-56.02021301152109,FLAT
2026-10-05T22:44:11.620619+00:00,2,PERP,OP|BITGET|GATE,OP,BITGET,GATE,0.9823355430182978,0.58324518293632,-4.050867531980399,8.629652198170374,-10.852250292454624,12.829643774423527,21.999999999999996,23.679561104695612,-58.480943865169834,-68.56007241109953,FLAT
2026-10-05T22:44:12.156855+00:00,2,PERP,ICP|BITGET|HTX,ICP,BITGET,HTX,-10.688515043332236,-0.30817413149963374,-5.745232458137902,16.040550065443142,-30.70053028188857,9.338401555032405,21.999999999999996,40.081767748810954,-93.03706557256162,-83.16540176198126,FLAT
2026-10-05T22:44:13.250710+00:00,2,PERP,ICP|HTX|MEXC,ICP,HTX,MEXC,4.643209516628222,0.3895139959314402,-1.5713884893642691,15.954748920206567,-13.052148437501243,22.39641657334923,26.0,35.43201877725874,-78.91277872539573,-91.39982383997224,FLAT
2026-10-05T22:44:13.775499+00:00,2,PERP,APT|BITGET|HTX,APT,BITGET,HTX,2.7623883886485068,-0.923435420562901,15.636217760055526,13.941234096867852,-13.604078665566677,19.138006189183265,21.999999999999996,32.733040160296135,-89.97333658591833,-64.23482858942387,FLAT
2026-10-05T22:44:14.536600+00:00,2,PERP,ICP|HTX|OKX,ICP,HTX,OKX,1.8482260805297024,0.4971441293542606,-6.206814229229169,16.202625826481235,-15.84257812499934,19.596864501678635,20.0,35.43279946365252,-71.0685633594227,-87.23647819456033,FLAT
2026-10-05T22:44:14.856748+00:00,2,SPOT,ICP|BITGET|HTX,ICP,BITGET,HTX,9.50506126369266,0.7030401032277086,-4.889682850248357,20.474997155715144,-59.85876515892441,78.93892298494353,60.0,138.6658500650689,-259.63493237374496,-288.4944559002608,FLAT
2026-10-05T22:44:15.357434+00:00,2,PERP,DOT|GATE|HTX,DOT,GATE,HTX,-4.7793302363119405,-0.35021399953495636,-0.8856002674907351,11.118144831422011,-30.062512745154812,20.524391007306075,20.0,50.61108412201469,-105.78799659967876,-98.0210753968115,FLAT
2026-10-05T22:59:22.453288+00:00,0,PERP,OP|GATE|OKX,OP,GATE,OKX,-0.7271281294929377,-0.23640267354700842,0.6853676180339836,5.974956739421342,-8.796774069372848,7.353761258992453,20.0,16.1517019367443,-51.63384362415113,-48.82009557770277,FLAT
2026-10-05T22:59:22.798319+00:00,0,PERP,OP|BITGET|GATE,OP,BITGET,GATE,2.2991566647778683,0.7113121390631185,-3.9013097595080097,8.716941668467262,-10.937671979135422,15.55262238035926,21.999999999999996,26.484194779387355,-61.520556999014765,-73.93812691925461,FLAT
2026-10-05T22:59:23.268754+00:00,0,PERP,ICP|BITGET|HTX,ICP,BITGET,HTX,-19.753791476206928,-0.8795855262476908,-5.667911442491467,16.0142244425119,-50.66537160803853,11.176306230793465,21.999999999999996,61.96407483534935,-134.96153500089642,-106.80829250863428,FLAT
2026-10-05T22:59:23.990393+00:00,0,PERP,ICP|HTX|MEXC,ICP,HTX,MEXC,1.399384270919235,0.1836836249600052,-1.5325601726494695,15.961926079186965,-27.90957298353547,30.87285994947786,26.0,58.77374777820554,-117.15076058909155,-123.17916790033289,FLAT
2026-10-05T22:59:24.475669+00:00,0,PERP,APT|BITGET|HTX,APT,BITGET,HTX,11.776935295741975,-0.27790936785147385,15.652588382638207,13.945744675176044,-0.3174070598310763,23.877690483469216,21.999999999999996,24.166634953982957,-68.13663039645223,-60.39173705481396,FLAT
2026-10-05T22:59:24.990940+00:00,0,PERP,ICP|HTX|OKX,ICP,HTX,OKX,-1.3993842709225657,0.2939807958191036,-6.167985912514369,16.22079302256902,-30.70053028188857,28.06623631770755,20.0,58.77453108875596,-109.30707545813017,-119.00875331897788,FLAT
2026-10-05T22:59:25.337127+00:00,0,SPOT,ICP|BITGET|HTX,ICP,BITGET,HTX,14.377435829644458,0.9257309368531685,-4.61818797946898,20.51959489836771,-106.05320481805958,134.92336472524346,60.0,240.6305493587798,-408.06556619737046,-446.1721020634923,FLAT
2026-10-05T22:59:25.806499+00:00,0,PERP,DOT|GATE|HTX,DOT,GATE,HTX,3.0092092712163954,0.35277517411308945,-0.9077786487267987,11.10335479187524,-28.507218586926175,34.5513648255702,20.0,63.03960297990489,-116.63904291810427,-124.49874645420188,FLAT
2026-10-05T22:59:36.188084+00:00,1,PERP,OP|GATE|OKX,OP,GATE,OKX,0.7158008850138842,0.005093470682240947,0.6853676180339836,5.974956739421342,-8.602223054371416,10.046644358059353,20.0,18.647523808671636,-53.935114481077036,-54.008800548697,FLAT
2026-10-05T22:59:36.530051+00:00,1,PERP,OP|BITGET|GATE,OP,BITGET,GATE,2.8137668471450716,0.7703477735711202,-3.9013097595080097,8.716941668467262,-7.655405515701874,13.290470988669423,21.999999999999996,20.939981773422968,-52.69407752961683,-66.1317625216004,FLAT
2026-10-05T22:59:37.042723+00:00,1,PERP,ICP|BITGET|HTX,ICP,BITGET,HTX,-6.170855230619443,-0.03140606589681888,-5.667911442491467,16.0142244425119,-37.66473581212959,25.345310663311693,21.999999999999996,63.048945184918814,-123.04576955455693,-122.06216729072196,FLAT
2026-10-05T22:59:37.747075+00:00,1,PERP,ICP|HTX|MEXC,ICP,HTX,MEXC,1.399384270919235,0.1836836249600052,-1.5325601726494695,15.961926079186965,-27.90957298353547,30.87285994947786,26.0,58.77374777820554,-117.15076058909155,-123.17916790033289,FLAT
2026-10-05T22:59:38.219644+00:00,1,PERP,APT|BITGET|HTX,APT,BITGET,HTX,13.96352668720402,-0.12111663699399153,15.652588382638207,13.945744675176044,2.046000993862762,25.886943474195956,21.999999999999996,23.80769708328575,-65.41428447206118,-62.04205217484349,FLAT
2026-10-05T22:59:39.192110+00:00,1,PERP,ICP|HTX|OKX,ICP,HTX,OKX,-1.3993842709225657,0.2939807958191036,-6.167985912514369,16.22079302256902,-30.70053028188857,28.06623631770755,20.0,58.77453108875596,-109.30707545813017,-119.00875331897788,FLAT
2026-10-05T22:59:39.520064+00:00,1,SPOT,ICP|BITGET|HTX,ICP,BITGET,HTX,-9.678754913502452,-0.24662119106630262,-4.61818797946898,20.51959489836771,-94.12703224725094,74.8527308988356,60.0,169.14343195514516,-324.6522762229271,-314.61435083344975,FLAT
2026-10-05T22:59:39.986350+00:00,1,PERP,DOT|GATE|HTX,DOT,GATE,HTX,3.0092092712163954,0.35277517411308945,-0.9077786487267987,11.10335479187524,-28.507218586926175,34.5513648255702,20.0,63.03960297990489,-116.63904291810427,-124.49874645420188,FLAT
2026-10-05T22:59:50.387693+00:00,2,PERP,OP|GATE|OKX,OP,GATE,OKX,1.5193346907205196,0.1395770896857244,0.6853676180339836,5.974956739421342,-7.05825780864866,10.108666368389141,20.0,17.164308316582616,-50.90793374326526,-52.58760706693778,FLAT
2026-10-05T22:59:50.718709+00:00,2,PERP,OP|BITGET|GATE,OP,BITGET,GATE,3.8596005179569737,0.890324906674478,-3.9013097595080097,8.716941668467262,-9.158607928096973,16.894554383375393,21.999999999999996,26.043099952308637,-59.3003981208976,-74.83896409519204,FLAT
2026-10-05T22:59:51.673659+00:00,2,PERP,ICP|BITGET|HTX,ICP,BITGET,HTX,-4.550484442454872,0.06977715368283684,-5.667911442491467,16.0142244425119,-36.97046379647628,27.898436328017695,21.999999999999996,64.89841913687361,-124.20097149085842,-126.46476690738277,FLAT
2026-10-05T22:59:52.394510+00:00,2,PERP,ICP|HTX|MEXC,ICP,HTX,MEXC,-1.3993842709225657,0.008343347855780028,-1.5325601726494695,15.961926079186965,-30.70053028188857,28.06623631770755,26.0,58.77453108875596,-119.94250119799507,-120.37332757911298,FLAT
2026-10-05T22:59:52.873316+00:00,2,PERP,APT|BITGET|HTX,APT,BITGET,HTX,15.856629930852684,0.014631097368194209,15.652588382638207,13.945744675176044,4.646014557614375,27.07119659768553,21.999999999999996,22.389678858664332,-61.39625268368816,-61.808287073711654,FLAT
2026-10-05T22:59:53.395639+00:00,2,PERP,ICP|HTX|OKX,ICP,HTX,OKX,-1.3993842709225657,0.2939807958191036,-6.167985912514369,16.22079302256902,-30.70053028188857,28.06623631770755,20.0,58.77453108875596,-109.30707545813017,-119.00875331897788,FLAT
2026-10-05T22:59:53.724212+00:00,2,SPOT,ICP|BITGET|HTX,ICP,BITGET,HTX,5.908580822575615,0.5130105566987572,-4.61818797946898,20.51959489836771,-90.40782386903979,102.32479749809454,60.0,192.61875932596215,-344.408395215533,-365.5617448035257,FLAT
2026-10-05T22:59:54.202224+00:00,2,PERP,DOT|GATE|HTX,DOT,GATE,HTX,3.0092092712163954,0.35277517411308945,-0.9077786487267987,11.10335479187524,-28.507218586926175,34.5513648255702,20.0,63.03960297990489,-116.63904291810427,-124.49874645420188,FLAT
2026-10-05T23:18:39.760526+00:00,0,PERP,OP|GATE|OKX,OP,GATE,OKX,1.7508874804872399,0.1634872477992734,0.77815544436588,5.949895476347257,-7.624756787641962,11.139517608897975,20.0,18.760980573045213,-53.16389280505306,-55.12234273757731,FLAT
2026-10-05T23:18:40.110313+00:00,0,PERP,OP|BITGET|GATE,OP,BITGET,GATE,4.248960087327447,0.9377168112038876,-3.8502044812114185,8.637111409083895,-6.777766108485572,15.284813718563495,21.999999999999996,22.053205731873245,-52.98076735914739,-69.18822393164815,FLAT
2026-10-05T23:18:40.614841+00:00,0,PERP,ICP|BITGET|HTX,ICP,BITGET,HTX,-9.446821459091481,-0.24374742247395764,-5.54137746965939,16.022503745036953,-27.987685418413566,9.105732885152928,21.999999999999996,37.12848924010717,-87.57479718886134,-79.7755995949195,FLAT
2026-10-05T23:18:41.431685+00:00,0,PERP,ICP|HTX|MEXC,ICP,HTX,MEXC,2.8022978842634494,0.2785379706943524,-1.6490015629307593,15.980943050952092,-13.98992725237802,19.646365422394396,26.0,33.626789543834754,-77.96771523328201,-86.9221565291599,FLAT
2026-10-05T23:18:41.979960+00:00,0,PERP,APT|BITGET|HTX,APT,BITGET,HTX,3.312327606590504,-0.875170410588619,15.560727099653096,13.995445166872823,-16.007531988383448,22.64093585017557,21.999999999999996,38.635668459050656,-98.20392754708719,-73.71587720957312,FLAT
2026-10-05T23:18:42.550891+00:00,0,PERP,ICP|HTX|OKX,ICP,HTX,OKX,2.8022978842634494,0.5600342366776597,-6.277585734002439,16.213086671506513,-13.98992725237802,19.646365422394396,20.0,33.626789543834754,-67.33913106221034,-85.55074070023159,FLAT
2026-10-05T23:18:42.878949+00:00,0,SPOT,ICP|BITGET|HTX,ICP,BITGET,HTX,-21.499483556353116,-0.8157467363028088,-4.630322682589141,20.679409580257353,-75.5233928898602,32.58303093609971,60.0,108.33931599000523,-245.2323861972763,-211.55266960869406,FLAT
2026-10-05T23:18:43.400990+00:00,0,PERP,DOT|GATE|HTX,DOT,GATE,HTX,-5.26168989273712,-0.3449221641567816,-1.139498708937527,11.951076538896713,-46.329245110752204,35.83936251550624,20.0,82.21185129736092,-153.4015976991756,-145.1907125218047,FLAT
2026-10-05T23:18:53.793748+00:00,1,PERP,OP|GATE|OKX,OP,GATE,OKX,-0.07691134234710795,-0.14371122822445415,0.77815544436588,5.949895476347257,-8.329980494850009,8.186628835462617,20.0,16.516729724389197,-51.62486566360508,-49.92520311548593,FLAT
2026-10-05T23:18:54.134584+00:00,1,PERP,OP|BITGET|GATE,OP,BITGET,GATE,3.347409249354616,0.8333357519269811,-3.8502044812114185,8.637111409083895,-6.851864006474084,13.554559592323656,21.999999999999996,20.3995919798755,-51.40125150513816,-65.80435605341057,FLAT
2026-10-05T23:18:54.708426+00:00,1,PERP,ICP|BITGET|HTX,ICP,BITGET,HTX,-9.082567676726994,-0.221013535925339,-5.54137746965939,16.022503745036953,-27.987685418413566,9.835850028012683,21.999999999999996,37.85791547767685,-88.30422342643101,-81.23514297534891,FLAT
2026-10-05T23:18:55.470537+00:00,1,PERP,ICP|HTX|MEXC,ICP,HTX,MEXC,2.8022978842634494,0.2785379706943524,-1.6490015629307593,15.980943050952092,-13.98992725237802,19.646365422394396,26.0,33.626789543834754,-77.96771523328201,-86.9221565291599,FLAT
2026-10-05T23:18:55.994044+00:00,1,PERP,APT|BITGET|HTX,APT,BITGET,HTX,3.8130137340086634,-0.8393954765691366,15.560727099653096,13.995445166872823,-16.025090803601927,23.660326925980524,21.999999999999996,39.67028925701633,-99.25610716027134,-75.76988908334374,FLAT
2026-10-05T23:18:56.539444+00:00,1,PERP,ICP|HTX|OKX,ICP,HTX,OKX,5.248811727724956,0.710931711848819,-6.277585734002439,16.213086671506513,-11.902414857082322,22.452989054166927,20.0,34.33729929826025,-65.96212842134013,-89.06787408642961,FLAT
2026-10-05T23:18:56.884269+00:00,1,SPOT,ICP|BITGET|HTX,ICP,BITGET,HTX,-25.795031712756433,-1.0234677613993997,-4.630322682589141,20.679409580257353,-82.36131718179163,30.820958251611685,60.0,113.47496263142253,-257.20595713062505,-214.92624356562334,FLAT
2026-10-05T23:18:57.369463+00:00,1,PERP,DOT|GATE|HTX,DOT,GATE,HTX,-11.85251500145812,-0.8964059645717561,-1.139498708937527,11.951076538896713,-46.329245110752204,22.652336421138397,20.0,69.06342759900792,-140.25317400082258,-118.85526272908385,FLAT
2026-10-05T23:19:07.742065+00:00,2,PERP,OP|GATE|OKX,OP,GATE,OKX,0.2697309310639717,-0.08545099915167566,0.77815544436588,5.949895476347257,-9.30517764393346,9.85870275706402,20.0,19.163353185891257,-55.246686274190594,-54.2439004985894,FLAT
2026-10-05T23:19:08.088028+00:00,2,PERP,OP|BITGET|GATE,OP,BITGET,GATE,4.14350959481169,0.9255078112823568,-3.8502044812114185,8.637111409083895,-9.681248166564238,17.986222395476315,21.999999999999996,27.655999619987877,-61.48704330534069,-77.4924264966756,FLAT
2026-10-05T23:19:08.632457+00:00,2,PERP,ICP|BITGET|HTX,ICP,BITGET,HTX,-11.909593039278743,-0.3974544597371018,-5.54137746965939,16.022503745036953,-30.777839955230533,6.971808457014728,21.999999999999996,37.79465572515622,-91.03111821072736,-78.30784165183033,FLAT
2026-10-05T23:19:09.428092+00:00,2,PERP,ICP|HTX|MEXC,ICP,HTX,MEXC,5.604595768529119,0.4538904436573743,-1.6490015629307593,15.980943050952092,-11.191941801902416,22.452989054166927,26.0,33.626004916244085,-75.16894515521574,-89.72799553334177,FLAT
2026-10-05T23:19:09.959355+00:00,2,PERP,APT|BITGET|HTX,APT,BITGET,HTX,9.616003864716394,-0.4247612822640215,15.560727099653096,13.995445166872823,-6.658922229418884,25.89948985327606,21.999999999999996,32.527131729781416,-82.7467810588534,-70.86589448340438,FLAT
2026-10-05T23:19:10.592529+00:00,2,PERP,ICP|HTX|OKX,ICP,HTX,OKX,5.604595768529119,0.7328759626884467,-6.277585734002439,16.213086671506513,-11.191941801902416,22.452989054166927,20.0,33.626004916244085,-64.54036098414406,-88.35657970441345,FLAT
2026-10-05T23:19:10.931495+00:00,2,SPOT,ICP|BITGET|HTX,ICP,BITGET,HTX,-21.85494377683117,-0.8329358257252367,-4.630322682589141,20.679409580257353,-73.53458975348227,29.886688590643473,60.0,103.64776279492206,-238.5520298658152,-204.16477406815468,FLAT
2026-10-05T23:19:11.582604+00:00,2,PERP,DOT|GATE|HTX,DOT,GATE,HTX,-6.444222789379062,-0.4438699780037766,-1.139498708937527,11.951076538896713,-46.87114585669616,34.01567492971047,20.0,80.93896621688927,-152.67061336464792,-142.09413985553726,FLAT
2026-10-05T23:34:57.861813+00:00,0,PERP,OP|GATE|OKX,OP,GATE,OKX,-0.9266241749250614,-0.2652675559858789,0.6676463771848606,6.010047275418749,-10.951150670736043,9.113108423015603,20.0,20.066106943481284,-57.684903991402194,-54.51156898931203,FLAT
2026-10-05T23:34:58.098903+00:00,0,PERP,OP|BITGET|GATE,OP,BITGET,GATE,4.960382298921928,1.0329033006947483,-4.000727090136824,8.675651808868611,-8.388101505154566,18.324281456170155,21.999999999999996,26.699130276012934,-59.08650469103067,-77.02413882231991,FLAT
2026-10-05T23:34:58.559204+00:00,0,PERP,ICP|BITGET|HTX,ICP,BITGET,HTX,-1.1770671959465684,0.27235732545376745,-5.54088994726846,16.022417403502697,-24.675604771207116,22.34012845573785,21.999999999999996,47.02126054086389,-94.15597536480254,-102.9022789438702,FLAT
2026-10-05T23:34:59.521181+00:00,0,PERP,ICP|HTX|MEXC,ICP,HTX,MEXC,-4.187604690117919,-0.14645034556717643,-1.8428726957632482,16.010423091006963,-25.076623014765875,16.783216783216037,26.0,41.87721645980471,-97.11096677880734,-92.503305938784,FLAT
2026-10-05T23:34:59.917458+00:00,0,PERP,APT|BITGET|HTX,APT,BITGET,HTX,15.676061409106712,0.0011794477904073918,15.65961553737986,13.943704724031136,-3.5788024933214313,34.94141513004312,21.999999999999996,38.45992475255829,-85.69834278325956,-85.74172434522154,FLAT
2026-10-05T23:35:00.409472+00:00,0,PERP,ICP|HTX|OKX,ICP,HTX,OKX,-4.187604690117919,0.14079255607490576,-6.4712940867066,16.2202424634843,-25.076623014765875,16.783216783216037,20.0,41.87721645980471,-86.482545387864,-91.13172732972735,FLAT
2026-10-05T23:35:00.641743+00:00,0,SPOT,ICP|BITGET|HTX,ICP,BITGET,HTX,-2.2791082862572143,0.07800603845631764,-3.892300625308598,20.68035207242001,-75.56439720189046,71.08464460578557,60.0,146.68243034008557,-284.35452691666745,-287.65937557117974,FLAT
2026-10-05T23:35:01.084224+00:00,0,PERP,DOT|GATE|HTX,DOT,GATE,HTX,-6.530529576921351,-0.5241769386869148,-0.6301262557997789,11.25651070400451,-38.26209876768183,25.24347016154005,20.0,63.54704016224837,-127.17901267413043,-115.4206365795882,FLAT
2026-10-05T23:35:11.361663+00:00,1,PERP,OP|GATE|OKX,OP,GATE,OKX,-2.244189486718673,-0.4844946687546067,0.6676463771848606,6.010047275418749,-10.031461039243794,5.55322972272787,20.0,15.588182438045418,-52.287289854474075,-46.47376578358843,FLAT
2026-10-05T23:35:11.588607+00:00,1,PERP,OP|BITGET|GATE,OP,BITGET,GATE,4.0286529955113615,0.9255074157586891,-4.000727090136824,8.675651808868611,-8.25137073944604,16.322858184001365,21.999999999999996,24.56432462552555,-56.81496827483476,-72.88790989966373,FLAT
2026-10-05T23:35:11.989346+00:00,1,PERP,ICP|BITGET|HTX,ICP,BITGET,HTX,-3.970456496259489,0.09801476340677874,-5.54088994726846,16.022417403502697,-27.464404463042325,19.542155220546586,21.999999999999996,47.02522343361627,-96.94873794939012,-100.1082686014313,FLAT
2026-10-05T23:35:12.696496+00:00,1,PERP,ICP|HTX|MEXC,ICP,HTX,MEXC,-1.3958682300407865,0.027919591080234698,-1.8428726957632482,16.010423091006963,-22.290331568681765,19.58041958041834,26.0,41.87643664519789,-94.3238955181164,-95.29972892137947,FLAT
2026-10-05T23:35:13.150067+00:00,1,PERP,APT|BITGET|HTX,APT,BITGET,HTX,17.70844780748737,0.1469360052193641,15.65961553737986,13.943704724031136,-1.424496588453561,36.85133365843862,21.999999999999996,38.20816693178578,-83.2922790576192,-87.39988505284454,FLAT
2026-10-05T23:35:13.659073+00:00,1,PERP,ICP|HTX|OKX,ICP,HTX,OKX,-4.187604690117919,0.14079255607490576,-6.4712940867066,16.2202424634843,-25.076623014765875,16.783216783216037,20.0,41.87721645980471,-86.482545387864,-91.13172732972735,FLAT
2026-10-05T23:35:13.889948+00:00,1,SPOT,ICP|BITGET|HTX,ICP,BITGET,HTX,-17.012132081208886,-0.634410449587912,-3.892300625308598,20.68035207242001,-101.69664838210247,67.75158682380322,60.0,169.7369569384904,-333.5413046952843,-307.3808443876022,FLAT
2026-10-05T23:35:14.364849+00:00,1,PERP,DOT|GATE|HTX,DOT,GATE,HTX,-7.139940891252028,-0.5783155017243824,-0.6301262557997789,11.25651070400451,-38.26209876768183,24.02002954319915,20.0,62.326606182631984,-125.95857869451405,-112.97676198163091,FLAT
2026-10-05T23:35:24.612647+00:00,2,PERP,OP|GATE|OKX,OP,GATE,OKX,-2.8260013001280004,-0.5813011973469778,0.6676463771848606,6.010047275418749,-11.264869124912869,5.625131223505608,20.0,16.89476590543135,-54.82728140752908,-47.852250751752095,FLAT
2026-10-05T23:35:24.838324+00:00,2,PERP,OP|BITGET|GATE,OP,BITGET,GATE,4.684165896418069,1.0010651854050705,-4.000727090136824,8.675651808868611,-9.047714904569792,18.43383501261675,21.999999999999996,27.46867162164486,-60.515659436077826,-77.90323372439843,FLAT
2026-10-05T23:35:25.309924+00:00,2,PERP,ICP|BITGET|HTX,ICP,BITGET,HTX,-3.4685033875780924,0.1293429391770382,-5.54088994726846,16.022417403502697,-26.463205020920142,19.542155220546586,21.999999999999996,46.02131721625189,-94.94363228990358,-99.10436238406693,FLAT
2026-10-05T23:35:26.024246+00:00,2,PERP,ICP|HTX|MEXC,ICP,HTX,MEXC,-1.3958682300407865,0.027919591080234698,-1.8428726957632482,16.010423091006963,-22.290331568681765,19.58041958041834,26.0,41.87643664519789,-94.3238955181164,-95.29972892137947,FLAT
2026-10-05T23:35:26.479266+00:00,2,PERP,APT|BITGET|HTX,APT,BITGET,HTX,18.77750148961521,0.22360527664228735,15.65961553737986,13.943704724031136,-2.211762375798898,39.77766527635262,21.999999999999996,41.91072694889918,-87.78210486207794,-94.02877668787194,FLAT
2026-10-05T23:35:26.958527+00:00,2,PERP,ICP|HTX|OKX,ICP,HTX,OKX,-1.3958682300407865,0.31290690432598817,-6.4712940867066,16.2202424634843,-22.290331568681765,19.58041958041834,20.0,41.87643664519789,-83.69547412717304,-93.92815031232283,FLAT
2026-10-05T23:35:27.187652+00:00,2,SPOT,ICP|BITGET|HTX,ICP,BITGET,HTX,-7.937258852633855,-0.19559426324853263,-3.892300625308598,20.68035207242001,-83.55213979304277,67.75158682380322,60.0,151.42387951204486,-297.08371867977905,-289.0677669611567,FLAT
2026-10-05T23:35:27.579351+00:00,2,PERP,DOT|GATE|HTX,DOT,GATE,HTX,-7.939281660102049,-0.6493269181276605,-0.6301262557997789,11.25651070400451,-38.26209876768183,22.41551725684854,20.0,60.725811099471095,-124.35778361135314,-109.77145461211941,FLAT
2026-10-05T23:49:48.206347+00:00,0,PERP,OP|GATE|OKX,OP,GATE,OKX,-1.0030656392900905,-0.29937723932654736,0.7781991140813781,5.949900391153465,-9.389130599417594,7.3935670340707915,20.0,16.784374562161137,-52.951704275660106,-49.39974248215054,FLAT
2026-10-05T23:49:48.419885+00:00,0,PERP,OP|BITGET|GATE,OP,BITGET,GATE,7.106723654208835,1.2794677201852906,-3.9507902698066033,8.642276588591157,-2.7859801955165686,17.006601328337645,21.999999999999996,19.77852287406474,-46.6137127997747,-68.73591447220898,FLAT
2026-10-05T23:49:48.936142+00:00,0,PERP,ICP|BITGET|HTX,ICP,BITGET,HTX,0.9262218875938366,0.40957510604315417,-5.656630041777509,16.0723926631365,-22.271714922048602,24.141383616604895,21.999999999999996,46.4087936620622,-91.02387854233328,-104.2068073204446,FLAT
2026-10-05T23:49:49.605383+00:00,0,PERP,ICP|HTX|MEXC,ICP,HTX,MEXC,-4.177109440269833,-0.1604644524261018,-1.6104874579204855,15.994956786652457,-25.01389660922726,16.741071428567622,26.0,41.77225810497958,-97.17566725628636,-92.12381699146769,FLAT
2026-10-05T23:49:50.109335+00:00,0,PERP,APT|BITGET|HTX,APT,BITGET,HTX,-2.160145931804358,-1.2301456878064752,15.363184529229178,14.244922885743827,-25.146818440822116,20.8396163989355,21.999999999999996,45.99636700030668,-114.50636997035798,-79.472798870013,FLAT
2026-10-05T23:49:50.605820+00:00,0,PERP,ICP|HTX|OKX,ICP,HTX,OKX,-9.746588693956282,-0.21396314164226354,-6.277585734002439,16.213086671506513,-30.57254030016443,11.160714285713969,20.0,41.77381122181812,-92.06876578798011,-85.21211124153453,FLAT
2026-10-05T23:49:51.041662+00:00,0,SPOT,ICP|BITGET|HTX,ICP,BITGET,HTX,9.20412116814262,0.665401659737158,-4.4342325345423586,20.496422729201335,-78.14165772601966,96.64779595055961,60.0,174.62866850472085,-314.33609369619813,-341.71069698982285,FLAT
2026-10-05T23:49:51.483661+00:00,0,PERP,DOT|GATE|HTX,DOT,GATE,HTX,-7.901209185797731,-0.6467964499635513,-0.6188068679522744,11.25918721145708,-38.28899770338734,22.51136545619703,20.0,60.84843067310917,-124.51862150854423,-109.97860299725846,FLAT
2026-10-05T23:50:01.757827+00:00,1,PERP,OP|GATE|OKX,OP,GATE,OKX,0.23487173924419125,-0.09131705391993224,0.7781991140813781,5.949900391153465,-7.498858361892902,7.977781743373491,20.0,15.476271166372745,-49.75332864234703,-48.675853795664864,FLAT
2026-10-05T23:50:02.034467+00:00,1,PERP,OP|BITGET|GATE,OP,BITGET,GATE,7.03021277812077,1.2706146274493941,-3.9507902698066033,8.642276588591157,-2.538850583120311,16.606215271603997,21.999999999999996,19.131613408329383,-45.71967372164309,-67.68861894973998,FLAT
2026-10-05T23:50:03.439923+00:00,1,PERP,ICP|BITGET|HTX,ICP,BITGET,HTX,-4.563752196590221,0.06799720913326762,-5.656630041777509,16.0723926631365,-39.77146866295356,30.666294953998197,21.999999999999996,70.4699172614884,-132.58475588266447,-134.7928422572641,FLAT
2026-10-05T23:50:04.974838+00:00,1,PERP,ICP|HTX|MEXC,ICP,HTX,MEXC,2.220446049250313e-12,0.10068720281049041,-1.6104874579204855,15.994956786652457,-33.35186214563524,33.5664335664343,26.0,66.91760769552495,-130.6589823832397,-134.09452871987975,FLAT
2026-10-05T23:50:05.365853+00:00,1,PERP,APT|BITGET|HTX,APT,BITGET,HTX,-2.863797577491445,-1.2795423501352892,15.363184529229178,14.244922885743827,-25.42671240499672,19.71005441394169,21.999999999999996,45.14969412720254,-113.93959106142844,-77.49656401191505,FLAT
2026-10-05T23:50:05.853438+00:00,1,PERP,ICP|HTX|OKX,ICP,HTX,OKX,-5.576467307958355,0.04324398186782382,-6.277585734002439,16.213086671506513,-38.910505836572405,27.97202797202747,20.0,66.91916341244352,-125.55208351501349,-127.16877711847343,FLAT
2026-10-05T23:50:06.066591+00:00,1,SPOT,ICP|BITGET|HTX,ICP,BITGET,HTX,9.30582214829112,0.6703635490137491,-4.4342325345423586,20.496422729201335,-78.67277694293739,97.3626348677592,60.0,175.8717139707835,-316.1102583791785,-343.6685813730851,FLAT
2026-10-05T23:50:06.452661+00:00,1,PERP,DOT|GATE|HTX,DOT,GATE,HTX,-9.344886079070136,-0.7750185734755712,-0.6188068679522744,11.25918721145708,-38.28899770338734,19.62283411916621,20.0,57.96599075619365,-121.63618159162871,-104.20763174331213,FLAT
2026-10-05T23:50:16.705329+00:00,2,PERP,OP|GATE|OKX,OP,GATE,OKX,0.44698449806590546,-0.05566725394393744,0.7781991140813781,5.949900391153465,-7.904996374872297,8.809496388639815,20.0,16.713739050186682,-51.39693453914036,-50.745036324745115,FLAT
2026-10-05T23:50:16.930012+00:00,2,PERP,OP|BITGET|GATE,OP,BITGET,GATE,8.162154877566774,1.4015919327742785,-3.9507902698066033,8.642276588591157,-1.7673795547623605,18.098889842483867,21.999999999999996,19.850064857041442,-45.6666541419972,-69.8997449693319,FLAT
2026-10-05T23:50:17.414469+00:00,2,PERP,ICP|BITGET|HTX,ICP,BITGET,HTX,-6.039376251100181,-0.02381389114518932,-5.656630041777509,16.0723926631365,-41.7827298050133,29.73053409534243,21.999999999999996,71.55646968272436,-135.68256944596016,-134.9436338198443,FLAT
2026-10-05T23:50:18.170653+00:00,2,PERP,ICP|HTX|MEXC,ICP,HTX,MEXC,2.788233653983063,0.2750067518515719,-1.6104874579204855,15.994956786652457,-30.57254030016443,36.3636363636366,26.0,66.91683048753654,-127.87888332978049,-136.89095430909362,FLAT
2026-10-05T23:50:18.679031+00:00,2,PERP,APT|BITGET|HTX,APT,BITGET,HTX,-1.6200463902282802,-1.1922304568215039,15.363184529229178,14.244922885743827,-24.069351418365414,20.8396163989355,21.999999999999996,44.91624206797845,-112.34877801557303,-78.39267393768476,FLAT
2026-10-05T23:50:19.103544+00:00,2,PERP,ICP|HTX|OKX,ICP,HTX,OKX,-5.576467307958355,0.04324398186782382,-6.277585734002439,16.213086671506513,-38.910505836572405,27.97202797202747,20.0,66.91916341244352,-125.55208351501349,-127.16877711847343,FLAT
2026-10-05T23:50:19.324844+00:00,2,SPOT,ICP|BITGET|HTX,ICP,BITGET,HTX,-27.872749966176833,-1.1435418629535545,-4.4342325345423586,20.496422729201335,-119.2702724540129,63.60309797675878,60.0,183.38447985912066,-364.2205197785912,-317.4218103704218,FLAT
2026-10-05T23:50:19.769703+00:00,2,PERP,DOT|GATE|HTX,DOT,GATE,HTX,-9.344886079070136,-0.7750185734755712,-0.6188068679522744,11.25918721145708,-38.28899770338734,19.62283411916621,20.0,57.96599075619365,-121.63618159162871,-104.20763174331213,FLAT
2026-10-06T00:04:19.460612+00:00,0,PERP,OP|GATE|OKX,OP,GATE,OKX,-4.369869039785312,-0.7889102993886875,0.5184541710623788,6.196297873960532,-14.862572198088841,6.141006558393336,20.0,21.01274532808788,-62.3937716972391,-52.63529771541884,FLAT
2026-10-06T00:04:19.703322+00:00,0,PERP,OP|BITGET|GATE,OP,BITGET,GATE,5.219434389513999,0.9971160747568486,-3.6243888138060476,8.869401895337667,-5.936929512054823,16.383859247661725,21.999999999999996,22.309141738414485,-52.62168243666326,-70.31738979988225,FLAT
2026-10-06T00:04:20.267816+00:00,0,PERP,ICP|BITGET|HTX,ICP,BITGET,HTX,-5.39203557364254,0.011222389430704461,-5.573086126440283,16.13297719845554,-38.778538596346834,28.01373968253751,21.999999999999996,66.8283067788251,-128.03375924873166,-128.41513258780287,FLAT
2026-10-06T00:04:20.992801+00:00,0,PERP,ICP|HTX|MEXC,ICP,HTX,MEXC,-1.495420686759008,0.0048809005616445135,-1.5743746648684709,16.176108714425638,-33.31482509716932,30.51886001676163,26.0,63.84263734092957,-127.58308777323042,-127.93587202255966,FLAT
2026-10-06T00:04:21.452951+00:00,0,PERP,APT|BITGET|HTX,APT,BITGET,HTX,21.68134768903318,0.43269375446296937,15.63489090766257,13.973986726189452,10.039104746657479,33.32863668100039,21.999999999999996,23.239145242235974,-56.83493140324106,-68.93289101557379,FLAT
2026-10-06T00:04:21.961195+00:00,0,PERP,ICP|HTX|OKX,ICP,HTX,OKX,-1.495420686759008,0.28380498381357977,-6.157490891025698,16.42702020810536,-33.31482509716932,30.51886001676163,20.0,63.84263734092957,-116.99997154707319,-126.5189882487169,FLAT
2026-10-06T00:04:22.213271+00:00,0,SPOT,ICP|BITGET|HTX,ICP,BITGET,HTX,7.937758968410424,0.59037015779154,-4.225738897740256,20.6031719347942,-73.1084265061599,89.06737881512416,60.0,162.0471332883575,-296.92982089677713,-321.3402510012219,FLAT
2026-10-06T00:04:22.603981+00:00,0,PERP,DOT|GATE|HTX,DOT,GATE,HTX,-2.391691677499086,-0.15447752625636654,-0.6809613362847763,11.07429917265266,-27.829319286513112,23.084349902975365,20.0,50.92582009244998,-104.07417804267831,-100.69113133171012,FLAT
2026-10-06T00:04:32.860054+00:00,1,PERP,OP|GATE|OKX,OP,GATE,OKX,-1.4686721465739794,-0.32069573768993653,0.5184541710623788,6.196297873960532,-11.087127745498249,8.164614690784333,20.0,19.254558873961994,-56.86014079052262,-52.90071939368395,FLAT
2026-10-06T00:04:33.093041+00:00,1,PERP,OP|BITGET|GATE,OP,BITGET,GATE,-0.1311140789617138,0.3938568548439129,-3.6243888138060476,8.869401895337667,-11.071589132261028,10.81726594186705,21.999999999999996,21.889139216750866,-57.336339535205845,-64.33079397242396,FLAT
2026-10-06T00:04:33.564196+00:00,1,PERP,ICP|BITGET|HTX,ICP,BITGET,HTX,-2.7116096056611916,0.17736816246495593,-5.573086126440283,16.13297719845554,-36.40576179531507,31.004014428970272,21.999999999999996,67.42805324060375,-126.26072890947853,-132.0051537960143,FLAT
2026-10-06T00:04:34.298970+00:00,1,PERP,ICP|HTX|MEXC,ICP,HTX,MEXC,-4.280131612622862,-0.16726871681700758,-1.5743746648684709,16.176108714425638,-36.091060521933336,27.725621682028745,26.0,63.843413250502124,-130.36009910756698,-125.14340959739934,FLAT
2026-10-06T00:04:34.887562+00:00,1,PERP,APT|BITGET|HTX,APT,BITGET,HTX,13.497157083290912,-0.15297952304228313,15.63489090766257,13.973986726189452,2.149657822017037,24.85023301672218,21.999999999999996,22.669975802282,-64.15520888792753,-59.8853179113416,FLAT
2026-10-06T00:04:35.358302+00:00,1,PERP,ICP|HTX|OKX,ICP,HTX,OKX,-4.280131612622862,0.11428483404899668,-6.157490891025698,16.42702020810536,-36.091060521933336,27.725621682028745,20.0,63.843413250502124,-119.77698288140977,-123.72652582355656,FLAT
2026-10-06T00:04:35.599416+00:00,1,SPOT,ICP|BITGET|HTX,ICP,BITGET,HTX,1.1549892694762143,0.26116018369625943,-4.225738897740256,20.6031719347942,-69.22691390405133,71.60339611326006,60.0,140.81401474497665,-271.81518975128773,-282.643149755977,FLAT
2026-10-06T00:04:35.997777+00:00,1,PERP,DOT|GATE|HTX,DOT,GATE,HTX,0.7083810616537178,0.12545646241609534,-0.6809613362847763,11.07429917265266,-22.67820793112496,24.114045575636123,20.0,46.78893129107279,-94.78617788591298,-97.58393820299369,FLAT
2026-10-06T00:04:46.260737+00:00,2,PERP,OP|GATE|OKX,OP,GATE,OKX,-1.0277656857560213,-0.2495393036729675,0.5184541710623788,6.196297873960532,-9.671242602184993,7.627282956106374,20.0,17.300295882513886,-53.489992655761256,-50.40912466755788,FLAT
2026-10-06T00:04:46.551685+00:00,2,PERP,OP|BITGET|GATE,OP,BITGET,GATE,5.571968625166512,1.0368633136138259,-3.6243888138060476,8.869401895337667,-4.733499171943878,15.884887953587778,21.999999999999996,20.606902331207127,-49.71601268934496,-68.11617909860095,FLAT
2026-10-06T00:04:47.041151+00:00,2,PERP,ICP|BITGET|HTX,ICP,BITGET,HTX,-4.606230045711701,0.0599304188455149,-5.573086126440283,16.13297719845554,-38.747851400492415,29.560262545251792,21.999999999999996,68.33958367439848,-129.51434894845062,-131.47293234609054,FLAT
2026-10-06T00:04:47.771612+00:00,2,PERP,ICP|HTX|MEXC,ICP,HTX,MEXC,-1.495420686759008,0.0048809005616445135,-1.5743746648684709,16.176108714425638,-33.31482509716932,30.51886001676163,26.0,63.84263734092957,-127.58308777323042,-127.93587202255966,FLAT
2026-10-06T00:04:48.241807+00:00,2,PERP,APT|BITGET|HTX,APT,BITGET,HTX,13.755719751131767,-0.13447638053132965,15.63489090766257,13.973986726189452,2.1733746320662384,25.34430058579451,21.999999999999996,23.139094785267865,-64.6006110608642,-60.8485044633998,FLAT
2026-10-06T00:04:48.761823+00:00,2,PERP,ICP|HTX|OKX,ICP,HTX,OKX,-1.495420686759008,0.28380498381357977,-6.157490891025698,16.42702020810536,-33.31482509716932,30.51886001676163,20.0,63.84263734092957,-116.99997154707319,-126.5189882487169,FLAT
2026-10-06T00:04:49.014536+00:00,2,SPOT,ICP|BITGET|HTX,ICP,BITGET,HTX,-7.377583905378016,-0.15297862958251543,-4.225738897740256,20.6031719347942,-85.10042539798258,70.41625219231574,60.0,155.6314635987969,-302.50615009903925,-296.2734546888529,FLAT
2026-10-06T00:04:49.457541+00:00,2,PERP,DOT|GATE|HTX,DOT,GATE,HTX,0.7083810616537178,0.12545646241609534,-0.6809613362847763,11.07429917265266,-22.67820793112496,24.114045575636123,20.0,46.78893129107279,-94.78617788591298,-97.58393820299369,FLAT
2026-10-06T00:36:01.708715+00:00,0,PERP,OP|GATE|OKX,OP,GATE,OKX,1.350040995096169,0.10995822179200047,0.6692772124925842,6.191113056478244,-7.81725486500795,10.530907541654866,20.0,18.34567562807987,-52.83220770558041,-54.207305957242156,FLAT
2026-10-06T00:36:02.065491+00:00,0,PERP,OP|BITGET|GATE,OP,BITGET,GATE,2.3897063489397574,0.6582378541035544,-3.493571367194945,8.937920661137094,-9.747543621273502,14.538576016143168,21.999999999999996,24.28031179644574,-58.53428405052429,-70.31245917978384,FLAT
2026-10-06T00:36:03.170399+00:00,0,PERP,ICP|BITGET|HTX,ICP,BITGET,HTX,-9.449973791649802,-0.23355293852979295,-5.689192515015105,16.102478951062125,-46.93594835654569,28.056014664064044,21.999999999999996,75.06289191542481,-144.3096477569554,-136.80809909450397,FLAT
2026-10-06T00:36:03.818477+00:00,0,PERP,ICP|HTX|MEXC,ICP,HTX,MEXC,2.7890112954964685,0.2628870847562401,-1.4584729495230784,16.157067012089968,-33.35186214563524,39.18275958578299,26.0,72.51351604137332,-136.4069052374855,-145.1547485766794,FLAT
2026-10-06T00:36:04.257449+00:00,0,PERP,APT|BITGET|HTX,APT,BITGET,HTX,17.274893258092394,0.11118295283102803,15.71937267032774,13.99063928558077,11.76902321173845,22.784195007641284,21.999999999999996,10.996174951924086,-42.946524410513376,-46.060997289237626,FLAT
2026-10-06T00:36:04.750935+00:00,0,PERP,ICP|HTX|OKX,ICP,HTX,OKX,2.7890112954964685,0.5256922763095332,-5.886697830088985,16.503398502429402,-33.35186214563524,39.18275958578299,20.0,72.51351604137332,-125.97868035691957,-143.5829734572453,FLAT
2026-10-06T00:36:05.075510+00:00,0,SPOT,ICP|BITGET|HTX,ICP,BITGET,HTX,29.16209419249416,1.6237395576308655,-4.708073245115201,20.8593596666623,-54.05978118163901,112.47763876051087,60.0,166.05312158053886,-281.4048295170627,-349.2388335861649,FLAT
2026-10-06T00:36:05.565961+00:00,0,PERP,DOT|GATE|HTX,DOT,GATE,HTX,4.565267139595708,0.49099285487638805,-0.85103027163489,11.031316153458487,-31.614068882491743,40.79214838896172,20.0,72.37314577666723,-129.13618438752408,-140.01632443726385,FLAT
2026-10-06T00:36:15.958317+00:00,1,PERP,OP|GATE|OKX,OP,GATE,OKX,1.2795191298109465,0.0985674000379978,0.6692772124925842,6.191113056478244,-7.766369042768728,10.338405663610217,20.0,18.1024491311828,-52.53809538644411,-53.77157758230044,FLAT
2026-10-06T00:36:16.297778+00:00,1,PERP,OP|BITGET|GATE,OP,BITGET,GATE,2.4709667405220515,0.6673294979727623,-3.493571367194945,8.937920661137094,-8.339700106414494,13.28949017673553,21.999999999999996,21.623844249328528,-54.46997298854808,-66.406905793259,FLAT
2026-10-06T00:36:16.786668+00:00,1,PERP,ICP|BITGET|HTX,ICP,BITGET,HTX,-13.588389588045091,-0.4905578263469149,-5.689192515015105,16.102478951062125,-52.466901141424714,25.321896153844836,21.999999999999996,77.89463057525685,-152.67233920166646,-136.9057192441168,FLAT
2026-10-06T00:36:17.491842+00:00,1,PERP,ICP|HTX|MEXC,ICP,HTX,MEXC,8.367033886487185,0.6081244095019261,-1.4584729495230784,16.157067012089968,-27.793218454694735,44.78029666946437,26.0,72.51196205856245,-130.8467075637341,-150.75073167754988,FLAT
2026-10-06T00:36:17.932823+00:00,1,PERP,APT|BITGET|HTX,APT,BITGET,HTX,10.160808979751135,-0.39730591126778964,15.71937267032774,13.99063928558077,-5.090419029384341,25.419732996418976,21.999999999999996,30.47918077116254,-79.28897247087461,-68.17954109725378,FLAT
2026-10-06T00:36:18.387976+00:00,1,PERP,ICP|HTX|OKX,ICP,HTX,OKX,5.578022590992937,0.6946884557986189,-5.886697830088985,16.503398502429402,-30.57254030016443,41.981528127623676,20.0,72.51273883338492,-123.19858130346036,-146.38096479109757,FLAT
2026-10-06T00:36:18.723394+00:00,1,SPOT,ICP|BITGET|HTX,ICP,BITGET,HTX,13.310481430748311,0.8638114958370943,-4.708073245115201,20.8593596666623,-38.18773701122935,64.8701575200139,60.0,102.92086525494699,-202.40052902106115,-238.49909602007608,FLAT
2026-10-06T00:36:19.213543+00:00,1,PERP,DOT|GATE|HTX,DOT,GATE,HTX,4.954028046597614,0.5262344254735668,-0.85103027163489,11.031316153458487,-31.79649299017928,41.75637877431582,20.0,73.51641500405636,-130.46187772260075,-142.12382405000707,FLAT
2026-10-06T00:36:29.595919+00:00,2,PERP,OP|GATE|OKX,OP,GATE,OKX,-1.09789613334077,-0.2854370982588055,0.6692772124925842,6.191113056478244,-10.75623644251178,8.57506123734142,20.0,19.333409234911883,-56.75892288991625,-53.23919325976072,FLAT
2026-10-06T00:36:29.931207+00:00,2,PERP,OP|BITGET|GATE,OP,BITGET,GATE,4.089056441602956,0.848365978651821,-3.493571367194945,8.937920661137094,-7.1078387190393055,15.294094798730118,21.999999999999996,22.39277402599569,-54.007041377840046,-69.18044019192075,FLAT
2026-10-06T00:36:30.406842+00:00,2,PERP,ICP|BITGET|HTX,ICP,BITGET,HTX,-12.257845810411672,-0.40792807836356754,-5.689192515015105,16.102478951062125,-51.27404434855154,26.791280044591304,21.999999999999996,78.16111919942165,-151.7459710329581,-138.64159175902807,FLAT
2026-10-06T00:36:31.115091+00:00,2,PERP,ICP|HTX|MEXC,ICP,HTX,MEXC,8.367033886487185,0.6081244095019261,-1.4584729495230784,16.157067012089968,-27.793218454694735,44.78029666946437,26.0,72.51196205856245,-130.8467075637341,-150.75073167754988,FLAT
2026-10-06T00:36:31.609378+00:00,2,PERP,APT|BITGET|HTX,APT,BITGET,HTX,23.35411042305502,0.5457032803780382,15.71937267032774,13.99063928558077,12.249173499820909,34.46512971005289,21.999999999999996,22.16419204613189,-53.63439121663872,-68.90994908585704,FLAT
2026-10-06T00:36:32.089384+00:00,2,PERP,ICP|HTX|OKX,ICP,HTX,OKX,5.578022590992937,0.6946884557986189,-5.886697830088985,16.503398502429402,-30.57254030016443,41.981528127623676,20.0,72.51273883338492,-123.19858130346036,-146.38096479109757,FLAT
2026-10-06T00:36:32.415510+00:00,2,SPOT,ICP|BITGET|HTX,ICP,BITGET,HTX,6.720529591908164,0.547888478824626,-4.708073245115201,20.8593596666623,-51.3601779417916,64.87018671069045,60.0,116.15226327830759,-228.804367974984,-251.73052323411326,FLAT
2026-10-06T00:36:32.808243+00:00,2,PERP,DOT|GATE|HTX,DOT,GATE,HTX,10.206462777133662,1.0023729621149384,-0.85103027163489,11.031316153458487,-23.625834377875023,44.06651407254935,20.0,67.62331758373553,-116.39812168997565,-138.54086192791976,FLAT
2026-10-06T00:59:33.558497+00:00,0,PERP,OP|GATE|OKX,OP,GATE,OKX,0.05443996217602276,-0.08669093457999129,0.5885747785071744,6.161368762708353,-9.778450550496087,9.902682062112866,20.0,19.681013494769946,-56.048038823773204,-54.995120778375636,FLAT
2026-10-06T00:59:33.792445+00:00,0,PERP,OP|BITGET|GATE,OP,BITGET,GATE,0.2162081905643376,0.4165965370815943,-3.503251845306686,8.928206801542695,-14.122651425199084,14.573857660065137,21.999999999999996,28.69587635372325,-67.31527593361565,-74.77298585909507,FLAT
2026-10-06T00:59:34.291692+00:00,0,PERP,ICP|BITGET|HTX,ICP,BITGET,HTX,-41.81575403182425,-2.0966221990866147,-6.312599858767966,16.933501032528937,-72.3932295798313,-11.213905242499767,21.999999999999996,61.43621479191049,-155.51684451297382,-84.53490940817869,FLAT
2026-10-06T00:59:35.017033+00:00,0,PERP,ICP|HTX|MEXC,ICP,HTX,MEXC,36.583649922610206,2.1616939897714453,-0.7540491681761988,17.27242582320086,8.419870895310932,64.8984198645608,26.0,56.27228076504659,-79.09836070155946,-153.9247497977836,FLAT
2026-10-06T00:59:35.466015+00:00,0,PERP,APT|BITGET|HTX,APT,BITGET,HTX,10.55342266460535,-0.358769032755037,15.570976624897124,13.985471158871443,-0.7418927525160157,21.855305876992137,21.999999999999996,22.573374084833635,-66.88624346224677,-56.857703336928644,FLAT
2026-10-06T00:59:35.905678+00:00,0,PERP,ICP|HTX|OKX,ICP,HTX,OKX,39.397776839735776,2.523584017970582,-5.2985314892183,17.711440558613933,11.226494527083464,67.72009029345494,20.0,56.27149481708873,-65.74646880078696,-155.29011659976197,FLAT
2026-10-06T00:59:36.363552+00:00,0,PERP,DOT|GATE|HTX,DOT,GATE,HTX,2.1151511081196617,0.25246657700914515,-0.6807765299525635,11.074446650302338,-33.67363847529003,37.933156029963385,20.0,71.59163987185147,-130.58450181718894,-136.20557243176742,FLAT
2026-10-06T00:59:46.608229+00:00,1,PERP,OP|GATE|OKX,OP,GATE,OKX,1.5277788983958374,0.1524343301074901,0.5885747785071744,6.161368762708353,-8.1056190085671,11.176265239534189,20.0,19.278927047327738,-53.97312083440202,-55.86661750835476,FLAT
2026-10-06T00:59:46.835132+00:00,1,PERP,OP|BITGET|GATE,OP,BITGET,GATE,0.9853528377190557,0.5027442556830293,-3.503251845306686,8.928206801542695,-12.887236865468665,14.873837536104606,21.999999999999996,27.75833012573262,-65.1423151458946,-74.13541950714391,FLAT
2026-10-06T00:59:47.280629+00:00,1,PERP,ICP|BITGET|HTX,ICP,BITGET,HTX,-42.25121653979369,-2.122338234248683,-6.312599858767966,16.933501032528937,-72.8291316526608,-11.648916876925153,21.999999999999996,61.43979566789644,-155.95632746178927,-84.10347864973924,FLAT
2026-10-06T00:59:48.244187+00:00,1,PERP,ICP|HTX|MEXC,ICP,HTX,MEXC,36.583649922610206,2.1616939897714453,-0.7540491681761988,17.27242582320086,8.419870895310932,64.8984198645608,26.0,56.27228076504659,-79.09836070155946,-153.9247497977836,FLAT
2026-10-06T00:59:48.687953+00:00,1,PERP,APT|BITGET|HTX,APT,BITGET,HTX,10.767163223910359,-0.34348598959710763,15.570976624897124,13.985471158871443,0.1674749999969194,21.371538405468016,21.999999999999996,21.18125616522128,-64.58475779012149,-54.98181794579217,FLAT
2026-10-06T00:59:49.156086+00:00,1,PERP,ICP|HTX|OKX,ICP,HTX,OKX,39.397776839735776,2.523584017970582,-5.2985314892183,17.711440558613933,11.226494527083464,67.72009029345494,20.0,56.27149481708873,-65.74646880078696,-155.29011659976197,FLAT
2026-10-06T00:59:49.539248+00:00,1,PERP,DOT|GATE|HTX,DOT,GATE,HTX,2.1151511081196617,0.25246657700914515,-0.6807765299525635,11.074446650302338,-33.67363847529003,37.933156029963385,20.0,71.59163987185147,-130.58450181718894,-136.20557243176742,FLAT
2026-10-06T00:59:59.760317+00:00,2,PERP,OP|GATE|OKX,OP,GATE,OKX,0.7462498318777655,0.025590913227742245,0.5885747785071744,6.161368762708353,-8.685639685042101,10.19240523734588,20.0,18.876625473986035,-54.150839937535316,-54.480455932824746,FLAT
2026-10-06T00:59:59.974463+00:00,2,PERP,OP|BITGET|GATE,OP,BITGET,GATE,0.7250291733895686,0.4735868145399202,-3.503251845306686,8.928206801542695,-12.255283350787183,13.719444809019432,21.999999999999996,25.972837395967524,-62.72486890144801,-71.19553405029363,FLAT
2026-10-06T01:00:00.428385+00:00,2,PERP,ICP|BITGET|HTX,ICP,BITGET,HTX,-45.46078568530842,-2.3118778421153148,-6.312599858767966,16.933501032528937,-75.52074600952197,-15.379935313900583,21.999999999999996,60.41545685302435,-157.62360300377836,-79.34812139789173,FLAT
2026-10-06T01:00:01.151204+00:00,2,PERP,ICP|HTX|MEXC,ICP,HTX,MEXC,39.397776839735776,2.32461997051849,-0.7540491681761988,17.27242582320086,11.226494527083464,67.72009029345494,26.0,56.27149481708873,-76.29095112182907,-156.74563427871988,FLAT
2026-10-06T01:00:01.633236+00:00,2,PERP,APT|BITGET|HTX,APT,BITGET,HTX,6.528320445102764,-0.6465750118156232,15.570976624897124,13.985471158871443,-4.751037545205339,17.814211164908222,21.999999999999996,22.550525113448227,-70.87253928355068,-52.79375965345932,FLAT
2026-10-06T01:00:02.204742+00:00,2,PERP,ICP|HTX|OKX,ICP,HTX,OKX,42.69486540549261,2.7097398845611904,-5.2985314892183,17.711440558613933,14.033118158853775,71.5102732609596,20.0,57.23239137800156,-63.90074172992948,-160.04119612817945,FLAT
2026-10-06T01:00:02.689410+00:00,2,PERP,DOT|GATE|HTX,DOT,GATE,HTX,2.1151511081196617,0.25246657700914515,-0.6807765299525635,11.074446650302338,-33.67363847529003,37.933156029963385,20.0,71.59163987185147,-130.58450181718894,-136.20557243176742,FLAT
2026-10-06T01:21:53.588929+00:00,0,PERP,OP|GATE|OKX,OP,GATE,OKX,-0.8106236281701928,-0.21965789046457052,0.5483549349112913,6.186796022702763,-8.50673253115608,6.893765259752271,20.0,15.401741840809596,-50.45682930687696,-47.747152165650576,FLAT
2026-10-06T01:21:53.900628+00:00,0,PERP,OP|BITGET|GATE,OP,BITGET,GATE,4.218471402279711,0.859407996036244,-3.444545146932635,8.91662235463908,-4.828189398340399,13.271774391443447,21.999999999999996,18.092329154970063,-47.475973406377825,-62.80864869334614,FLAT
2026-10-06T01:21:54.644921+00:00,0,PERP,ICP|BITGET|HTX,ICP,BITGET,HTX,-19.39304290129784,-0.8198855649964566,-6.026732901498234,16.302653163380636,-42.23493863444783,3.4633631223646155,21.999999999999996,45.78709225389185,-109.99529798684144,-83.27718827775469,FLAT
2026-10-06T01:21:55.691500+00:00,0,PERP,ICP|HTX|MEXC,ICP,HTX,MEXC,21.126760563381364,1.3345877251339167,-1.0033561225854402,16.5819872828114,0.0,42.337002540220325,26.0,42.24758247305371,-73.24422635046827,-117.58794113585947,FLAT
2026-10-06T01:21:56.232033+00:00,0,PERP,APT|BITGET|HTX,APT,BITGET,HTX,7.8710497389966605,-0.5294972162726331,15.330221031517876,14.087271969113731,-14.038357474369656,29.7937571000384,21.999999999999996,43.797637200606694,-101.16621570649423,-86.26117326912721,FLAT
2026-10-06T01:21:56.800531+00:00,0,PERP,ICP|HTX|OKX,ICP,HTX,OKX,21.126760563381364,1.564862083799388,-5.505966604951374,17.019216865214172,0.0,42.337002540220325,20.0,42.24758247305371,-62.741615868102336,-116.09055161822542,FLAT
2026-10-06T01:21:57.301639+00:00,0,PERP,DOT|GATE|HTX,DOT,GATE,HTX,-9.806925407074285,-0.8550544670002914,-0.4102388882809406,10.989576549151158,-50.99861881454726,31.443206282830705,20.0,82.5227130829904,-159.1110930092567,-140.37615825410205,FLAT
2026-10-06T01:22:07.648491+00:00,1,PERP,OP|GATE|OKX,OP,GATE,OKX,-2.216500727818538,-0.44689620485046705,0.5483549349112913,6.186796022702763,-11.886046743093681,7.468175793896581,20.0,19.358501521719372,-57.79290319972435,-52.278322380704665,FLAT
2026-10-06T01:22:07.959462+00:00,1,PERP,OP|BITGET|GATE,OP,BITGET,GATE,5.970781800006542,1.055929764933987,-3.444545146932635,8.91662235463908,-5.764036272357664,17.71479119837549,21.999999999999996,23.464813544412248,-53.784304669837276,-72.62414988972037,FLAT
2026-10-06T01:22:08.516165+00:00,1,PERP,ICP|BITGET|HTX,ICP,BITGET,HTX,-25.130937057481482,-1.1718463224682663,-6.026732901498234,16.302653163380636,-48.10451095197954,-2.1420999999999246,21.999999999999996,46.078204729677545,-116.15598278015884,-77.96283763117584,FLAT
2026-10-06T01:22:09.295020+00:00,1,PERP,ICP|HTX|MEXC,ICP,HTX,MEXC,21.126760563381364,1.3345877251339167,-1.0033561225854402,16.5819872828114,0.0,42.337002540220325,26.0,42.24758247305371,-73.24422635046827,-117.58794113585947,FLAT
2026-10-06T01:22:09.827741+00:00,1,PERP,APT|BITGET|HTX,APT,BITGET,HTX,10.650566953083196,-0.3321902273694152,15.330221031517876,14.087271969113731,-11.053358860307894,32.36674797806316,21.999999999999996,43.373907708563145,-97.75748760038891,-88.41043465510842,FLAT
2026-10-06T01:22:10.787472+00:00,1,PERP,ICP|HTX|OKX,ICP,HTX,OKX,21.126760563381364,1.564862083799388,-5.505966604951374,17.019216865214172,0.0,42.337002540220325,20.0,42.24758247305371,-62.741615868102336,-116.09055161822542,FLAT
2026-10-06T01:22:11.299570+00:00,1,PERP,DOT|GATE|HTX,DOT,GATE,HTX,16.888199398579218,1.5740768727068288,-0.4102388882809406,10.989576549151158,0.0,33.79023024629557,20.0,33.7332551906274,-59.32301630234646,-93.93372432520391,FLAT
2026-10-06T01:22:21.633814+00:00,2,PERP,OP|GATE|OKX,OP,GATE,OKX,-1.144799862989876,-0.2736723162826202,0.5483549349112913,6.186796022702763,-10.251688538025494,7.97486543842707,20.0,18.228631833693047,-55.02867530662983,-51.65514233720882,FLAT
2026-10-06T01:22:21.944738+00:00,2,PERP,OP|BITGET|GATE,OP,BITGET,GATE,4.2731408902851875,0.8655391840389559,-3.444545146932635,8.91662235463908,-6.205184780256889,14.759159898323215,21.999999999999996,20.95538732309378,-51.71602695641803,-67.15909236834963,FLAT
2026-10-06T01:22:22.537904+00:00,2,PERP,ICP|BITGET|HTX,ICP,BITGET,HTX,-27.38508392015948,-1.3101150349341188,-6.026732901498234,16.302653163380636,-50.54759898904915,-4.2062753513216755,21.999999999999996,46.46857248468484,-118.98943857223576,-76.2890300348614,FLAT
2026-10-06T01:22:23.330504+00:00,2,PERP,ICP|HTX|MEXC,ICP,HTX,MEXC,21.126760563381364,1.3345877251339167,-1.0033561225854402,16.5819872828114,0.0,42.337002540220325,26.0,42.24758247305371,-73.24422635046827,-117.58794113585947,FLAT
2026-10-06T01:22:23.854892+00:00,2,PERP,APT|BITGET|HTX,APT,BITGET,HTX,8.861962365440679,-0.4591562284208625,15.330221031517876,14.087271969113731,-12.082865517475394,29.81544697063576,21.999999999999996,41.86121344970656,-97.27429999869983,-84.34643938882444,FLAT
2026-10-06T01:22:24.443108+00:00,2,PERP,ICP|HTX|OKX,ICP,HTX,OKX,23.94366197183251,1.7303750701347729,-5.505966604951374,17.019216865214172,2.811357885859067,45.15946937623472,20.0,42.24679254393774,-59.9294680531273,-118.91222852512384,FLAT
2026-10-06T01:22:24.935346+00:00,2,PERP,DOT|GATE|HTX,DOT,GATE,HTX,16.888199398579218,1.5740768727068288,-0.4102388882809406,10.989576549151158,0.0,33.79023024629557,20.0,33.7332551906274,-59.32301630234646,-93.93372432520391,FLAT
2026-10-06T01:40:13.362071+00:00,0,PERP,OP|GATE|OKX,OP,GATE,OKX,0.9705963175798971,0.041657499671946555,0.7119289847904658,6.209382099896547,-8.481603937817717,10.436933714579322,20.0,18.916691041155005,-54.11022396376319,-54.64169577094386,FLAT
2026-10-06T01:40:13.595234+00:00,0,PERP,OP|BITGET|GATE,OP,BITGET,GATE,2.4370404611540053,0.6732204975544619,-3.526124523666216,8.85766997065893,-11.162203472558918,16.0529717261082,21.999999999999996,27.20853413675941,-62.844613085652114,-74.78763038653383,FLAT
2026-10-06T01:40:13.993082+00:00,0,PERP,ICP|BITGET|HTX,ICP,BITGET,HTX,-11.463182487549961,-0.3452911528393241,-5.8703267176694425,16.19750672408067,-30.916245081507032,8.005453164559029,21.999999999999996,38.96635986448996,-92.01227822832755,-80.84213974671843,FLAT
2026-10-06T01:40:14.773839+00:00,0,PERP,ICP|HTX|MEXC,ICP,HTX,MEXC,8.44475721323068,0.5917059665987825,-1.2384506948143192,16.364898200546424,-8.43170320404707,25.3735551170009,26.0,33.776653727842955,-72.9699062370757,-92.38865953965818,FLAT
2026-10-06T01:40:15.234141+00:00,0,PERP,APT|BITGET|HTX,APT,BITGET,HTX,17.94158360196363,0.18843000384238864,15.279671930147437,14.126793066579433,0.4426779999988639,35.45015511168481,21.999999999999996,34.94477797728089,-77.78177190742946,-83.11526115881827,FLAT
2026-10-06T01:40:15.715133+00:00,0,PERP,ICP|HTX|OKX,ICP,HTX,OKX,5.629838142153787,0.6790754078389786,-5.741061177180253,16.744678408425433,-11.242270938729426,22.554271215111665,20.0,33.77744499073394,-65.27865475228312,-88.07277738302585,FLAT
2026-10-06T01:40:16.161361+00:00,0,PERP,DOT|GATE|HTX,DOT,GATE,HTX,8.613793203420261,0.834004495484532,-0.5354013085252949,10.970198076246751,-34.93762521722954,52.22280891127751,20.0,87.0853825195072,-147.48760642821145,-165.84359273931,FLAT
2026-10-06T01:40:26.412326+00:00,1,PERP,OP|GATE|OKX,OP,GATE,OKX,1.2344749055381854,0.08415425437523415,0.7119289847904658,6.209382099896547,-8.152374875591839,10.636031100839105,20.0,18.786075371289268,-53.65037923167158,-54.71017748733791,FLAT
2026-10-06T01:40:26.639865+00:00,1,PERP,OP|BITGET|GATE,OP,BITGET,GATE,3.7776236758024773,0.824567659854385,-3.526124523666216,8.85766997065893,-7.80731120916478,15.371108328212646,21.999999999999996,23.169663756607925,-55.450850442106486,-70.06689660848679,FLAT
2026-10-06T01:40:27.093910+00:00,1,PERP,ICP|BITGET|HTX,ICP,BITGET,HTX,-11.123872495570897,-0.3243428675409074,-5.8703267176694425,16.19750672408067,-29.090806155142033,6.852080675106009,21.999999999999996,35.98291149884555,-87.20339093631814,-76.705318891621,FLAT
2026-10-06T01:40:27.731084+00:00,1,PERP,ICP|HTX|MEXC,ICP,HTX,MEXC,5.629838142153787,0.4196963985231985,-1.2384506948143192,16.364898200546424,-11.242270938729426,22.554271215111665,26.0,33.77744499073394,-75.78126523464906,-89.57016690065993,FLAT
2026-10-06T01:40:28.209861+00:00,1,PERP,APT|BITGET|HTX,APT,BITGET,HTX,14.147261509160902,-0.08016047348110047,15.279671930147437,14.126793066579433,-3.4084484513452473,31.712891735722337,21.999999999999996,35.071720504863,-81.75984088635568,-79.50494031043789,FLAT
2026-10-06T01:40:28.712081+00:00,1,PERP,ICP|HTX|OKX,ICP,HTX,OKX,8.44475721323068,0.8471836869242615,-5.741061177180253,16.744678408425433,-8.43170320404707,25.3735551170009,20.0,33.776653727842955,-62.467295754709774,-90.89127002202412,FLAT
2026-10-06T01:40:29.177347+00:00,1,PERP,DOT|GATE|HTX,DOT,GATE,HTX,9.559729526400496,0.9202323207622201,-0.5354013085252949,10.970198076246751,-28.03127705981123,47.18157368979625,20.0,75.14100533733847,-128.63688108862442,-148.85798033566002,FLAT
2026-10-06T01:40:39.412630+00:00,2,PERP,OP|GATE|OKX,OP,GATE,OKX,0.17352848429075252,-0.08670758085714898,0.7119289847904658,6.209382099896547,-9.718949312822467,10.082263690114335,20.0,19.80085605384821,-56.23173435146114,-55.17119075917208,FLAT
2026-10-06T01:40:39.644492+00:00,2,PERP,OP|BITGET|GATE,OP,BITGET,GATE,5.411147634288849,1.0089868088966756,-3.526124523666216,8.85766997065893,-7.654306338450434,18.489292801491253,21.999999999999996,26.129453945816376,-58.25763576060059,-76.14487127097384,FLAT
2026-10-06T01:40:40.100327+00:00,2,PERP,ICP|BITGET|HTX,ICP,BITGET,HTX,-13.836933227778792,-0.4918415312811987,-5.8703267176694425,16.19750672408067,-33.282607080639124,5.624296962880582,21.999999999999996,38.96080763292467,-94.37308799589435,-78.45543131347469,FLAT
2026-10-06T01:40:40.812900+00:00,2,PERP,ICP|HTX|MEXC,ICP,HTX,MEXC,8.44475721323068,0.5917059665987825,-1.2384506948143192,16.364898200546424,-8.43170320404707,25.3735551170009,26.0,33.776653727842955,-72.9699062370757,-92.38865953965818,FLAT
2026-10-06T01:40:41.178294+00:00,2,PERP,APT|BITGET|HTX,APT,BITGET,HTX,16.303794985288445,0.07249508436304872,15.279671930147437,14.126793066579433,-1.5586164508418765,34.177383294926585,21.999999999999996,35.67782785098256,-80.51611623197186,-82.5755392157617,FLAT
2026-10-06T01:40:41.663935+00:00,2,PERP,ICP|HTX|OKX,ICP,HTX,OKX,10.082389194545627,0.9449838322224201,-5.741061177180253,16.744678408425433,-7.972069919264246,28.192839018887916,20.0,36.12839619788292,-64.35940493996691,-96.06229639395109,FLAT
2026-10-06T01:40:42.141519+00:00,2,PERP,DOT|GATE|HTX,DOT,GATE,HTX,13.475266207292336,1.277157205224422,-0.5354013085252949,10.970198076246751,-28.03127705981123,55.04838487931707,20.0,82.96780726036665,-136.4636830116526,-164.55159344820902,FLAT
2026-10-06T02:17:34.383126+00:00,0,PERP,OP|GATE|OKX,OP,GATE,OKX,-2.3925855951145714,-0.48154713072314065,0.5654676488404182,6.1428114824666755,-11.405090729379452,6.634241608978186,20.0,18.043638062405773,-56.014196440625646,-50.112412022543545,FLAT
2026-10-06T02:17:34.698505+00:00,0,PERP,OP|BITGET|GATE,OP,BITGET,GATE,4.116860265621636,0.8481090415090436,-3.397995006457164,8.860718261778684,-7.555680949734578,15.798118838128428,21.999999999999996,23.34418605870161,-55.501872001979024,-70.5402999032872,FLAT
2026-10-06T02:17:35.172050+00:00,0,PERP,ICP|BITGET|HTX,ICP,BITGET,HTX,-32.62896153415351,-1.5803330883616018,-6.214633164704945,16.714405693317108,-42.602061584157134,-22.650056625140856,21.999999999999996,20.017317699066773,-84.40474611851896,-31.581894238630856,FLAT
2026-10-06T02:17:35.920321+00:00,0,PERP,ICP|HTX|MEXC,ICP,HTX,MEXC,28.39698991906836,1.6703046308026035,-0.486436351677743,17.29231047923709,19.863791146426113,36.94231315714447,26.0,17.030152895252524,-28.679925397148672,-86.45890240407473,FLAT
2026-10-06T02:17:36.399367+00:00,0,PERP,APT|BITGET|HTX,APT,BITGET,HTX,28.569107733231736,0.8950012249709721,15.432556930722503,14.677690304764996,5.656429961578002,51.49926619499645,21.999999999999996,45.71223379451957,-83.48836076366406,-109.77894305879352,FLAT
2026-10-06T02:17:36.882293+00:00,0,PERP,DOT|HTX|OKX,DOT,HTX,OKX,-13.39570930156797,-1.337406956490088,0.312945718478403,10.250174753108498,-49.13676015166124,22.586342437995732,20.0,71.81849876200536,-147.268204632145,-120.0918954815227,FLAT
2026-10-06T02:17:37.389303+00:00,0,PERP,ICP|HTX|OKX,ICP,HTX,OKX,33.88047470179289,2.191523438889047,-4.987069272027328,17.73539962389059,25.147611613147713,42.62574595055302,20.0,17.419108761175156,-13.284427876000112,-91.03192398375549,FLAT
2026-10-06T02:17:37.841163+00:00,0,PERP,DOT|GATE|HTX,DOT,GATE,HTX,17.157677203982757,1.5485677673794085,-0.32161773131797466,11.287394264237065,-20.59986215624643,54.946241658182515,20.0,75.41669354475363,-121.69493796968209,-156.6845529342541,FLAT
2026-10-06T02:17:48.183455+00:00,1,PERP,OP|GATE|OKX,OP,GATE,OKX,-0.5292799888101385,-0.17821605640597576,0.5654676488404182,6.1428114824666755,-8.586976174924654,7.540625945583468,20.0,16.128446523254727,-51.28089034701979,-49.10360481999777,FLAT
2026-10-06T02:17:48.480437+00:00,1,PERP,OP|BITGET|GATE,OP,BITGET,GATE,0.03179594083357884,0.38707820810479676,-3.397995006457164,8.860718261778684,-12.754888558239585,12.831843383389607,21.999999999999996,25.586643607549764,-62.94353715933218,-69.81648199739654,FLAT
2026-10-06T02:17:48.887400+00:00,1,PERP,ICP|BITGET|HTX,ICP,BITGET,HTX,-29.50110632603642,-1.3931977952791983,-6.214633164704945,16.714405693317108,-41.55179445230917,-17.44181008498602,21.999999999999996,24.18131885980109,-87.51848014740531,-40.954141939520014,FLAT
2026-10-06T02:17:49.876066+00:00,1,PERP,ICP|HTX|MEXC,ICP,HTX,MEXC,26.980971314967128,1.5884174471436328,-0.486436351677743,17.29231047923709,17.026106696935717,36.952814098922815,26.0,19.873073453590106,-34.36053040497665,-89.31232390419066,FLAT
2026-10-06T02:17:50.353195+00:00,1,PERP,APT|BITGET|HTX,APT,BITGET,HTX,24.216605329434593,0.5984625793514949,15.432556930722503,14.677690304764996,10.346989527658668,38.09562488791496,21.999999999999996,27.681596743088225,-60.767164146152055,-78.34466470028067,FLAT
2026-10-06T02:17:51.181754+00:00,1,PERP,DOT|HTX|OKX,DOT,HTX,OKX,-12.415159953090837,-1.2417452363638266,0.312945718478403,10.250174753108498,-53.13517364806897,28.61939859550411,20.0,81.85498632963017,-161.30310569617754,-136.16143920665587,FLAT
2026-10-06T02:17:51.637782+00:00,1,PERP,ICP|HTX|OKX,ICP,HTX,OKX,29.821073558649047,1.9626365105293613,-4.987069272027328,17.73539962389059,19.863791146426113,39.795338260375516,20.0,19.87227139780382,-21.02141097935038,-90.65467893020667,FLAT
2026-10-06T02:17:52.029058+00:00,1,PERP,DOT|GATE|HTX,DOT,GATE,HTX,15.48237932357921,1.4001457453267585,-0.32161773131797466,11.287394264237065,-31.237745525374283,62.279299686176515,20.0,93.37241942604571,-150.28854722010203,-181.9733368435402,FLAT
2026-10-06T02:18:02.384216+00:00,2,PERP,OP|GATE|OKX,OP,GATE,OKX,-1.355038612931292,-0.3126428781435633,0.5654676488404182,6.1428114824666755,-9.576865641423016,6.879375442792046,20.0,16.45846164177003,-52.600794932033466,-48.77236943572166,FLAT
2026-10-06T02:18:02.686836+00:00,2,PERP,OP|BITGET|GATE,OP,BITGET,GATE,2.869950631836371,0.707385728009291,-3.397995006457164,8.860718261778684,-9.857668609323245,15.610872109050877,21.999999999999996,25.461226524292364,-59.92090012715844,-72.4700936398004,FLAT
2026-10-06T02:18:03.102461+00:00,2,PERP,ICP|BITGET|HTX,ICP,BITGET,HTX,-36.328748036237315,-1.8016862474250486,-6.214633164704945,16.714405693317108,-47.16798132956113,-25.48131370328166,21.999999999999996,21.765736721489308,-90.71908488634548,-30.49905618291259,FLAT
2026-10-06T02:18:04.363009+00:00,2,PERP,ICP|HTX|MEXC,ICP,HTX,MEXC,31.245561709984937,1.8350351793511541,-0.486436351677743,17.29231047923709,22.70791938688621,39.795338260375516,26.0,17.034185985713655,-25.839830247149703,-89.31596059776692,FLAT
2026-10-06T02:18:04.780080+00:00,2,PERP,APT|BITGET|HTX,APT,BITGET,HTX,17.029034356206285,0.10876898151785488,15.432556930722503,14.677690304764996,3.482882887959615,30.583520330706992,21.999999999999996,27.05456357030674,-67.00423761306963,-70.20552697029123,FLAT
2026-10-06T02:18:05.232964+00:00,2,PERP,DOT|HTX|OKX,DOT,HTX,OKX,-12.000636142665,-1.2013045784813718,0.312945718478403,10.250174753108498,-49.90391047855702,26.177520891743633,20.0,76.17184928210644,-152.38870547914186,-128.03642445537167,FLAT
2026-10-06T02:18:05.688975+00:00,2,PERP,ICP|HTX|OKX,ICP,HTX,OKX,34.08606731998276,2.2031156568570553,-4.987069272027328,17.73539962389059,25.54640931024421,42.637862421830434,20.0,17.033384384035852,-12.499905801764317,-90.65831607789362,FLAT
2026-10-06T02:18:06.076849+00:00,2,PERP,DOT|GATE|HTX,DOT,GATE,HTX,17.24656910756517,1.5564430928532476,-0.32161773131797466,11.287394264237065,-23.046486483079278,57.57276043470982,20.0,80.48043216498404,-129.20530091674533,-164.37481033101182,FLAT
2026-10-06T02:38:26.483241+00:00,0,PERP,OP|GATE|OKX,OP,GATE,OKX,-2.0806149833518806,-0.4307989885204126,0.5658162550292105,6.14307672232544,-12.81952629055616,8.676555030997513,20.0,21.500539247074506,-60.88588179265987,-55.61127802304281,FLAT
2026-10-06T02:38:26.780027+00:00,0,PERP,OP|BITGET|GATE,OP,BITGET,GATE,6.256476074180117,1.034216995270386,-3.127247566596612,9.073263815707696,-5.99290470328806,18.51505308346546,21.999999999999996,24.492630580287575,-55.358287716979014,-74.13493123034964,FLAT
2026-10-06T02:38:27.276045+00:00,0,PERP,ICP|BITGET|HTX,ICP,BITGET,HTX,-3.347162458142705,0.1643664915946099,-6.096664119782334,16.727872177383592,-42.992261392947874,36.3282444635682,21.999999999999996,79.34705302368454,-144.2426502968501,-149.77196160703505,FLAT
2026-10-06T02:38:27.927936+00:00,0,PERP,ICP|HTX|MEXC,ICP,HTX,MEXC,-2.220446049250313e-12,0.0442218159842891,-0.7632850737391653,17.26037379396904,-37.15347242069234,37.42084052964722,26.0,74.57335436684296,-142.96354171379613,-144.75747997022935,FLAT
2026-10-06T02:38:28.454089+00:00,0,PERP,APT|BITGET|HTX,APT,BITGET,HTX,12.762519343874068,-0.14632714096931337,14.902627497981477,14.625503785085343,-6.261769585798049,31.7968954494785,21.999999999999996,38.01015183194116,-87.17454891572069,-82.90441978343819,FLAT
2026-10-06T02:38:28.938291+00:00,0,PERP,ICP|HTX|OKX,ICP,HTX,OKX,2.8682059371853974,0.45902377269567984,-5.22411034465084,17.62940562819438,-34.295513003717026,40.299366724234616,20.0,74.57253194220148,-129.64393460126766,-146.09600901108695,FLAT
2026-10-06T02:38:29.403088+00:00,0,PERP,DOT|GATE|HTX,DOT,GATE,HTX,10.814017178641944,1.0479024282804366,-0.6865146479390072,10.974811696402723,-22.896521287321114,44.552255347536374,20.0,67.37590483997205,-115.58591147935417,-138.61467483544743,FLAT
2026-10-06T02:38:39.740267+00:00,1,PERP,OP|GATE|OKX,OP,GATE,OKX,-2.1657772446870283,-0.444662116914308,0.5658162550292105,6.14307672232544,-12.52109872699081,8.20705094885632,20.0,20.732625114687487,-59.819540096707506,-54.373859808514595,FLAT
2026-10-06T02:38:40.022283+00:00,1,PERP,OP|BITGET|GATE,OP,BITGET,GATE,5.432268386056371,0.9433778325540023,-3.127247566596612,9.073263815707696,-6.956104119388851,17.82994147146333,21.999999999999996,24.772584967937295,-56.60144152072953,-73.72977400599723,FLAT
2026-10-06T02:38:40.502457+00:00,1,PERP,ICP|BITGET|HTX,ICP,BITGET,HTX,0.39519794407194553,0.38808654173191276,-6.096664119782334,16.727872177383592,-40.13761467889676,40.96611047646359,21.999999999999996,81.10050218208299,-143.1414527411974,-156.1632767783289,FLAT
2026-10-06T02:38:41.403294+00:00,1,PERP,ICP|HTX|MEXC,ICP,HTX,MEXC,-2.868205937187618,-0.12195105903117431,-0.7632850737391653,17.26037379396904,-40.01143183766875,34.54231433505983,26.0,74.57417726339645,-145.82232402732603,-141.87977667219545,FLAT
2026-10-06T02:38:41.797096+00:00,1,PERP,APT|BITGET|HTX,APT,BITGET,HTX,11.377938291412537,-0.24099608863821254,14.902627497981477,14.625503785085343,-8.947141525017521,31.71520049743526,21.999999999999996,40.61612559555699,-92.46589461855598,-85.42869859501076,FLAT
2026-10-06T02:38:42.339747+00:00,1,PERP,ICP|HTX|OKX,ICP,HTX,OKX,5.736411874370795,0.6217181934649387,-5.22411034465084,17.62940562819438,-31.437553586740606,43.177892918824234,20.0,74.57170998906743,-126.7851532311572,-148.9737132525425,FLAT
2026-10-06T02:38:42.777080+00:00,1,PERP,DOT|GATE|HTX,DOT,GATE,HTX,8.259793236025104,0.8151673241825637,-0.6865146479390072,10.974811696402723,-27.90653064726034,44.45583472315828,20.0,72.30263268642359,-125.52264868574493,-143.4449820575209,FLAT
2026-10-06T02:38:53.095358+00:00,2,PERP,OP|GATE|OKX,OP,GATE,OKX,-1.2695046227129136,-0.29876248673113914,0.5658162550292105,6.14307672232544,-10.587978498651784,8.06452610158992,20.0,18.6548598683631,-55.8086546220441,-52.15356971492381,FLAT
2026-10-06T02:38:53.379457+00:00,2,PERP,OP|BITGET|GATE,OP,BITGET,GATE,6.010157042368736,1.0070692084524877,-3.127247566596612,9.073263815707696,-6.085271038880347,18.114665775332828,21.999999999999996,24.185397603065464,-55.143421075349195,-73.4273109449949,FLAT
2026-10-06T02:38:53.852156+00:00,2,PERP,ICP|BITGET|HTX,ICP,BITGET,HTX,1.3912638468616123,0.44763182592749423,-6.096664119782334,16.727872177383592,-38.934662499999774,41.753385476466235,21.999999999999996,80.67680746732798,-141.5148058475454,-156.52685706357653,FLAT
2026-10-06T02:38:54.904486+00:00,2,PERP,ICP|HTX|MEXC,ICP,HTX,MEXC,-2.868205937187618,-0.12195105903117431,-0.7632850737391653,17.26037379396904,-40.01143183766875,34.54231433505983,26.0,74.57417726339645,-145.82232402732603,-141.87977667219545,FLAT
2026-10-06T02:38:55.384031+00:00,2,PERP,APT|BITGET|HTX,APT,BITGET,HTX,15.2471298329937,0.023554903822426688,14.902627497981477,14.625503785085343,-8.885639223069619,39.39421032089552,21.999999999999996,48.20634446239742,-99.99461118344851,-100.69792728531145,FLAT
2026-10-06T02:38:55.793696+00:00,2,PERP,ICP|HTX|OKX,ICP,HTX,OKX,2.8682059371853974,0.45902377269567984,-5.22411034465084,17.62940562819438,-34.295513003717026,40.299366724234616,20.0,74.57253194220148,-129.64393460126766,-146.09600901108695,FLAT
2026-10-06T02:38:56.229659+00:00,2,PERP,DOT|GATE|HTX,DOT,GATE,HTX,12.371650176548066,1.1898304213062008,-0.6865146479390072,10.974811696402723,-27.90653064726034,52.7160780082947,20.0,80.52293406372993,-133.74295006305127,-159.92552671996364,FLAT
2026-10-06T02:56:28.962500+00:00,0,PERP,OP|GATE|OKX,OP,GATE,OKX,-3.3351796975966685,-0.6175119494583066,0.4511432389598144,6.131578408932683,-13.772941802049354,7.11916585764083,20.0,20.899064709938283,-61.123149750947455,-53.5670873286193,FLAT
2026-10-06T02:56:29.213014+00:00,0,PERP,OP|BITGET|GATE,OP,BITGET,GATE,3.0128485093716684,0.7073658425275163,-3.273336555660789,8.886752352320329,-8.67911008863853,14.713591448924923,21.999999999999996,23.385652496073842,-56.79142602905158,-69.37258050065955,FLAT
2026-10-06T02:56:29.672104+00:00,0,PERP,ICP|BITGET|HTX,ICP,BITGET,HTX,-12.58718249658064,-0.3699772339818069,-6.3749985664534385,16.790719426895,-21.55043682104063,-3.618099999997959,21.999999999999996,17.954935131355224,-61.13037338594241,-48.711833697810704,FLAT
2026-10-06T02:56:30.414968+00:00,0,PERP,ICP|HTX|MEXC,ICP,HTX,MEXC,10.022909507445554,0.5886530262657671,-0.2852849596193653,17.511494899562347,2.8620492272457554,17.191977077364307,26.0,14.315574778438897,-43.16824059157378,-63.792836815422575,FLAT
2026-10-06T02:56:30.984609+00:00,0,PERP,APT|BITGET|HTX,APT,BITGET,HTX,19.427305032730935,0.28276732959264256,15.313794801957467,14.54733202983326,0.4769709892027407,38.3903937225627,21.999999999999996,37.83990570345415,-80.67672951620888,-88.91650462405939,FLAT
2026-10-06T02:56:31.466923+00:00,0,PERP,ICP|HTX|OKX,ICP,HTX,OKX,17.194440464249894,1.2068521014298734,-4.706234065345362,18.146941537946056,2.8620492272457554,31.563845050215367,20.0,28.65248175201847,-47.084198459427355,-90.9225608675792,FLAT
2026-10-06T02:56:31.864770+00:00,0,PERP,DOT|GATE|HTX,DOT,GATE,HTX,2.230363477144781,0.2596886095845757,-0.6180683204462676,10.968643569495367,-35.859311840935604,40.3586144043655,20.0,76.20091114840145,-137.4421546688908,-143.1775938732132,FLAT
2026-10-06T02:56:42.110341+00:00,1,PERP,OP|GATE|OKX,OP,GATE,OKX,-4.207155590363332,-0.7597226225692206,0.4511432389598144,6.131578408932683,-15.240608229036834,6.8455438724868145,20.0,22.09543122071048,-63.78718268870713,-54.48983185423748,FLAT
2026-10-06T02:56:42.348114+00:00,1,PERP,OP|BITGET|GATE,OP,BITGET,GATE,6.304766449172217,1.0777956473977994,-3.273336555660789,8.886752352320329,-7.353133880222407,19.97292816122931,21.999999999999996,27.30884060193522,-59.388637926496834,-78.55510531882531,FLAT
2026-10-06T02:56:42.812773+00:00,1,PERP,ICP|BITGET|HTX,ICP,BITGET,HTX,-18.68647964563097,-0.7332313027312741,-6.3749985664534385,16.790719426895,-35.380845769011906,-1.9793000000001282,21.999999999999996,33.46407342617376,-90.46992062873223,-65.85977199262706,FLAT
2026-10-06T02:56:43.542448+00:00,1,PERP,ICP|HTX|MEXC,ICP,HTX,MEXC,17.194440464249894,0.9981857930533456,-0.2852849596193653,17.511494899562347,2.8620492272457554,31.563845050215367,26.0,28.65248175201847,-57.50514756515335,-92.50161176185321,FLAT
2026-10-06T02:56:44.037851+00:00,1,PERP,APT|BITGET|HTX,APT,BITGET,HTX,18.108506524219248,0.1921116337023493,15.313794801957467,14.54733202983326,-0.5206786080758086,36.74904167348281,21.999999999999996,37.20234892722975,-81.03682233726303,-86.63759579875509,FLAT
2026-10-06T02:56:44.617451+00:00,1,PERP,ICP|HTX|OKX,ICP,HTX,OKX,20.060180541625616,1.3647707276283065,-4.706234065345362,18.146941537946056,5.724098454493731,34.43328550932545,20.0,28.651663556378363,-44.22133103653927,-93.79118313104918,FLAT
2026-10-06T02:56:45.074747+00:00,1,PERP,DOT|GATE|HTX,DOT,GATE,HTX,8.644782963271869,0.8444846644008774,-0.6180683204462676,10.968643569495367,-29.41734878474156,46.73829322055845,20.0,76.08985105156762,-130.8891315158629,-149.44621259257235,FLAT
2026-10-06T02:56:55.313542+00:00,2,PERP,OP|GATE|OKX,OP,GATE,OKX,-4.747739680565077,-0.8478865591853136,0.4511432389598144,6.131578408932683,-14.939860328255783,5.463124808358089,20.0,20.412659316257916,-61.803662883473514,-51.42464088565619,FLAT
2026-10-06T02:56:55.546950+00:00,2,PERP,OP|BITGET|GATE,OP,BITGET,GATE,4.49397971890475,0.8740331638179942,-3.273336555660789,8.886752352320329,-10.939263963629653,19.94696397151552,21.999999999999996,30.872341350600937,-66.5382687585698,-82.09264187777724,FLAT
2026-10-06T02:56:55.950334+00:00,2,PERP,ICP|BITGET|HTX,ICP,BITGET,HTX,-19.773692101718865,-0.7979820991948504,-6.3749985664534385,16.790719426895,-35.7163940823324,-3.8211555937051056,21.999999999999996,31.958429069912576,-89.29982458579153,-62.5122720426609,FLAT
2026-10-06T02:56:56.717679+00:00,2,PERP,ICP|HTX|MEXC,ICP,HTX,MEXC,17.194440464249894,0.9981857930533456,-0.2852849596193653,17.511494899562347,2.8620492272457554,31.563845050215367,26.0,28.65248175201847,-57.50514756515335,-92.50161176185321,FLAT
2026-10-06T02:56:57.255093+00:00,2,PERP,APT|BITGET|HTX,APT,BITGET,HTX,17.45924719612102,0.14748081570996788,15.313794801957467,14.54733202983326,-0.8469851002779194,35.775453618980265,21.999999999999996,36.55860742638302,-80.71938732861841,-85.02026624340581,FLAT
2026-10-06T02:56:57.717376+00:00,2,PERP,ICP|HTX|OKX,ICP,HTX,OKX,20.060180541625616,1.3647707276283065,-4.706234065345362,18.146941537946056,5.724098454493731,34.43328550932545,20.0,28.651663556378363,-44.22133103653927,-93.79118313104918,FLAT
2026-10-06T02:56:58.164874+00:00,2,PERP,DOT|GATE|HTX,DOT,GATE,HTX,1.286325973570701,0.17362167727951652,-0.6180683204462676,10.968643569495367,-35.859311840935604,38.46256151279981,20.0,74.31230177250347,-135.5535452929928,-139.39293160574954,FLAT
2026-10-06T03:18:29.284152+00:00,0,PERP,OP|GATE|OKX,OP,GATE,OKX,-6.286052413139176,-1.0902175408695949,0.48174268885486005,6.207747397455933,-16.465050488155832,3.910655964820542,20.0,20.38850738201144,-63.33530055902213,-49.817420657977124,FLAT
2026-10-06T03:18:29.600105+00:00,0,PERP,OP|BITGET|GATE,OP,BITGET,GATE,8.068639951914758,1.2791025060669767,-3.1017652902507526,8.733002389708869,-4.635318318420012,20.782092959372722,21.999999999999996,25.396915874001976,-54.930468902171235,-77.28077412362545,FLAT
2026-10-06T03:18:30.011854+00:00,0,PERP,ICP|BITGET|HTX,ICP,BITGET,HTX,-25.88438308887109,-1.1486165739641627,-6.617871113397601,16.77366704624498,-74.75560667050019,23.014959723819395,21.999999999999996,98.024288129706,-194.1620236868086,-155.65711896692298,FLAT
2026-10-06T03:18:30.925123+00:00,0,PERP,ICP|HTX|MEXC,ICP,HTX,MEXC,21.626297577854725,1.2604242950220246,-0.15681298517903708,17.282363287557168,-25.832376578643903,69.5249130938569,26.0,95.14948684289503,-152.8250504363599,-196.83121292193096,FLAT
2026-10-06T03:18:31.364565+00:00,0,PERP,APT|BITGET|HTX,APT,BITGET,HTX,2.775475614942291,-0.754539524207995,14.404243979589502,15.411741852560192,-14.509612048546616,20.06946202208093,21.999999999999996,34.56947710650898,-91.48333313464508,-68.2346951490004,FLAT
2026-10-06T03:18:31.783840+00:00,0,PERP,ICP|HTX|OKX,ICP,HTX,OKX,27.393310265282356,1.7838526759722704,-4.4148935146195685,17.83118315113393,-20.091848450057846,75.31865585167941,20.0,95.14783204269972,-136.824786978138,-200.8813814089987,FLAT
2026-10-06T03:18:32.184046+00:00,0,PERP,DOT|GATE|HTX,DOT,GATE,HTX,-4.356650975130272,-0.33728377128504866,-0.5916425428743722,11.16273225335226,-39.91767621061015,31.233451141161606,20.0,71.18212703742434,-136.50816070516012,-129.00722072146033,FLAT
2026-10-06T03:18:42.541866+00:00,1,PERP,OP|GATE|OKX,OP,GATE,OKX,-6.430589560776356,-1.1135008896244774,0.48174268885486005,6.207747397455933,-14.720049852537942,1.871568234503851,20.0,16.602284617504512,-57.804077158897314,-43.9921101631535,FLAT
2026-10-06T03:18:42.851348+00:00,1,PERP,OP|BITGET|GATE,OP,BITGET,GATE,6.55192879945643,1.1054267088124554,-3.1017652902507526,8.733002389708869,-7.809908797261622,20.933050336113812,21.999999999999996,28.72412635251693,-61.43226985952779,-80.7589419788815,FLAT
2026-10-06T03:18:43.240256+00:00,1,PERP,ICP|BITGET|HTX,ICP,BITGET,HTX,-25.68543868601725,-1.136756054597387,-6.617871113397601,16.77366704624498,-75.83775820638073,24.508688345323826,21.999999999999996,100.6048370707787,-197.82472416376183,-159.73139652950013,FLAT
2026-10-06T03:18:44.143833+00:00,1,PERP,ICP|HTX|MEXC,ICP,HTX,MEXC,21.626297577854725,1.2604242950220246,-0.15681298517903708,17.282363287557168,-25.832376578643903,69.5249130938569,26.0,95.14948684289503,-152.8250504363599,-196.83121292193096,FLAT
2026-10-06T03:18:44.540293+00:00,1,PERP,APT|BITGET|HTX,APT,BITGET,HTX,8.20062977431979,-0.4025251827222353,14.404243979589502,15.411741852560192,-9.520914409492098,25.93281378630241,21.999999999999996,35.42467453865677,-87.34983292773836,-74.95324434536967,FLAT
2026-10-06T03:18:44.984770+00:00,1,PERP,ICP|HTX|OKX,ICP,HTX,OKX,27.393310265282356,1.7838526759722704,-4.4148935146195685,17.83118315113393,-20.091848450057846,75.31865585167941,20.0,95.14783204269972,-136.824786978138,-200.8813814089987,FLAT
2026-10-06T03:18:45.377164+00:00,1,PERP,DOT|GATE|HTX,DOT,GATE,HTX,-3.3160014888178324,-0.24405843337551275,-0.5916425428743722,11.16273225335226,-40.17269257055034,33.58210999892197,20.0,73.77924451640173,-139.3602945440777,-133.9529970581981,FLAT
2026-10-06T03:18:55.732644+00:00,2,PERP,OP|GATE|OKX,OP,GATE,OKX,-7.769113343774059,-1.32912238600596,0.48174268885486005,6.207747397455933,-17.809338521199702,2.2871904583721125,20.0,20.112141466215203,-64.40322267626976,-47.91758923573246,FLAT
2026-10-06T03:18:56.043402+00:00,2,PERP,OP|BITGET|GATE,OP,BITGET,GATE,6.861361378278641,1.1408592628200958,-3.1017652902507526,8.733002389708869,-4.111824525621088,17.842754601478106,21.999999999999996,21.93952255966708,-50.94958179503741,-70.88404245139594,FLAT
2026-10-06T03:18:56.459373+00:00,2,PERP,ICP|BITGET|HTX,ICP,BITGET,HTX,-23.8094195774774,-1.0249129434060376,-6.617871113397601,16.77366704624498,-73.78878436332226,26.209769602763,21.999999999999996,100.2371970542243,-195.40811030414895,-161.06483777038488,FLAT
2026-10-06T03:18:57.108950+00:00,2,PERP,ICP|HTX|MEXC,ICP,HTX,MEXC,18.74279123414091,1.0935775336308982,-0.15681298517903708,17.282363287557168,-28.702640642938036,66.62804171494896,26.0,95.15031495740156,-155.69614261516057,-193.93516965752957,FLAT
2026-10-06T03:18:57.503522+00:00,2,PERP,APT|BITGET|HTX,APT,BITGET,HTX,10.923743699873256,-0.22583432249340893,14.404243979589502,15.411741852560192,-6.411446523739706,28.267983528178497,21.999999999999996,34.64158610961927,-83.45727661294848,-76.50532565820826,FLAT
2026-10-06T03:18:57.939103+00:00,2,PERP,ICP|HTX|OKX,ICP,HTX,OKX,23.088091198963934,1.542409411673533,-4.4148935146195685,17.83118315113393,-25.792479748563135,72.42178447276703,20.0,97.98594285308701,-145.36352908703057,-200.8226208404736,FLAT
2026-10-06T03:18:58.343192+00:00,2,PERP,DOT|GATE|HTX,DOT,GATE,HTX,-3.3170170715690617,-0.24414941313998076,-0.5916425428743722,11.16273225335226,-40.3490048400057,33.75658810536475,20.0,74.13015867338241,-139.88752097051372,-134.47838932162153,FLAT
2026-10-06T03:39:00.990634+00:00,0,PERP,OP|GATE|OKX,OP,GATE,OKX,-4.966627422243741,-0.8314862183220562,0.2526801197057689,6.277082442186597,-14.576252291718106,4.657532322385194,20.0,19.24333107575284,-60.07226348717671,-49.64818327843227,FLAT
2026-10-06T03:39:01.310316+00:00,0,PERP,OP|BITGET|GATE,OP,BITGET,GATE,2.9246566453178247,0.6696247167391968,-2.9663601855048194,8.797490121794679,-10.435041351023466,16.302463280721824,21.999999999999996,26.72967485509975,-62.19835602061839,-73.9984983213264,FLAT
2026-10-06T03:39:01.706048+00:00,0,PERP,ICP|BITGET|HTX,ICP,BITGET,HTX,-14.767864688157717,-0.48115554075239797,-6.6991205706888755,16.769513045306503,-28.692825334106775,-0.8324200116338609,21.999999999999996,27.901606091606315,-77.8953108550242,-61.76830665066132,FLAT
2026-10-06T03:39:02.450450+00:00,0,PERP,ICP|HTX|MEXC,ICP,HTX,MEXC,8.732353369234058,0.5042010547439307,0.004443881760213288,17.310375306347783,-2.9078220412903644,20.396270396270122,26.0,23.283736069095447,-58.19600199214602,-75.67556258360536,FLAT
2026-10-06T03:39:03.126778+00:00,0,PERP,APT|BITGET|HTX,APT,BITGET,HTX,25.156063082159008,0.675996572607849,15.257649905501731,14.642697282430492,11.474134966884542,38.84341493817001,21.999999999999996,27.300601331541646,-59.08411627015883,-78.88636636420992,FLAT
2026-10-06T03:39:03.691225+00:00,0,PERP,ICP|HTX|OKX,ICP,HTX,OKX,10.187745597438624,0.807589338896762,-4.292639336481256,17.930381490302185,-2.9078220412903644,23.31002331002363,20.0,26.191135277458862,-50.80631798226797,-79.79379792396375,FLAT
2026-10-06T03:39:04.094312+00:00,0,PERP,DOT|GATE|HTX,DOT,GATE,HTX,10.592754613745203,1.0008672401290046,-0.2170755940548071,10.800463612343531,-22.73282784262087,43.9456979752495,20.0,66.60795841470028,-115.12371066326634,-136.77073198400458,FLAT
2026-10-06T03:39:14.441010+00:00,1,PERP,OP|GATE|OKX,OP,GATE,OKX,-6.038617772189392,-1.0022646587550015,0.2526801197057689,6.277082442186597,-15.870035152772966,3.8070679022927933,20.0,19.688982132557296,-61.811697405036035,-49.24336991514432,FLAT
2026-10-06T03:39:14.743936+00:00,1,PERP,OP|BITGET|GATE,OP,BITGET,GATE,7.199938833930553,1.1555908422391563,-2.9663601855048194,8.797490121794679,-4.086147637504256,18.495128486517576,21.999999999999996,22.56502577372482,-51.68481322572425,-72.02651444574721,FLAT
2026-10-06T03:39:15.231768+00:00,1,PERP,ICP|BITGET|HTX,ICP,BITGET,HTX,-11.351907171349707,-0.27745508102055866,-6.6991205706888755,16.769513045306503,-25.600841150829055,2.9086678301326607,21.999999999999996,28.541904732994514,-75.44362531313469,-66.14969313381604,FLAT
2026-10-06T03:39:15.895309+00:00,1,PERP,ICP|HTX|MEXC,ICP,HTX,MEXC,5.821568912820485,0.3360484638901566,0.004443881760213288,17.310375306347783,-5.815644082581839,17.482517482518833,26.0,23.284582103967946,-61.10467006831,-72.76265570472657,FLAT
2026-10-06T03:39:16.383264+00:00,1,PERP,APT|BITGET|HTX,APT,BITGET,HTX,27.91552063875935,0.8644493899662578,15.257649905501731,14.642697282430492,10.07966152943851,45.760055210775086,21.999999999999996,35.58106517602426,-68.75905355208748,-94.08347048129761,FLAT
2026-10-06T03:39:16.891617+00:00,1,PERP,ICP|HTX|OKX,ICP,HTX,OKX,8.732353369234058,0.7264202779377562,-4.292639336481256,17.930381490302185,-2.9078220412903644,20.396270396270122,20.0,23.283736069095447,-47.898918773904555,-73.97264580184682,FLAT
2026-10-06T03:39:17.416594+00:00,1,PERP,DOT|GATE|HTX,DOT,GATE,HTX,10.592754613745203,1.0008672401290046,-0.2170755940548071,10.800463612343531,-22.73282784262087,43.9456979752495,20.0,66.60795841470028,-115.12371066326634,-136.77073198400458,FLAT
2026-10-06T03:39:27.739951+00:00,2,PERP,OP|GATE|OKX,OP,GATE,OKX,-5.14544852874832,-0.8599741517133351,0.2526801197057689,6.277082442186597,-16.464732577912145,6.195184369217621,20.0,22.67156236921655,-65.38897506683446,-54.6140666187284,FLAT
2026-10-06T03:39:28.041946+00:00,2,PERP,OP|BITGET|GATE,OP,BITGET,GATE,4.863007274191755,0.8899546747202702,-2.9663601855048194,8.797490121794679,-7.526660813048647,17.262011961345358,21.999999999999996,24.776620369276507,-57.336920996820325,-73.00499251612668,FLAT
2026-10-06T03:39:28.814200+00:00,2,PERP,ICP|BITGET|HTX,ICP,BITGET,HTX,-14.3520954341958,-0.4563623787304223,-6.6991205706888755,16.769513045306503,-29.819207667731717,1.1314510471205352,21.999999999999996,30.99513450139574,-82.11522159843858,-66.82570611920515,FLAT
2026-10-06T03:39:29.564405+00:00,2,PERP,ICP|HTX|MEXC,ICP,HTX,MEXC,8.732353369234058,0.5042010547439307,0.004443881760213288,17.310375306347783,-2.9078220412903644,20.396270396270122,26.0,23.283736069095447,-58.19600199214602,-75.67556258360536,FLAT
2026-10-06T03:39:29.941641+00:00,2,PERP,APT|BITGET|HTX,APT,BITGET,HTX,28.793638737139027,0.9244190855382146,15.257649905501731,14.642697282430492,10.48865814032185,47.10697618269144,21.999999999999996,36.51318139977424,-69.28217316495412,-96.36250767696396,FLAT
2026-10-06T03:39:30.440682+00:00,2,PERP,ICP|HTX|OKX,ICP,HTX,OKX,14.553922282054543,1.051096521773903,-4.292639336481256,17.930381490302185,2.9078220412914746,26.22377622377492,20.0,23.28204547477821,-42.08158409700548,-79.79846103503439,FLAT
2026-10-06T03:39:30.914579+00:00,2,PERP,DOT|GATE|HTX,DOT,GATE,HTX,8.294985483108253,0.7881199717607378,-0.2170755940548071,10.800463612343531,-27.493056557289506,44.112410152439274,20.0,71.54610726073437,-124.82208822396908,-141.87559300722845,FLAT
2026-10-06T04:22:03.662916+00:00,0,PERP,OP|GATE|OKX,OP,GATE,OKX,-8.097167829879126,-1.3173554370083325,0.14654886945778914,6.257777109918112,-13.546775719234239,-2.6426766320641892,20.0,10.912933285455013,-50.60625787414704,-34.123707783933035,FLAT
2026-10-06T04:22:03.902331+00:00,0,PERP,OP|BITGET|GATE,OP,BITGET,GATE,5.325807239535685,0.9277979757805412,-2.6793121933736983,8.628084606645976,-5.954780026927731,16.62170773345073,21.999999999999996,22.5644599772588,-53.839927810812824,-69.86547990408322,FLAT
2026-10-06T04:22:04.292431+00:00,0,PERP,ICP|BITGET|HTX,ICP,BITGET,HTX,-3.4932796926490095,0.19066576226855364,-6.690149411379703,16.766878755231822,-28.64508736751703,21.676999311925904,21.999999999999996,50.33966495224884,-100.29460290838617,-106.70681367555444,FLAT
2026-10-06T04:22:04.943174+00:00,0,PERP,ICP|HTX|MEXC,ICP,HTX,MEXC,-2.866561559410341,-0.1657106018246049,0.001852867106549885,17.30978220423665,-25.743707093822678,20.109164033321747,26.0,45.86580690368717,-103.6113668646164,-97.97311806990237,FLAT
2026-10-06T04:22:05.330891+00:00,0,PERP,APT|BITGET|HTX,APT,BITGET,HTX,11.083110574872101,-0.2536066297983959,14.732520478826167,14.390041407257995,-2.1020350092226803,24.275460496123724,21.999999999999996,26.348291434922874,-71.18284692297172,-63.891231452220424,FLAT
2026-10-06T04:22:05.765052+00:00,0,PERP,ICP|HTX|OKX,ICP,HTX,OKX,-1.4982892509207701,0.1538822055223111,-4.252235556644397,17.89645720488674,-25.743707093822678,22.851604681508597,20.0,48.60236920070945,-96.09384073788773,-101.70620943886244,FLAT
2026-10-06T04:22:06.141577+00:00,0,PERP,DOT|GATE|HTX,DOT,GATE,HTX,19.796872078687855,1.8497366386738034,-0.2010081758141435,10.811204058130015,-23.131063347002765,62.791715104824064,20.0,85.75296230872284,-134.68301747991146,-174.74568558936105,FLAT
2026-10-06T04:22:16.412932+00:00,1,PERP,OP|GATE|OKX,OP,GATE,OKX,-5.2740873508294595,-0.8662239202633062,0.14654886945778914,6.257777109918112,-14.602062917298264,4.068362446421059,20.0,18.680266278194132,-59.42887806495018,-48.6020798551574,FLAT
2026-10-06T04:22:16.654835+00:00,1,PERP,OP|BITGET|GATE,OP,BITGET,GATE,3.66729405300692,0.7355753374847533,-2.6793121933736983,8.628084606645976,-8.93284894023294,16.27966294728944,21.999999999999996,25.20326318129298,-59.456799928152215,-72.16223832195611,FLAT
2026-10-06T04:22:17.047690+00:00,1,PERP,ICP|BITGET|HTX,ICP,BITGET,HTX,-5.1048636711004125,0.09454864935935846,-6.690149411379703,16.766878755231822,-27.66445433724507,17.472568415020096,21.999999999999996,45.16006929975793,-94.13437422562329,-97.32278712615772,FLAT
2026-10-06T04:22:17.755037+00:00,1,PERP,ICP|HTX|MEXC,ICP,HTX,MEXC,-2.220446049250313e-12,-0.00010704161883197081,0.001852867106549885,17.30978220423665,-20.022883295194305,20.097616996839207,26.0,40.120361083247865,-92.14509724554873,-92.21612521298053,FLAT
2026-10-06T04:22:18.200273+00:00,1,PERP,APT|BITGET|HTX,APT,BITGET,HTX,4.1786306909230575,-0.7334162209276186,14.732520478826167,14.390041407257995,-8.568143105419646,16.931273127258617,21.999999999999996,25.488764068840396,-76.78942765308621,-55.68751671727284,FLAT
2026-10-06T04:22:18.663846+00:00,1,PERP,ICP|HTX|OKX,ICP,HTX,OKX,-4.298610116064694,-0.0025912703776719576,-4.252235556644397,17.89645720488674,-25.743707093822678,17.226528854434875,20.0,42.98856596000228,-90.48003749718058,-90.46733037108156,FLAT
2026-10-06T04:22:19.093516+00:00,1,PERP,DOT|GATE|HTX,DOT,GATE,HTX,16.290378560617214,1.525397786200312,-0.2010081758141435,10.811204058130015,-25.024998193143855,57.663226442588034,20.0,82.55370158630049,-133.3776916036302,-166.41793620470267,FLAT
2026-10-06T04:22:29.411876+00:00,2,PERP,OP|GATE|OKX,OP,GATE,OKX,-5.531794803650403,-0.9074058684686035,0.14654886945778914,6.257777109918112,-13.10579905685616,2.051533925735427,20.0,15.165716609601494,-54.41806453591545,-43.070701665879135,FLAT
2026-10-06T04:22:29.651533+00:00,2,PERP,OP|BITGET|GATE,OP,BITGET,GATE,0.8762699090558712,0.4120940237061193,-2.6793121933736983,8.628084606645976,-11.019629498447703,12.785857243835519,21.999999999999996,23.803393052150977,-60.143710357224975,-67.26856248936019,FLAT
2026-10-06T04:22:30.059150+00:00,2,PERP,ICP|BITGET|HTX,ICP,BITGET,HTX,-0.6790431966585686,0.35851074624401813,-6.690149411379703,16.766878755231822,-23.118256185566956,21.777328899081905,21.999999999999996,44.89862733717567,-89.32673411136292,-101.36610564763728,FLAT
2026-10-06T04:22:30.768054+00:00,2,PERP,ICP|HTX|MEXC,ICP,HTX,MEXC,-5.731480154751445,-0.3312192466786055,0.001852867106549885,17.30978220423665,-25.743707093822678,14.355440712026102,26.0,40.1220045184177,-97.86756447934692,-86.47559236333726,FLAT
2026-10-06T04:22:31.153831+00:00,2,PERP,APT|BITGET|HTX,APT,BITGET,HTX,7.044362695360906,-0.5342693301485246,14.732520478826167,14.390041407257995,-5.843425827680715,19.938439300455357,21.999999999999996,25.763714699427222,-74.3396610059341,-58.96963352105641,FLAT
2026-10-06T04:22:31.567327+00:00,2,PERP,ICP|HTX|OKX,ICP,HTX,OKX,-4.908448310733116,-0.036667187621331865,-4.252235556644397,17.89645720488674,-25.743707093822678,16.00457629612695,20.0,41.76864045440213,-89.26011199158042,-88.02545230717348,FLAT
2026-10-06T04:22:31.976135+00:00,2,PERP,DOT|GATE|HTX,DOT,GATE,HTX,19.140555706091966,1.789029582450742,-0.2010081758141435,10.811204058130015,-19.350487221918566,57.663226442588034,20.0,76.86657378193219,-122.0160528280366,-160.73080840033435,FLAT
2026-10-06T04:42:52.731550+00:00,0,PERP,OP|GATE|OKX,OP,GATE,OKX,-5.179454208666945,-0.8180841250496073,0.042470706387853774,6.383114835211049,-13.585897345318454,3.2378876431726766,20.0,16.83249624248117,-56.46086429418747,-46.027913179265994,FLAT
2026-10-06T04:42:53.032607+00:00,0,PERP,OP|BITGET|GATE,OP,BITGET,GATE,3.7694671388921464,0.725866954339695,-2.522536642992947,8.668260408147095,-6.68748842759137,14.234285077985298,21.999999999999996,20.91388712987986,-53.078838914478276,-65.67070885085809,FLAT
2026-10-06T04:42:53.443535+00:00,0,PERP,ICP|BITGET|HTX,ICP,BITGET,HTX,4.98147605722199,0.6917319304254185,-6.610306327588939,16.757622244909133,-18.64051873033956,28.620492272468656,21.999999999999996,47.23747363801236,-87.26768604076298,-110.46827223806996,FLAT
2026-10-06T04:42:54.425777+00:00,0,PERP,ICP|HTX|MEXC,ICP,HTX,MEXC,-10.008578781812716,-0.5761190452999939,-0.038011911564202014,17.306435105016686,-31.392694063928637,11.461318051577685,26.0,42.89677397940883,-106.25145613177327,-86.39610394255072,FLAT
2026-10-06T04:42:54.831985+00:00,0,PERP,APT|BITGET|HTX,APT,BITGET,HTX,15.752242150859352,0.08491663664240356,14.5274763957276,14.423154325923445,1.5098395736612424,30.001899965517165,21.999999999999996,28.447247750868573,-69.46488457293492,-71.92167132065813,FLAT
2026-10-06T04:42:55.330913+00:00,0,PERP,ICP|HTX|OKX,ICP,HTX,OKX,-7.14898484415083,-0.15768796050045836,-4.3319651139859,17.864520038336988,-28.53881278538917,14.326647564470996,20.0,42.89595484681286,-93.10280251821612,-87.55456752526976,FLAT
2026-10-06T04:42:55.777078+00:00,0,PERP,DOT|GATE|HTX,DOT,GATE,HTX,26.161752543714112,2.419390642700704,-0.12145814610447439,10.863566315392253,-20.904163014315856,73.26631006854268,20.0,93.92473366250924,-140.70743853072062,-193.3125018771564,FLAT
2026-10-06T04:43:06.132900+00:00,1,PERP,OP|GATE|OKX,OP,GATE,OKX,-6.29072745480852,-0.9921798878285378,0.042470706387853774,6.383114835211049,-14.887870340558607,2.3190652127880185,20.0,17.217757475750116,-58.14809852269658,-45.494351982150285,FLAT
2026-10-06T04:43:06.428103+00:00,1,PERP,OP|BITGET|GATE,OP,BITGET,GATE,5.463898596316241,0.92134232974853,-2.522536642992947,8.668260408147095,-5.6475415622003755,16.58369322111275,21.999999999999996,22.219091357509402,-53.344096276716826,-69.3253212216151,FLAT
2026-10-06T04:43:06.837291+00:00,1,PERP,ICP|BITGET|HTX,ICP,BITGET,HTX,1.690841886392569,0.49536551741422313,-6.610306327588939,16.757622244909133,-21.905423098914632,25.304024721033436,21.999999999999996,47.20146073662182,-90.4965775079475,-107.11579178524418,FLAT
2026-10-06T04:43:07.495409+00:00,1,PERP,ICP|HTX|MEXC,ICP,HTX,MEXC,-7.14898484415083,-0.4108860599792352,-0.038011911564202014,17.306435105016686,-28.53881278538917,14.326647564470996,26.0,42.89595484681286,-103.39675572063783,-89.26061432284806,FLAT
2026-10-06T04:43:07.981971+00:00,1,PERP,APT|BITGET|HTX,APT,BITGET,HTX,7.91348035199535,-0.4585679314159864,14.5274763957276,14.423154325923445,-6.053328183989182,21.886664045041027,21.999999999999996,27.91789800066052,-76.4987025803773,-63.27708564997394,FLAT
2026-10-06T04:43:08.481076+00:00,1,PERP,ICP|HTX|OKX,ICP,HTX,OKX,-7.14898484415083,-0.15768796050045836,-4.3319651139859,17.864520038336988,-28.53881278538917,14.326647564470996,20.0,42.89595484681286,-93.10280251821612,-87.55456752526976,FLAT
2026-10-06T04:43:08.857778+00:00,1,PERP,DOT|GATE|HTX,DOT,GATE,HTX,-0.48651401291843754,-0.0336036855868157,-0.12145814610447439,10.863566315392253,-29.439256758438948,28.489960488946586,20.0,57.93202599948508,-113.24982461181955,-112.54344463453614,FLAT
2026-10-06T04:43:19.184002+00:00,2,PERP,OP|GATE|OKX,OP,GATE,OKX,-7.2966587264988725,-1.1497724265278815,0.042470706387853774,6.383114835211049,-16.25247246967776,1.6723644033400653,20.0,17.937915823599777,-60.232858999665396,-45.56780952055199,FLAT
2026-10-06T04:43:19.484918+00:00,2,PERP,OP|BITGET|GATE,OP,BITGET,GATE,3.693398069639642,0.7170913678124364,-2.522536642992947,8.668260408147095,-7.064956831690505,14.459841959617581,21.999999999999996,21.51684872272558,-54.05926891142313,-66.49922732533611,FLAT
2026-10-06T04:43:19.888612+00:00,2,PERP,ICP|BITGET|HTX,ICP,BITGET,HTX,2.9396373381640473,0.5698865582588367,-6.610306327588939,16.757622244909133,-21.009875929103305,26.90800503720725,21.999999999999996,47.90379157015086,-90.30336117166523,-109.42210293494705,FLAT
2026-10-06T04:43:20.600013+00:00,2,PERP,ICP|HTX|MEXC,ICP,HTX,MEXC,-10.008578781812716,-0.5761190452999939,-0.038011911564202014,17.306435105016686,-31.392694063928637,11.461318051577685,26.0,42.89677397940883,-106.25145613177327,-86.39610394255072,FLAT
2026-10-06T04:43:21.021624+00:00,2,PERP,APT|BITGET|HTX,APT,BITGET,HTX,7.101205205946037,-0.5148853726423741,14.5274763957276,14.423154325923445,-7.087922624372522,21.297444689922784,21.999999999999996,28.365222805759235,-77.98062182585934,-63.13519109995441,FLAT
2026-10-06T04:43:21.479435+00:00,2,PERP,ICP|HTX|OKX,ICP,HTX,OKX,-7.14898484415083,-0.15768796050045836,-4.3319651139859,17.864520038336988,-28.53881278538917,14.326647564470996,20.0,42.89595484681286,-93.10280251821612,-87.55456752526976,FLAT
2026-10-06T04:43:21.863138+00:00,2,PERP,DOT|GATE|HTX,DOT,GATE,HTX,3.519796801896291,0.33518044096086413,-0.12145814610447439,10.863566315392253,-29.439256758438948,36.50586597990335,20.0,65.92190849863405,-121.23970711096852,-128.5492326246419,FLAT
2026-10-06T05:22:56.350948+00:00,0,PERP,OP|GATE|OKX,OP,GATE,OKX,-7.2003507008167045,-1.14096821884308,-0.18920618311475523,6.144907808923123,-17.8459532160824,3.4632446558946484,20.0,21.324537093927276,-64.98128412689492,-50.97698793293668,FLAT
2026-10-06T05:22:56.681914+00:00,0,PERP,OP|BITGET|GATE,OP,BITGET,GATE,2.044404672925104,0.5147099803287346,-2.289423938145509,8.419942835191746,-12.739371296582869,16.846957421030595,21.999999999999996,29.580269396951046,-68.0302167553884,-76.71665075612714,FLAT
2026-10-06T05:23:07.055378+00:00,1,PERP,OP|GATE|OKX,OP,GATE,OKX,-6.149378272302108,-0.9699367792845465,-0.18920618311475523,6.144907808923123,-17.008873686132908,4.7276572615917445,20.0,21.749891624963688,-64.56955912798185,-52.66675506967019,FLAT
2026-10-06T05:23:07.413546+00:00,1,PERP,OP|BITGET|GATE,OP,BITGET,GATE,2.541808780049948,0.5737845033820157,-2.289423938145509,8.419942835191746,-11.5171863961816,16.61766919243357,21.999999999999996,28.127695956416794,-65.35545841445288,-75.03478908699586,FLAT
2026-10-06T05:23:17.797414+00:00,2,PERP,OP|GATE|OKX,OP,GATE,OKX,-5.764563945558354,-0.907313492050691,-0.18920618311475523,6.144907808923123,-16.54957561518011,5.038257081675379,20.0,21.60026961817987,-63.96063905024522,-52.82773288297,FLAT
2026-10-06T05:23:18.127389+00:00,2,PERP,OP|BITGET|GATE,OP,BITGET,GATE,3.954483105188533,0.7415616905660204,-2.289423938145509,8.419942835191746,-8.022680163504159,15.940577890107832,21.999999999999996,23.953782241965325,-57.68703846732397,-70.18378407021866,FLAT
2026-10-06T06:27:33.919957+00:00,0,PERP,OP|GATE|OKX,OP,GATE,OKX,-2.8161568971063478,-0.4365097315534907,-0.14678968378893498,6.115252468295323,-13.589356624049698,7.974178019365397,20.0,21.569595363628732,-61.0121623038895,-55.69056306678307,FLAT
2026-10-06T06:27:34.155445+00:00,0,PERP,OP|BITGET|GATE,OP,BITGET,GATE,0.3346861108832755,0.32970018923724487,-2.4263823099487936,8.374482365993627,-11.36003565070376,12.038187693612645,21.999999999999996,23.39743697010534,-60.3310903108603,-65.86200697366677,FLAT
2026-10-06T06:27:34.613730+00:00,0,PERP,ICP|BITGET|HTX,ICP,BITGET,HTX,9.086473463093547,0.9146968394431444,-6.374326079232251,16.90264891670352,-18.558865799361833,36.75676735166222,21.999999999999996,55.265405129492585,-95.44994484962216,-126.39649856038704,FLAT
2026-10-06T06:27:35.319679+00:00,0,PERP,ICP|HTX|MEXC,ICP,HTX,MEXC,-15.895953757224524,-0.9091912546800998,-0.14283437074906324,17.326518821409273,-40.369088811993414,8.690614136732666,26.0,49.137549497721515,-121.36380393896587,-89.97099800520326,FLAT
2026-10-06T06:27:35.795392+00:00,0,PERP,APT|BITGET|HTX,APT,BITGET,HTX,9.233325086490662,-0.3593798917028251,14.440702599796838,14.489896718017294,-5.939877290510598,24.417257257081104,21.999999999999996,30.329126886308924,-78.70970677661636,-68.30568154359318,FLAT
2026-10-06T06:27:36.317078+00:00,0,PERP,ICP|HTX|OKX,ICP,HTX,OKX,-13.005780346819762,-0.4891180763546337,-4.272799887026547,17.854544499519562,-37.48558246827849,11.587485515642815,20.0,49.13671176803258,-108.34949434928453,-90.99699717070195,FLAT
2026-10-06T06:27:36.749745+00:00,0,PERP,DOT|GATE|HTX,DOT,GATE,HTX,5.983759885610507,0.5903678046804401,-0.4485632375654679,10.895450382254031,-13.008130081301195,24.99110297698559,20.0,37.976502546720205,-76.53606939045594,-89.41616876127127,FLAT
2026-10-06T06:27:47.021358+00:00,1,PERP,OP|GATE|OKX,OP,GATE,OKX,-3.495580310342028,-0.5476128163007137,-0.14678968378893498,6.115252468295323,-13.168265879500707,6.191557945591786,20.0,19.366582780274015,-58.388058975985786,-51.704930409654736,FLAT
2026-10-06T06:27:47.257769+00:00,1,PERP,OP|BITGET|GATE,OP,BITGET,GATE,2.215507049736498,0.5542897049416062,-2.4263823099487936,8.374482365993627,-9.282897311101435,13.722543846279578,21.999999999999996,23.000342176169745,-57.85685717732238,-67.14926833239811,FLAT
2026-10-06T06:27:47.667423+00:00,1,PERP,ICP|BITGET|HTX,ICP,BITGET,HTX,8.39684162929677,0.8738966171114085,-6.374326079232251,16.90264891670352,-19.027914657414602,35.84515010130129,21.999999999999996,54.82701727172766,-95.48060584991,-125.0464934522612,FLAT
2026-10-06T06:27:48.359011+00:00,1,PERP,ICP|HTX|MEXC,ICP,HTX,MEXC,-15.895953757224524,-0.9091912546800998,-0.14283437074906324,17.326518821409273,-40.369088811993414,8.690614136732666,26.0,49.137549497721515,-121.36380393896587,-89.97099800520326,FLAT
2026-10-06T06:27:48.800451+00:00,1,PERP,APT|BITGET|HTX,APT,BITGET,HTX,4.103475783039379,-0.7134092822003179,14.440702599796838,14.489896718017294,-10.455573278280728,18.67105106689415,21.999999999999996,29.114674713037832,-82.0109505911154,-61.34502318013514,FLAT
2026-10-06T06:27:49.217932+00:00,1,PERP,ICP|HTX|OKX,ICP,HTX,OKX,-13.005780346819762,-0.4891180763546337,-4.272799887026547,17.854544499519562,-37.48558246827849,11.587485515642815,20.0,49.13671176803258,-108.34949434928453,-90.99699717070195,FLAT
2026-10-06T06:27:49.955522+00:00,1,PERP,DOT|GATE|HTX,DOT,GATE,HTX,9.969525582742556,0.9561870739438627,-0.4485632375654679,10.895450382254031,-13.008130081301195,32.98421288240982,20.0,45.946506659607245,-84.50607350334298,-105.37928277958254,FLAT
2026-10-06T06:28:00.271519+00:00,2,PERP,OP|GATE|OKX,OP,GATE,OKX,-2.278213155512132,-0.34854218738696635,-0.14678968378893498,6.115252468295323,-12.747071564914725,8.206746304999513,20.0,20.958580309099975,-59.55886219022576,-55.31211629788842,FLAT
2026-10-06T06:28:00.518875+00:00,2,PERP,OP|BITGET|GATE,OP,BITGET,GATE,1.0010694962891975,0.40927327283604903,-2.4263823099487936,8.374482365993627,-10.43219602841372,12.442918553667859,21.999999999999996,22.87282163284145,-58.87863535130638,-65.74212249645811,FLAT
2026-10-06T06:28:00.903191+00:00,2,PERP,ICP|BITGET|HTX,ICP,BITGET,HTX,6.756321002949761,0.7768396034781304,-6.374326079232251,16.90264891670352,-20.738409826587258,34.27507499999871,21.999999999999996,54.97633056251738,-97.34041430987239,-123.62573164174833,FLAT
2026-10-06T06:28:01.539441+00:00,2,PERP,ICP|HTX|MEXC,ICP,HTX,MEXC,-15.895953757224524,-0.9091912546800998,-0.14283437074906324,17.326518821409273,-40.369088811993414,8.690614136732666,26.0,49.137549497721515,-121.36380393896587,-89.97099800520326,FLAT
2026-10-06T06:28:02.140081+00:00,2,PERP,APT|BITGET|HTX,APT,BITGET,HTX,8.663764407195185,-0.39868732710968097,14.440702599796838,14.489896718017294,-6.184336519045042,23.52140077960252,21.999999999999996,29.680020167566447,-78.30505928640832,-66.76071834737212,FLAT
2026-10-06T06:28:02.566587+00:00,2,PERP,ICP|HTX|OKX,ICP,HTX,OKX,-10.11560693641611,-0.3272448115126535,-4.272799887026547,17.854544499519562,-34.602076124565784,14.484356894552963,20.0,49.135874523074634,-105.46515076061387,-93.89303130465414,FLAT
2026-10-06T06:28:03.373994+00:00,2,PERP,DOT|GATE|HTX,DOT,GATE,HTX,7.8686472695954635,0.7633654613037008,-0.4485632375654679,10.895450382254031,-13.008130081301195,28.770287876276335,20.0,41.74555505612603,-80.30512189986175,-96.96440616996783,FLAT
2026-10-06T06:54:38.800231+00:00,0,PERP,OP|GATE|OKX,OP,GATE,OKX,-2.082388321744677,-0.32909087018023847,-0.07391384941418358,6.103099946924933,-12.809129077249182,8.662281820899231,20.0,21.475868036156264,-60.21108326399126,-56.21206370646968,FLAT
2026-10-06T06:54:39.148282+00:00,0,PERP,OP|BITGET|GATE,OP,BITGET,GATE,-0.6660851652695587,0.21132888963750113,-2.436474763358361,8.37741399732713,-14.954031262883749,13.638865248035703,21.999999999999996,28.59479105499443,-69.11234755451981,-72.67013106638849,FLAT
2026-10-06T06:54:39.640954+00:00,0,PERP,ICP|BITGET|HTX,ICP,BITGET,HTX,15.895953757225634,1.3104822405365655,-6.294043424143978,16.932695838963916,-2.8893383415196094,34.69210754553309,21.999999999999996,37.52179827081618,-62.11709318819181,-106.50794924049325,FLAT
2026-10-06T06:54:40.359523+00:00,0,PERP,ICP|HTX|MEXC,ICP,HTX,MEXC,-25.970278459096498,-1.470281632107908,-0.3029357129496109,17.457432770446996,-43.21521175453813,-8.670520231214285,26.0,34.63455140661075,-109.54682744819925,-58.26696688834606,FLAT
2026-10-06T06:54:40.856173+00:00,0,PERP,APT|BITGET|HTX,APT,BITGET,HTX,16.81126009011713,0.1681754565374347,14.371696044142105,14.506064655349961,7.6943801893336605,25.93365657913793,21.999999999999996,18.208663663202568,-52.88597951801101,-57.77062419819839,FLAT
2026-10-06T06:54:41.354036+00:00,0,PERP,ICP|HTX|OKX,ICP,HTX,OKX,-24.53102453102374,-1.1193751652313804,-4.473181798801021,17.918784832140403,-40.345821325649126,-8.670520231214285,20.0,31.75312881663271,-93.62576834348081,-53.55579038421945,FLAT
2026-10-06T06:54:41.805423+00:00,0,PERP,DOT|GATE|HTX,DOT,GATE,HTX,17.778716427594432,1.654768894459481,-0.15506869687948205,10.837637318733782,-12.851750592505207,48.434086266409,20.0,61.17706177661053,-99.87374367223626,-135.766216739899,FLAT
2026-10-06T06:54:52.205004+00:00,1,PERP,OP|GATE|OKX,OP,GATE,OKX,-2.081974456696889,-0.329023057912475,-0.07391384941418358,6.103099946924933,-12.745361050707782,8.599647221467777,20.0,21.3494375922795,-60.020884793573096,-56.02299866316146,FLAT
2026-10-06T06:54:52.573433+00:00,1,PERP,OP|BITGET|GATE,OP,BITGET,GATE,0.6374712406609362,0.3669325647508957,-2.436474763358361,8.37741399732713,-11.637271481365064,12.921387910909132,21.999999999999996,24.557090521427014,-61.757887239433714,-67.91495319569451,FLAT
2026-10-06T06:54:53.055914+00:00,1,PERP,ICP|BITGET|HTX,ICP,BITGET,HTX,17.4744013132333,1.4037011568284117,-6.294043424143978,16.932695838963916,-0.9227067321593285,35.88602024877208,21.999999999999996,36.74451242477007,-59.37317573278541,-106.92457609768613,FLAT
2026-10-06T06:54:54.175974+00:00,1,PERP,ICP|HTX|MEXC,ICP,HTX,MEXC,-27.417027417026006,-1.553154582383773,-0.3029357129496109,17.457432770446996,-43.22766570605041,-11.560693641619046,26.0,31.75396606159065,-106.67869605469144,-52.49620813292121,FLAT
2026-10-06T06:54:54.642647+00:00,1,PERP,APT|BITGET|HTX,APT,BITGET,HTX,13.402407262277372,-0.06681955477892149,14.371696044142105,14.506064655349961,4.479106994523807,22.3307668974404,21.999999999999996,17.827764972360463,-55.72035402197875,-53.786835825658756,FLAT
2026-10-06T06:54:55.152861+00:00,1,PERP,ICP|HTX|OKX,ICP,HTX,OKX,-24.53102453102374,-1.1193751652313804,-4.473181798801021,17.918784832140403,-40.345821325649126,-8.670520231214285,20.0,31.75312881663271,-93.62576834348081,-53.55579038421945,FLAT
2026-10-06T06:54:55.617488+00:00,1,PERP,DOT|GATE|HTX,DOT,GATE,HTX,9.644101148320594,0.9041795325869942,-0.15506869687948205,10.837637318733782,-20.958202093646072,40.27126410047322,20.0,61.170462687909875,-107.97359608467647,-127.59679548526258,FLAT
2026-10-06T06:55:06.005246+00:00,2,PERP,OP|GATE|OKX,OP,GATE,OKX,-0.9636275487012735,-0.14578062083603516,-0.07391384941418358,6.103099946924933,-12.020089997462069,10.111833803787551,20.0,22.134040388960436,-60.08021653700832,-58.31978804216217,FLAT
2026-10-06T06:55:06.377872+00:00,2,PERP,OP|BITGET|GATE,OP,BITGET,GATE,-2.0602526612478744,0.04490909751273158,-2.436474763358361,8.37741399732713,-14.59127963054474,10.48068820662218,21.999999999999996,25.077130439508107,-65.23193530669448,-65.99429340948865,FLAT
2026-10-06T06:55:06.884052+00:00,2,PERP,ICP|BITGET|HTX,ICP,BITGET,HTX,19.00417115606734,1.4940452967918707,-6.294043424143978,16.932695838963916,1.2921999999981892,36.72767341625915,21.999999999999996,35.368255226326156,-55.78201180218399,-106.38997206672929,FLAT
2026-10-06T06:55:07.600135+00:00,2,PERP,ICP|HTX|MEXC,ICP,HTX,MEXC,-27.417027417026006,-1.553154582383773,-0.3029357129496109,17.457432770446996,-43.22766570605041,-11.560693641619046,26.0,31.75396606159065,-106.67869605469144,-52.49620813292121,FLAT
2026-10-06T06:55:08.116957+00:00,2,PERP,APT|BITGET|HTX,APT,BITGET,HTX,10.392034962338759,-0.27434463973215595,14.371696044142105,14.506064655349961,1.9523555700917683,18.835687231000264,21.999999999999996,16.86580372384196,-57.28514419789229,-49.329794910700116,FLAT
2026-10-06T06:55:08.661969+00:00,2,PERP,ICP|HTX|OKX,ICP,HTX,OKX,-24.53102453102374,-1.1193751652313804,-4.473181798801021,17.918784832140403,-40.345821325649126,-8.670520231214285,20.0,31.75312881663271,-93.62576834348081,-53.55579038421945,FLAT
2026-10-06T06:55:09.157002+00:00,2,PERP,DOT|GATE|HTX,DOT,GATE,HTX,1.5226860561101674,0.15480816562199468,-0.15506869687948205,10.837637318733782,-29.051504443936558,32.12169326922254,20.0,61.163874307673204,-116.06031005473028,-119.44063627377523,FLAT
2026-10-06T07:37:13.736548+00:00,0,PERP,OP|GATE|OKX,OP,GATE,OKX,-0.8897229967663733,-0.14556526581505091,0.010093979681115152,6.1815363123147655,-11.366863848225606,9.605478444476567,20.0,20.97419286177662,-58.35115068968334,-56.569577326572066,FLAT
2026-10-06T07:37:14.048816+00:00,0,PERP,OP|BITGET|GATE,OP,BITGET,GATE,-1.5265041947520874,0.11413864508066099,-2.4867716780177207,8.413167009184479,-13.867157004253672,10.823371823129868,21.999999999999996,24.694294976517906,-64.07468030275385,-66.00443847766549,FLAT
2026-10-06T07:37:14.739690+00:00,0,PERP,ICP|BITGET|HTX,ICP,BITGET,HTX,12.718114589274077,1.1292648648087378,-6.368467650946199,16.901776398978768,-12.134756585788775,37.59398496240518,21.999999999999996,49.6655656756846,-83.43185461052717,-121.62801828903596,FLAT
2026-10-06T07:37:15.492288+00:00,0,PERP,ICP|HTX|MEXC,ICP,HTX,MEXC,-21.651270207851958,-1.2413560863272144,-0.14286926605199132,17.32653601871532,-43.21521175453813,0.0,26.0,43.30880434459462,-118.38114683308076,-75.45167361064661,FLAT
2026-10-06T07:37:16.030741+00:00,0,PERP,APT|BITGET|HTX,APT,BITGET,HTX,32.652842517024716,1.214847437594821,14.770929680279302,14.71947199571691,15.08396953947555,50.23204755522981,21.999999999999996,35.033680054801124,-62.72064019560487,-98.49479792975163,FLAT
2026-10-06T07:37:16.932469+00:00,0,PERP,ICP|HTX|OKX,ICP,HTX,OKX,-20.078149052661367,-0.8940453213548436,-4.106319421070413,17.864675593164687,-42.956328619082605,2.8926815157670482,20.0,45.94106406025682,-110.79107325826901,-78.94006499709428,FLAT
2026-10-06T07:37:17.419008+00:00,0,PERP,DOT|GATE|HTX,DOT,GATE,HTX,18.444293189250338,1.7036046646919885,-0.026368502158656063,10.842105609489211,-13.03993480032628,49.97828414723182,20.0,62.90216106164618,-101.91572735981381,-138.90681371103665,FLAT
2026-10-06T07:37:27.738025+00:00,1,PERP,OP|GATE|OKX,OP,GATE,OKX,-0.06507848795966886,-0.012160806609034479,0.010093979681115152,6.1815363123147655,-10.507470686762499,10.395313294511155,20.0,20.902904514606373,-57.42046918104999,-57.288123829436415,FLAT
2026-10-06T07:37:28.039615+00:00,1,PERP,OP|BITGET|GATE,OP,BITGET,GATE,-1.755456052124904,0.08692512880042137,-2.4867716780177207,8.413167009184479,-13.680836462862667,10.178837198981938,21.999999999999996,23.863859528093762,-63.0579243129387,-64.52946840509341,FLAT
2026-10-06T07:37:28.544736+00:00,1,PERP,ICP|BITGET|HTX,ICP,BITGET,HTX,11.587772898238313,1.062387770688379,-6.368467650946199,16.901776398978768,-12.463381282494801,35.65733157894657,21.999999999999996,48.06500918128583,-82.15992281283444,-118.0908084111786,FLAT
2026-10-06T07:37:29.291087+00:00,1,PERP,ICP|HTX|MEXC,ICP,HTX,MEXC,-21.651270207851958,-1.2413560863272144,-0.14286926605199132,17.32653601871532,-43.21521175453813,0.0,26.0,43.30880434459462,-118.38114683308076,-75.45167361064661,FLAT
2026-10-06T07:37:29.808888+00:00,1,PERP,APT|BITGET|HTX,APT,BITGET,HTX,34.685065454804764,1.3529110134059226,14.770929680279302,14.71947199571691,17.315870921277288,52.06376921985223,21.999999999999996,34.62778898350079,-60.08284774250281,-99.92062852307373,FLAT
2026-10-06T07:37:30.330880+00:00,1,PERP,ICP|HTX|OKX,ICP,HTX,OKX,-18.76443418013851,-0.8205083088481343,-4.106319421070413,17.864675593164687,-40.33419763756929,2.8926815157670482,20.0,43.30796758394324,-105.53584580044212,-76.3069685207807,FLAT
2026-10-06T07:37:31.168764+00:00,1,PERP,DOT|GATE|HTX,DOT,GATE,HTX,18.294125129290073,1.6897542130021586,-0.026368502158656063,10.842105609489211,-13.03993480032628,49.676769119924025,20.0,62.60214114382427,-101.6157074419919,-138.30527876590696,FLAT
2026-10-06T07:37:41.500108+00:00,2,PERP,OP|GATE|OKX,OP,GATE,OKX,-0.31888119896961165,-0.05321899961913146,0.010093979681115152,6.1815363123147655,-10.998056141069412,10.378217640314435,20.0,21.376940422726467,-58.38509054347699,-57.745064083359786,FLAT
2026-10-06T07:37:41.825765+00:00,2,PERP,OP|BITGET|GATE,OP,BITGET,GATE,1.4376960400142025,0.466467349780132,-2.4867716780177207,8.413167009184479,-10.409632806398506,13.293879392295427,21.999999999999996,23.70010153685785,-59.62296266523863,-67.48075260717098,FLAT
2026-10-06T07:37:42.340071+00:00,2,PERP,ICP|BITGET|HTX,ICP,BITGET,HTX,11.581216547018602,1.0619998616860975,-6.368467650946199,16.901776398978768,-12.463381282494801,35.644182330827334,21.999999999999996,48.05190664661448,-82.14682027816309,-118.06455662838802,FLAT
2026-10-06T07:37:43.447971+00:00,2,PERP,ICP|HTX|MEXC,ICP,HTX,MEXC,-21.651270207851958,-1.2413560863272144,-0.14286926605199132,17.32653601871532,-43.21521175453813,0.0,26.0,43.30880434459462,-118.38114683308076,-75.45167361064661,FLAT
2026-10-06T07:37:44.319136+00:00,2,PERP,APT|BITGET|HTX,APT,BITGET,HTX,29.952566156150606,1.0313981697365826,14.770929680279302,14.71947199571691,12.400343127514368,47.51506961970131,21.999999999999996,35.0098599677334,-65.38044652049832,-95.75399990715539,FLAT
2026-10-06T07:37:44.895137+00:00,2,PERP,ICP|HTX|OKX,ICP,HTX,OKX,-18.76443418013851,-0.8205083088481343,-4.106319421070413,17.864675593164687,-40.33419763756929,2.8926815157670482,20.0,43.30796758394324,-105.53584580044212,-76.3069685207807,FLAT
2026-10-06T07:37:45.372448+00:00,2,PERP,DOT|GATE|HTX,DOT,GATE,HTX,18.585754036442026,1.7166520239676517,-0.026368502158656063,10.842105609489211,-12.907755543384303,50.10497260367952,20.0,62.89582103191871,-101.77720807314435,-139.02716213775687,FLAT
2026-10-06T07:56:38.611383+00:00,0,PERP,OP|GATE|OKX,OP,GATE,OKX,-2.221442446586064,-0.3500592315075719,-0.08362720949996645,6.107010027644009,-11.77164280426024,7.342073091571866,20.0,19.1179535634363,-56.805969158196575,-52.54365386450814,FLAT
2026-10-06T07:56:38.835585+00:00,0,PERP,OP|BITGET|GATE,OP,BITGET,GATE,-0.050074129505084386,0.2774574448326378,-2.372413183428975,8.370072950555443,-10.678503756692548,10.586193572625913,21.999999999999996,21.2648009218792,-57.570891495142774,-62.22340767793409,FLAT
2026-10-06T07:56:39.373413+00:00,0,PERP,ICP|BITGET|HTX,ICP,BITGET,HTX,9.831892790166386,0.9394040744543297,-6.128484655218672,16.989895913168077,-17.23147616312426,36.91738545559042,21.999999999999996,54.09566630043598,-93.19865780834157,-125.14153641124507,FLAT
2026-10-06T07:56:40.080065+00:00,0,PERP,ICP|HTX|MEXC,ICP,HTX,MEXC,-21.076938331030526,-1.1759458250507122,-0.46160452454628115,17.530853349979125,-44.92313860251951,2.8768699654779795,26.0,47.90072638496013,-124.36226046293336,-83.23920087498439,FLAT
2026-10-06T07:56:40.536944+00:00,0,PERP,APT|BITGET|HTX,APT,BITGET,HTX,20.579902522284144,0.4075105651047782,14.517763149037961,14.876029954431978,0.24603299075609542,40.925294879516905,21.999999999999996,40.59571304307392,-82.86744320135578,-95.00324477355286,FLAT
2026-10-06T07:56:41.008931+00:00,0,PERP,ICP|HTX|OKX,ICP,HTX,OKX,-18.65671641791078,-0.7893081071740253,-4.465207581816467,17.97968208752402,-42.95532646048095,5.753739930955959,20.0,48.79985407255699,-113.28997295122147,-85.01880158532943,FLAT
2026-10-06T07:56:41.452956+00:00,0,PERP,DOT|GATE|HTX,DOT,GATE,HTX,4.756207911578159,0.43699501948635305,0.006072132211903971,10.869999811324158,-20.941796384154053,30.47495313087234,20.0,51.39229790299003,-98.340166419356,-107.86117890165048,FLAT
2026-10-06T07:56:51.712223+00:00,1,PERP,OP|GATE|OKX,OP,GATE,OKX,-4.787512090286272,-0.7702435167936007,-0.08362720949996645,6.107010027644009,-9.34697365124082,-0.2247949466094301,20.0,9.126546888114135,-44.389893329854985,-34.98537915100467,FLAT
2026-10-06T07:56:51.944868+00:00,1,PERP,OP|BITGET|GATE,OP,BITGET,GATE,3.25568616206251,0.6724074424127929,-2.372413183428975,8.370072950555443,-4.424778761061843,10.942470493449097,21.999999999999996,15.362245190899081,-45.414610768531944,-56.67712886777714,FLAT
2026-10-06T07:56:52.400649+00:00,1,PERP,ICP|BITGET|HTX,ICP,BITGET,HTX,10.866353232550363,1.0002908772735404,-6.128484655218672,16.989895913168077,-17.23147616312426,38.992967222539754,21.999999999999996,56.1633995153526,-95.26639102325818,-129.284851393111,FLAT
2026-10-06T07:56:53.114059+00:00,1,PERP,ICP|HTX|MEXC,ICP,HTX,MEXC,-21.526980482204916,-1.2016172594178776,-0.46160452454628115,17.530853349979125,-45.81901489117968,2.8768699654779795,26.0,48.800681234656636,-126.15809160129004,-84.13915572468089,FLAT
2026-10-06T07:56:53.598649+00:00,1,PERP,APT|BITGET|HTX,APT,BITGET,HTX,28.06380891823501,0.9105954888966401,14.517763149037961,14.876029954431978,8.363715258903337,47.772509461263546,21.999999999999996,39.29850574701091,-73.45255363714553,-100.55325205923648,FLAT
2026-10-06T07:56:54.062193+00:00,1,PERP,ICP|HTX|OKX,ICP,HTX,OKX,-21.526980482204916,-0.9489474183877532,-4.465207581816467,17.97968208752402,-45.81901489117968,2.8768699654779795,20.0,48.800681234656636,-116.15448854401984,-82.14275878195109,FLAT
2026-10-06T07:56:54.500839+00:00,1,PERP,DOT|GATE|HTX,DOT,GATE,HTX,4.756207911578159,0.43699501948635305,0.006072132211903971,10.869999811324158,-20.941796384154053,30.47495313087234,20.0,51.39229790299003,-98.340166419356,-107.86117890165048,FLAT
2026-10-06T07:57:04.762313+00:00,2,PERP,OP|GATE|OKX,OP,GATE,OKX,-3.3918456687875853,-0.5417083719058308,-0.08362720949996645,6.107010027644009,-14.736061981480697,7.973275639450161,20.0,22.717023640739832,-63.36945841272056,-56.773926489689956,FLAT
2026-10-06T07:57:05.000599+00:00,2,PERP,OP|BITGET|GATE,OP,BITGET,GATE,-0.2564846539254706,0.2527969041611627,-2.372413183428975,8.370072950555443,-15.658232247162118,15.164574990351731,21.999999999999996,30.823585715206228,-72.10940477893936,-76.36057388898692,FLAT
2026-10-06T07:57:05.450924+00:00,2,PERP,ICP|BITGET|HTX,ICP,BITGET,HTX,14.426718248055082,1.209848665838051,-6.128484655218672,16.989895913168077,-13.392285894858746,42.272609836064845,21.999999999999996,55.58469227422511,-90.84849351386518,-131.98578676550864,FLAT
2026-10-06T07:57:06.163926+00:00,2,PERP,ICP|HTX|MEXC,ICP,HTX,MEXC,-24.397244546497944,-1.3653436911546672,-0.46160452454628115,17.530853349979125,-48.6827033218773,0.0,26.0,48.80150887275231,-129.02260767008332,-81.26311339729858,FLAT
2026-10-06T07:57:06.639716+00:00,2,PERP,APT|BITGET|HTX,APT,BITGET,HTX,30.745679325774322,1.0908768150135124,14.517763149037961,14.876029954431978,11.275900806722028,50.225348773582645,21.999999999999996,38.83005979845636,-70.0719221407723,-102.53764542300104,FLAT
2026-10-06T07:57:07.109441+00:00,2,PERP,ICP|HTX|OKX,ICP,HTX,OKX,-24.194669232371346,-1.09731982770958,-4.465207581816467,17.97968208752402,-48.28281595985584,0.0,20.0,48.399682378405586,-118.21729075644495,-78.86488996022206,FLAT
2026-10-06T07:57:07.548757+00:00,2,PERP,DOT|GATE|HTX,DOT,GATE,HTX,4.756207911578159,0.43699501948635305,0.006072132211903971,10.869999811324158,-20.941796384154053,30.47495313087234,20.0,51.39229790299003,-98.340166419356,-107.86117890165048,FLAT
2026-10-06T08:19:55.094185+00:00,0,PERP,OP|GATE|OKX,OP,GATE,OKX,-0.11070042571503791,0.01805310958742938,-0.2210818983078443,6.1142636983529135,-11.568623716206039,11.36807374059634,20.0,22.93693241488714,-60.284474232785335,-60.52608805379133,FLAT
2026-10-06T08:19:55.451511+00:00,0,PERP,OP|BITGET|GATE,OP,BITGET,GATE,-2.8087274421517705,-0.037440832621422705,-2.4934508756492093,8.420661198708702,-18.49412332957545,12.897416855903732,21.999999999999996,31.400345973045425,-75.40101842697166,-74.79121370459836,FLAT
2026-10-06T08:19:55.910438+00:00,0,PERP,ICP|BITGET|HTX,ICP,BITGET,HTX,22.160866168783322,1.6320568512990634,-5.8444184202065115,17.159503093717937,-2.881844380404619,47.225246210800265,21.999999999999996,49.99628512158719,-75.0337110817853,-131.06594975259395,FLAT
2026-10-06T08:19:56.632971+00:00,0,PERP,ICP|HTX|MEXC,ICP,HTX,MEXC,-30.742011228727108,-1.708522045959984,-0.6190656218882219,17.630996145509737,-52.74483352468273,-8.64802536753917,26.0,44.23259959743802,-128.35836750023253,-68.20363985178707,FLAT
2026-10-06T08:19:57.109029+00:00,0,PERP,APT|BITGET|HTX,APT,BITGET,HTX,29.274807023811356,0.949758700307257,15.107187023654781,14.917073142444707,10.703839335661769,47.855619576600006,21.999999999999996,37.04333398674636,-69.44668167473938,-97.7917665396916,FLAT
2026-10-06T08:19:57.595459+00:00,0,PERP,ICP|HTX|OKX,ICP,HTX,OKX,-30.742011228727108,-1.4625495548021858,-4.45563453737983,17.972981910279675,-52.74483352468273,-8.64802536753917,20.0,44.23259959743802,-118.52179858474094,-66.04020876727868,FLAT
2026-10-06T08:19:58.099897+00:00,0,PERP,DOT|GATE|HTX,DOT,GATE,HTX,7.249971605849392,0.6516343645783416,0.06190369621848616,11.03083001812243,-20.91713596138467,35.45900324578799,20.0,56.33526512311319,-103.31430478071634,-117.73236467268269,FLAT
2026-10-06T08:20:08.493432+00:00,1,PERP,OP|GATE|OKX,OP,GATE,OKX,-0.5616017214116198,-0.05569269496758967,-0.2210818983078443,6.1142636983529135,-11.275166152969751,10.170648732306109,20.0,21.447003071282648,-58.50108732594456,-57.8387337018966,FLAT
2026-10-06T08:20:08.840900+00:00,1,PERP,OP|BITGET|GATE,OP,BITGET,GATE,-3.7413873439617884,-0.14819934431086582,-2.4934508756492093,8.420661198708702,-18.67940712544702,11.215286137260527,21.999999999999996,29.905870567730823,-74.09182681752863,-71.61460758064055,FLAT
2026-10-06T08:20:09.315183+00:00,1,PERP,ICP|BITGET|HTX,ICP,BITGET,HTX,23.45302139463934,1.707359452941944,-5.8444184202065115,17.159503093717937,-2.107567579252567,49.03374675512051,21.999999999999996,51.02164523214674,-75.28479439119279,-133.89981040747375,FLAT
2026-10-06T08:20:10.037565+00:00,1,PERP,ICP|HTX|MEXC,ICP,HTX,MEXC,-31.6410182654947,-1.7595121902120743,-0.6190656218882219,17.630996145509737,-54.53501722158305,-8.64802536753917,26.0,46.03242958477049,-131.9483811844653,-70.00346983911953,FLAT
2026-10-06T08:20:10.519472+00:00,1,PERP,APT|BITGET|HTX,APT,BITGET,HTX,31.367066916578867,1.0900181113048637,15.107187023654781,14.917073142444707,12.343336442466324,50.40123996621793,21.999999999999996,37.93889746489726,-68.7027480460857,-101.23295040746041,FLAT
2026-10-06T08:20:11.169964+00:00,1,PERP,ICP|HTX|OKX,ICP,HTX,OKX,-34.517474471450484,-1.6726128187374816,-4.45563453737983,17.972981910279675,-57.405281285878296,-11.530700490053336,20.0,46.03326248605363,-124.9829092345521,-64.95819653338012,FLAT
2026-10-06T08:20:11.617447+00:00,1,PERP,DOT|GATE|HTX,DOT,GATE,HTX,11.895551363863,1.0727794416379495,0.06190369621848616,11.03083001812243,-12.882447665056862,36.69351654832287,20.0,49.51705290761274,-88.46140426888809,-112.14866575971712,FLAT
2026-10-06T08:20:21.993504+00:00,2,PERP,OP|GATE|OKX,OP,GATE,OKX,0.4398235706815079,0.10809240516848984,-0.2210818983078443,6.1142636983529135,-9.645792470471815,10.54214047877533,20.0,20.187031259908064,-55.61174183207204,-56.95025363699124,FLAT
2026-10-06T08:20:22.328476+00:00,2,PERP,OP|BITGET|GATE,OP,BITGET,GATE,-3.2778468535332728,-0.0931513522957496,-2.4934508756492093,8.420661198708702,-16.464556670648946,9.921857829835456,21.999999999999996,26.395059997167063,-68.3661657921668,-66.81036870265173,FLAT
2026-10-06T08:20:22.790580+00:00,2,PERP,ICP|BITGET|HTX,ICP,BITGET,HTX,25.361382902391316,1.8185725514407358,-5.8444184202065115,17.159503093717937,0.0,50.74170894402652,21.999999999999996,50.61333944392234,-72.76892102371583,-135.19946680815536,FLAT
2026-10-06T08:20:23.502432+00:00,2,PERP,ICP|HTX|MEXC,ICP,HTX,MEXC,-33.169413567119,-1.8462001622931952,-0.6190656218882219,17.630996145509737,-54.72078071182662,-11.530700490053336,26.0,43.33363871516037,-129.43535380509877,-64.42200384699525,FLAT
2026-10-06T08:20:24.030992+00:00,2,PERP,APT|BITGET|HTX,APT,BITGET,HTX,25.539554215174842,0.699357514165164,15.107187023654781,14.917073142444707,0.41149400000106695,50.67567567567765,21.999999999999996,50.1361349292177,-92.83182795287141,-113.70462358124055,FLAT
2026-10-06T08:20:24.555967+00:00,2,PERP,ICP|HTX|OKX,ICP,HTX,OKX,-30.292568254248753,-1.4375429656495369,-4.45563453737983,17.972981910279675,-51.84974167623424,-8.64802536753917,20.0,43.33280581387723,-116.72691295273164,-65.14041498371789,FLAT
2026-10-06T08:20:25.052761+00:00,2,PERP,DOT|GATE|HTX,DOT,GATE,HTX,11.895551363863,1.0727794416379495,0.06190369621848616,11.03083001812243,-12.882447665056862,36.69351654832287,20.0,49.51705290761274,-88.46140426888809,-112.14866575971712,FLAT
2026-10-06T08:41:05.082431+00:00,0,PERP,OP|GATE|OKX,OP,GATE,OKX,-1.8276132550032465,-0.2799866865102169,-0.12899408336751617,6.0667855061520815,-13.99427446598045,10.361731617731795,20.0,24.360437103341212,-64.22571748595415,-60.85116280444052,FLAT
2026-10-06T08:41:05.428264+00:00,0,PERP,OP|BITGET|GATE,OP,BITGET,GATE,-4.153363093544193,-0.20661331005176098,-2.411570778084367,8.430203819025362,-18.280430035237938,9.987346959938748,21.999999999999996,28.27951592026124,-72.1483751774148,-68.67843365828435,FLAT
2026-10-06T08:41:05.911132+00:00,0,PERP,ICP|BITGET|HTX,ICP,BITGET,HTX,7.635511391665961,0.7939509889083417,-5.923971110186795,17.078488082112763,-14.513775195147405,29.79964723589079,21.999999999999996,44.279607710199414,-80.86941179516002,-108.003226056277,FLAT
2026-10-06T08:41:06.556592+00:00,0,PERP,ICP|HTX|MEXC,ICP,HTX,MEXC,-21.676300578035157,-1.2095244690313411,-0.5001100388620875,17.507864521444713,-43.265070666280714,0.0,26.0,43.35887959215186,-118.12384021957047,-75.85898963101394,FLAT
2026-10-06T08:41:07.017053+00:00,0,PERP,APT|BITGET|HTX,APT,BITGET,HTX,9.534352712134986,-0.338950118026458,14.588090806740947,14.909975910412495,-12.042204402180623,31.122977785187356,21.999999999999996,43.124062810931285,-97.75435801985284,-87.65894978937769,FLAT
2026-10-06T08:41:07.441813+00:00,0,PERP,ICP|HTX|OKX,ICP,HTX,OKX,-21.676300578035157,-0.9622699074666916,-4.4170312186804965,17.935996153919092,-43.265070666280714,0.0,20.0,43.35887959215186,-108.20691903975207,-73.77591081083234,FLAT
2026-10-06T08:41:07.836688+00:00,0,PERP,DOT|GATE|HTX,DOT,GATE,HTX,-1.3200571326321686,-0.11082638377006522,-0.09502406555461329,11.053623021925606,-35.28848103781179,32.69756212077368,20.0,67.99498328662933,-129.18844025888652,-126.78756947295763,FLAT
2026-10-06T08:41:18.187768+00:00,1,PERP,OP|GATE|OKX,OP,GATE,OKX,-6.743874338097644,-1.090343518494637,-0.12899408336751617,6.0667855061520815,-18.31552793823743,4.849882715478593,20.0,23.1810225538502,-67.3675564087201,-54.15989935269631,FLAT
2026-10-06T08:41:18.491080+00:00,1,PERP,OP|BITGET|GATE,OP,BITGET,GATE,-2.6152233658305324,-0.02415749276269696,-2.411570778084367,8.430203819025362,-18.640099759329452,13.427199004265589,21.999999999999996,32.075677669292205,-76.30420665053728,-75.91444745164216,FLAT
2026-10-06T08:41:18.898976+00:00,1,PERP,ICP|BITGET|HTX,ICP,BITGET,HTX,14.204017123096158,1.1785579693300894,-5.923971110186795,17.078488082112763,-10.225384524156222,38.653819577179064,21.999999999999996,48.809865969411476,-81.1112793833809,-121.38765665677734,FLAT
2026-10-06T08:41:19.537853+00:00,1,PERP,ICP|HTX|MEXC,ICP,HTX,MEXC,-24.56647398843881,-1.374603048824073,-0.5001100388620875,17.507864521444713,-46.14940871070061,-2.8960324355609135,26.0,43.359718778551915,-121.00901745039044,-72.9637963818531,FLAT
2026-10-06T08:41:19.930651+00:00,1,PERP,APT|BITGET|HTX,APT,BITGET,HTX,11.72937118626205,-0.1917320079962362,14.588090806740947,14.909975910412495,-10.066976418755536,33.538848932943566,21.999999999999996,43.554734433376595,-96.20980165887308,-90.50549255957921,FLAT
2026-10-06T08:41:20.384768+00:00,1,PERP,ICP|HTX|OKX,ICP,HTX,OKX,-24.56647398843881,-1.1234080670426312,-4.4170312186804965,17.935996153919092,-46.14940871070061,-2.8960324355609135,20.0,43.359718778551915,-111.09209627057203,-70.8807175616715,FLAT
2026-10-06T08:41:20.773483+00:00,1,PERP,DOT|GATE|HTX,DOT,GATE,HTX,1.8807902716910796,0.17874812026125117,-0.09502406555461329,11.053623021925606,-28.911109283723533,32.69756212077368,20.0,61.59707624502278,-116.4131614631917,-120.38966243135107,FLAT
2026-10-06T08:41:31.084471+00:00,2,PERP,OP|GATE|OKX,OP,GATE,OKX,0.6507521380783032,0.12852707923415296,-0.12899408336751617,6.0667855061520815,-7.113994415847147,8.423688150964725,20.0,15.536667198448217,-48.52166753092784,-50.08934943278045,FLAT
2026-10-06T08:41:31.403013+00:00,2,PERP,OP|BITGET|GATE,OP,BITGET,GATE,-4.530585024598022,-0.2513597882095619,-2.411570778084367,8.430203819025362,-13.482607670858293,4.4280442804423,21.999999999999996,17.91876776440795,-56.98980465718187,-52.758382822934614,FLAT
2026-10-06T08:41:31.795726+00:00,2,PERP,ICP|BITGET|HTX,ICP,BITGET,HTX,11.280482267868042,1.0073756702195438,-5.923971110186795,17.078488082112763,-12.808814806247737,35.38828789808824,21.999999999999996,48.14278820984502,-83.02763190590596,-117.45504721812006,FLAT
2026-10-06T08:41:32.434046+00:00,2,PERP,ICP|HTX|MEXC,ICP,HTX,MEXC,-21.676300578035157,-1.2095244690313411,-0.5001100388620875,17.507864521444713,-43.265070666280714,0.0,26.0,43.35887959215186,-118.12384021957047,-75.85898963101394,FLAT
2026-10-06T08:41:32.894196+00:00,2,PERP,APT|BITGET|HTX,APT,BITGET,HTX,9.315751811409534,-0.35361150326536983,14.588090806740947,14.909975910412495,-12.461618574126643,31.10618100981899,21.999999999999996,43.527246766965746,-98.57695614783333,-88.04533697004379,FLAT
2026-10-06T08:41:33.386969+00:00,2,PERP,ICP|HTX|OKX,ICP,HTX,OKX,-24.56647398843881,-1.1234080670426312,-4.4170312186804965,17.935996153919092,-46.14940871070061,-2.8960324355609135,20.0,43.359718778551915,-111.09209627057203,-70.8807175616715,FLAT
2026-10-06T08:41:33.849087+00:00,2,PERP,DOT|GATE|HTX,DOT,GATE,HTX,-18.09481808741853,-1.6284067211411237,-0.09502406555461329,11.053623021925606,-28.911109283723533,-7.269789983843644,20.0,21.68054632684839,-76.49663154501731,-40.50578040855935,FLAT
2026-10-06T09:24:00.409162+00:00,0,PERP,OP|GATE|OKX,OP,GATE,OKX,-1.4881833386770627,-0.19652565867091185,-0.31713720680500956,5.958744215853286,-12.389996376505064,9.43202539447574,20.0,21.825254261611903,-59.898113431311955,-57.574416862892654,FLAT
2026-10-06T09:24:00.672821+00:00,0,PERP,OP|BITGET|GATE,OP,BITGET,GATE,-0.8550529657691541,0.16691654108324816,-2.2430646707483533,8.315603091049798,-13.223075219608305,11.522704701618647,21.999999999999996,24.747892167007787,-63.727902715867735,-66.51366153937478,FLAT
2026-10-06T09:24:01.132770+00:00,0,PERP,ICP|BITGET|HTX,ICP,BITGET,HTX,9.249390162167082,0.8313836707906436,-5.314884861868482,17.51811532476333,-24.92843120115884,43.45307068366111,21.999999999999996,68.31830184302073,-115.93184818231109,-145.08625738855034,FLAT
2026-10-06T09:24:01.850411+00:00,0,PERP,ICP|HTX|MEXC,ICP,HTX,MEXC,-24.222918007241745,-1.2583550001988137,-1.2640842937080812,18.245116608513722,-51.206343713955384,2.899391127861861,26.0,54.23675559180769,-136.179015012055,-90.40023101337763,FLAT
2026-10-06T09:24:02.941457+00:00,0,PERP,APT|BITGET|HTX,APT,BITGET,HTX,12.461675436417075,-0.1735886000549033,15.009083746634392,14.674974678127555,-8.394489348291234,33.33010987501383,21.999999999999996,41.67266449330826,-93.07623758823388,-87.9936906216877,FLAT
2026-10-06T09:24:04.363903+00:00,0,PERP,ICP|HTX|OKX,ICP,HTX,OKX,-28.914269191845364,-1.2860547554438995,-5.099050413067115,18.518044179664884,-57.670126874277415,0.0,20.0,57.83692297675822,-136.4079994379685,-88.93597338982534,FLAT
2026-10-06T09:24:04.814299+00:00,0,PERP,DOT|GATE|HTX,DOT,GATE,HTX,18.661023110286834,1.4974830081386374,0.922044816164875,11.845862822958777,-12.851750592505207,50.19941695430185,20.0,62.9337163827636,-102.70751179143369,-138.21108852090057,FLAT
2026-10-06T09:24:15.059390+00:00,1,PERP,OP|GATE|OKX,OP,GATE,OKX,-0.893219882504015,-0.09667853742846234,-0.31713720680500956,5.958744215853286,-11.555901705798677,9.787706378869832,20.0,21.345499111810113,-58.58426361080378,-57.450342697484956,FLAT
2026-10-06T09:24:15.293312+00:00,1,PERP,OP|BITGET|GATE,OP,BITGET,GATE,-2.161007652441427,0.009867837294356389,-2.2430646707483533,8.315603091049798,-14.565666171469926,10.253241316251493,21.999999999999996,24.82426832518846,-65.14686982591003,-65.3205743121883,FLAT
2026-10-06T09:24:15.759346+00:00,1,PERP,ICP|BITGET|HTX,ICP,BITGET,HTX,20.849502102082695,1.4935617490179218,-5.314884861868482,17.51811532476333,-10.451243614247874,52.17391304347841,21.999999999999996,62.494849066249344,-95.63120781862874,-147.98364697159622,FLAT
2026-10-06T09:24:16.576627+00:00,1,PERP,ICP|HTX|MEXC,ICP,HTX,MEXC,-28.914269191845364,-1.515484142492949,-1.2640842937080812,18.245116608513722,-57.670126874277415,0.0,26.0,57.83692297675822,-146.24296555732755,-91.1010072704663,FLAT
2026-10-06T09:24:17.106241+00:00,1,PERP,APT|BITGET|HTX,APT,BITGET,HTX,21.578424830097642,0.447656042177339,15.009083746634392,14.674974678127555,0.12099999999737321,43.04775512106174,21.999999999999996,42.834322099202865,-85.72240584583989,-98.87299347363022,FLAT
2026-10-06T09:24:17.617413+00:00,1,PERP,ICP|HTX|OKX,ICP,HTX,OKX,-31.805696111031345,-1.4421958085234212,-5.099050413067115,18.518044179664884,-60.55363321799123,-2.8993911278640816,20.0,57.837764111350765,-139.29234691627488,-86.0374233965538,FLAT
2026-10-06T09:24:18.072419+00:00,1,PERP,DOT|GATE|HTX,DOT,GATE,HTX,18.36973221791105,1.4728929131215631,0.922044816164875,11.845862822958777,-12.851750592505207,49.61659834768373,20.0,62.35379637174801,-102.1275917804181,-137.04834990326685,FLAT
2026-10-06T09:24:28.310991+00:00,2,PERP,OP|GATE|OKX,OP,GATE,OKX,-2.7533179319050305,-0.40884129891304,-0.31713720680500956,5.958744215853286,-12.263513599569675,6.772453533399059,20.0,19.041197035308834,-56.9875734280735,-52.1307877755129,FLAT
2026-10-06T09:24:28.540959+00:00,2,PERP,OP|BITGET|GATE,OP,BITGET,GATE,-1.708313526533889,0.06430695866064418,-2.2430646707483533,8.315603091049798,-13.751115542853798,10.343806522827848,21.999999999999996,24.099035332998778,-63.60708620510422,-64.68590652657497,FLAT
2026-10-06T09:24:29.107198+00:00,2,PERP,ICP|BITGET|HTX,ICP,BITGET,HTX,25.42840791007306,1.754942937753316,-5.314884861868482,17.51811532476333,-5.795421616922036,56.67527389791039,21.999999999999996,62.31223692216878,-90.79277367722233,-152.30239568194764,FLAT
2026-10-06T09:24:29.828474+00:00,2,PERP,ICP|HTX|MEXC,ICP,HTX,MEXC,-36.14283648980865,-1.91167603608656,-1.2640842937080812,18.245116608513722,-66.32064590541998,-5.798782255727053,26.0,60.74094199265477,-157.79750360436668,-88.2062440306358,FLAT
2026-10-06T09:24:30.313357+00:00,2,PERP,APT|BITGET|HTX,APT,BITGET,HTX,21.96442052291747,0.47395903085609564,15.009083746634392,14.674974678127555,0.3123229999979493,43.629371643416626,21.999999999999996,43.22210996940583,-85.91887071604226,-99.84239786618805,FLAT
2026-10-06T09:24:30.813817+00:00,2,PERP,ICP|HTX|OKX,ICP,HTX,OKX,-34.6971230302151,-1.5983368616028226,-5.099050413067115,18.518044179664884,-63.43713956170616,-5.798782255727053,20.0,57.83860573405532,-142.17669488269436,-83.13887389139538,FLAT
2026-10-06T09:24:31.269262+00:00,2,PERP,DOT|GATE|HTX,DOT,GATE,HTX,22.81687172993152,1.8483100168382594,0.922044816164875,11.845862822958777,-11.385979164316717,57.04755244590132,20.0,68.2777318676791,-106.58575584816069,-150.40323949741554,FLAT
2026-10-06T09:45:30.868931+00:00,0,PERP,OP|GATE|OKX,OP,GATE,OKX,-1.362405952514134,-0.13454761808795918,-0.5248763592534247,6.2247820151909545,-10.794234842954609,8.083390359614473,20.0,18.880187116104537,-55.14954559980572,-53.48845383497243,FLAT
2026-10-06T09:45:31.109750+00:00,0,PERP,OP|BITGET|GATE,OP,BITGET,GATE,-2.0650512048658864,-0.002272219784968148,-2.045821301229628,8.463047352845752,-15.82172302226681,11.708088408015627,21.999999999999996,27.535487798794115,-69.3113895198313,-69.28939750803936,FLAT
2026-10-06T09:45:31.498604+00:00,0,PERP,ICP|BITGET|HTX,ICP,BITGET,HTX,4.824079143830318,0.6108525954103883,-5.71729907627901,17.25682807818362,-6.157360441476634,15.813687699912649,21.999999999999996,21.960451208648287,-50.4005125738459,-71.49143798483993,FLAT
2026-10-06T09:45:32.131759+00:00,0,PERP,ICP|HTX|MEXC,ICP,HTX,MEXC,-11.619462599853358,-0.5989322463188588,-0.9035344629131852,17.891720144978205,-20.31930333816989,-2.9069767441858296,26.0,17.432573124036224,-68.84834199929293,-47.42913084276358,FLAT
2026-10-06T09:45:32.536091+00:00,0,PERP,APT|BITGET|HTX,APT,BITGET,HTX,4.50269075306986,-0.6609689429434329,14.505128700147818,15.13299233476086,-19.970461320115707,28.989136606174526,21.999999999999996,48.9375592471392,-111.41314926740272,-91.4215671531659,FLAT
2026-10-06T09:45:33.026519+00:00,0,PERP,ICP|HTX|OKX,ICP,HTX,OKX,-14.524328249818641,-0.540388170852583,-4.698382474563133,18.1831252148856,-23.222060957909243,-5.813953488371659,20.0,17.433419158908727,-61.95709764225484,-42.3178481451002,FLAT
2026-10-06T09:45:33.521018+00:00,0,PERP,DOT|GATE|HTX,DOT,GATE,HTX,1.9389066624753148,0.12886468782247099,0.5270162110936524,10.956379713011353,-31.080845291011627,34.986749174972246,20.0,66.05477511810858,-123.66263662021386,-126.51450808198717,FLAT
2026-10-06T09:45:43.772644+00:00,1,PERP,OP|GATE|OKX,OP,GATE,OKX,-3.31573216111547,-0.44834594931215943,-0.5248763592534247,6.2247820151909545,-12.082555260696237,5.462781736269573,20.0,17.551148697980672,-55.108827599423485,-49.53880679350367,FLAT
2026-10-06T09:45:44.006658+00:00,1,PERP,OP|BITGET|GATE,OP,BITGET,GATE,-1.9035024894320518,0.016816497162776792,-2.045821301229628,8.463047352845752,-14.538535807405717,10.74665593636448,21.999999999999996,25.289996653385835,-65.78271115956191,-66.08247389097994,FLAT
2026-10-06T09:45:44.391676+00:00,1,PERP,ICP|BITGET|HTX,ICP,BITGET,HTX,2.056976937307997,0.4505043440408021,-5.71729907627901,17.25682807818362,-9.102222996516529,13.224882412792294,21.999999999999996,22.322510326045546,-53.707434246283064,-69.26469181511685,FLAT
2026-10-06T09:45:45.029666+00:00,1,PERP,ICP|HTX|MEXC,ICP,HTX,MEXC,-8.714596949891407,-0.43657414847116344,-0.9035344629131852,17.891720144978205,-17.416545718431653,0.0,26.0,17.43172758111597,-65.94473883663444,-50.33526204402916,FLAT
2026-10-06T09:45:45.481975+00:00,1,PERP,APT|BITGET|HTX,APT,BITGET,HTX,3.32823645273983,-0.7385778040562664,14.505128700147818,15.13299233476086,-20.601288645594185,27.26816472097049,21.999999999999996,47.85352432130526,-110.95994166704726,-88.61656034212793,FLAT
2026-10-06T09:45:45.872502+00:00,1,PERP,ICP|HTX|OKX,ICP,HTX,OKX,-14.524328249818641,-0.540388170852583,-4.698382474563133,18.1831252148856,-23.222060957909243,-5.813953488371659,20.0,17.433419158908727,-61.95709764225484,-42.3178481451002,FLAT
2026-10-06T09:45:46.311941+00:00,1,PERP,DOT|GATE|HTX,DOT,GATE,HTX,-5.974719526439243,-0.5934200810703646,0.5270162110936524,10.956379713011353,-38.77091414529077,26.848073790399773,20.0,65.65820609049184,-130.95613644687626,-117.97926366979797,FLAT
2026-10-06T09:45:56.568757+00:00,2,PERP,OP|GATE|OKX,OP,GATE,OKX,-2.7687915336271907,-0.3604809242954559,-0.5248763592534247,6.2247820151909545,-11.471779917735514,5.94557772009896,20.0,17.422174038132063,-54.369077596614154,-49.89262811748445,FLAT
2026-10-06T09:45:56.806477+00:00,2,PERP,OP|BITGET|GATE,OP,BITGET,GATE,-2.7879653348827915,-0.0876922936516021,-2.045821301229628,8.463047352845752,-15.953764917053803,10.39534061838765,21.999999999999996,26.356441988854133,-68.26438560467831,-66.7976039084714,FLAT
2026-10-06T09:45:57.179479+00:00,2,PERP,ICP|BITGET|HTX,ICP,BITGET,HTX,1.2848030318224346,0.405758351209028,-5.71729907627901,17.25682807818362,-9.657577235772097,12.235246075582573,21.999999999999996,21.89000790711039,-53.83028606660348,-67.84255305897197,FLAT
2026-10-06T09:45:57.821145+00:00,2,PERP,ICP|HTX|MEXC,ICP,HTX,MEXC,-8.714596949891407,-0.43657414847116344,-0.9035344629131852,17.891720144978205,-17.416545718431653,0.0,26.0,17.43172758111597,-65.94473883663444,-50.33526204402916,FLAT
2026-10-06T09:45:58.282312+00:00,2,PERP,APT|BITGET|HTX,APT,BITGET,HTX,4.9150742404746595,-0.6337183187256736,14.505128700147818,15.13299233476086,-20.078534758218858,29.92486378727177,21.999999999999996,49.97882834446705,-112.56249180283372,-93.398563431591,FLAT
2026-10-06T09:45:58.672763+00:00,2,PERP,ICP|HTX|OKX,ICP,HTX,OKX,-8.714596949891407,-0.22087591807597534,-4.698382474563133,18.1831252148856,-17.416545718431653,0.0,20.0,17.43172758111597,-56.149890824984496,-48.130110055679104,FLAT
2026-10-06T09:45:59.041893+00:00,2,PERP,DOT|GATE|HTX,DOT,GATE,HTX,-5.974719526439243,-0.5934200810703646,0.5270162110936524,10.956379713011353,-38.77091414529077,26.848073790399773,20.0,65.65820609049184,-130.95613644687626,-117.97926366979797,FLAT
2026-10-06T10:24:39.621821+00:00,0,PERP,OP|GATE|OKX,OP,GATE,OKX,-1.7650922347312026,-0.27805284086009213,-0.058646701963772765,6.137126768742715,-11.871079727295841,8.357068344768681,20.0,20.231706223890715,-58.04413924922278,-54.64742127062316,FLAT
2026-10-06T10:24:39.858864+00:00,0,PERP,OP|BITGET|GATE,OP,BITGET,GATE,0.5737769500391288,0.342012981200566,-2.271888978017898,8.320344795299592,-13.708264032453732,14.873809987940856,21.999999999999996,28.58042281583815,-68.01679787027398,-73.7261217817969,FLAT
2026-10-06T10:24:40.332428+00:00,0,PERP,ICP|BITGET|HTX,ICP,BITGET,HTX,15.24651846787961,1.2161789443534121,-5.752180503672251,17.266126065614404,-17.33102253033025,47.84809910378662,21.999999999999996,65.07988859538128,-104.65873062203929,-146.68016820284015,FLAT
2026-10-06T10:24:41.030726+00:00,0,PERP,ICP|HTX|MEXC,ICP,HTX,MEXC,-21.638776687825654,-1.16765526540524,-0.7776558022981143,17.865821791406557,-51.78365937859586,8.680555555555802,26.0,60.59483142004989,-143.60083499634766,-102.05304277790381,FLAT
2026-10-06T10:24:41.545647+00:00,0,PERP,APT|BITGET|HTX,APT,BITGET,HTX,8.15135158406255,-0.44674317312139317,14.644075087559875,14.533458806169742,-13.762100729567406,30.07670651132832,21.999999999999996,43.803098563547735,-100.20927438067501,-87.23572998731618,FLAT
2026-10-06T10:24:42.018916+00:00,0,PERP,ICP|HTX|OKX,ICP,HTX,OKX,-28.38178868113217,-1.3126497865138635,-4.530707578952911,18.170178631973865,-59.479944479042814,2.8935185185186008,20.0,62.55048933401819,-143.4997262341081,-95.9747154314897,FLAT
2026-10-06T10:24:42.447213+00:00,0,PERP,DOT|GATE|HTX,DOT,GATE,HTX,-12.750212939318661,-1.115754322642571,0.7211267563742019,12.073750844887718,-50.53572362717973,25.065868550067094,20.0,75.69809650036572,-152.95494688391966,-126.04283829405861,FLAT
2026-10-06T10:24:52.713969+00:00,1,PERP,OP|GATE|OKX,OP,GATE,OKX,-1.5109034028493173,-0.23663462652948614,-0.058646701963772765,6.137126768742715,-11.789391243051117,8.784599406961302,20.0,20.577085577262526,-58.30783011834987,-55.420331686187595,FLAT
2026-10-06T10:24:52.951403+00:00,1,PERP,OP|BITGET|GATE,OP,BITGET,GATE,-2.567519425293874,-0.03553103321427091,-2.271888978017898,8.320344795299592,-17.09178813114054,11.974965320979969,21.999999999999996,29.074206895285197,-71.89410604840783,-71.32106119428306,FLAT
2026-10-06T10:24:53.398340+00:00,1,PERP,ICP|BITGET|HTX,ICP,BITGET,HTX,17.507177583029332,1.3471092472226724,-5.752180503672251,17.266126065614404,-12.318970008666774,47.35284143937868,21.999999999999996,59.5675191514593,-94.13430865645381,-140.67254109451022,FLAT
2026-10-06T10:24:54.091572+00:00,1,PERP,ICP|HTX|MEXC,ICP,HTX,MEXC,-22.63452023644863,-1.2233898160040781,-0.7776558022981143,17.865821791406557,-50.903223021583344,5.7870370370372015,26.0,56.81845375975025,-138.94402097903549,-95.38314659908556,FLAT
2026-10-06T10:24:54.531428+00:00,1,PERP,APT|BITGET|HTX,APT,BITGET,HTX,9.866084589131852,-0.328757975795801,14.644075087559875,14.533458806169742,-12.106685219545055,31.851033901693082,21.999999999999996,43.91438943853759,-98.66514974564251,-89.1213482526708,FLAT
2026-10-06T10:24:55.019608+00:00,1,PERP,ICP|HTX|OKX,ICP,HTX,OKX,-28.85586495455228,-1.3387406842987584,-4.530707578952911,18.170178631973865,-57.553956834532904,0.0,20.0,57.72008061521159,-136.7433298707916,-88.25078819416451,FLAT
2026-10-06T10:24:55.443076+00:00,1,PERP,DOT|GATE|HTX,DOT,GATE,HTX,-14.983994984302251,-1.3007657638824257,0.7211267563742019,12.073750844887718,-54.98359225198479,25.065868550067094,20.0,80.16955525923568,-161.87427426759467,-130.51429705292858,FLAT
2026-10-06T10:25:05.713896+00:00,2,PERP,OP|GATE|OKX,OP,GATE,OKX,-2.4940521576877206,-0.39683153819272954,-0.058646701963772765,6.137126768742715,-12.61700650806441,7.645106562441661,20.0,20.267154845392252,-58.825514651492895,-53.97090810979769,FLAT
2026-10-06T10:25:05.946638+00:00,2,PERP,OP|BITGET|GATE,OP,BITGET,GATE,0.9185534675548723,0.38345074922557837,-2.271888978017898,8.320344795299592,-10.821545934848187,12.667451953181086,21.999999999999996,23.486837200277904,-60.036494157108194,-66.42617813147689,FLAT
2026-10-06T10:25:06.914327+00:00,2,PERP,ICP|BITGET|HTX,ICP,BITGET,HTX,17.14393831118821,1.3260715650894164,-5.752180503672251,17.266126065614404,-13.043022479051203,47.35284143937868,21.999999999999996,60.29249087217609,-95.58333284755504,-141.397512815227,FLAT
2026-10-06T10:25:07.657502+00:00,2,PERP,ICP|HTX|MEXC,ICP,HTX,MEXC,-22.18438891002039,-1.1981947070589776,-0.7776558022981143,17.865821791406557,-50.00788489208708,5.7870370370372015,26.0,55.91858167637381,-137.14881076616277,-94.48327451570913,FLAT
2026-10-06T10:25:08.103627+00:00,2,PERP,APT|BITGET|HTX,APT,BITGET,HTX,10.752415261858772,-0.2677724468485792,14.644075087559875,14.533458806169742,-10.78964084651357,32.30454457104681,21.999999999999996,43.04789617737907,-96.48161211145252,-88.70836566086601,FLAT
2026-10-06T10:25:08.612696+00:00,2,PERP,ICP|HTX|OKX,ICP,HTX,OKX,-28.85586495455228,-1.3387406842987584,-4.530707578952911,18.170178631973865,-57.553956834532904,0.0,20.0,57.72008061521159,-136.7433298707916,-88.25078819416451,FLAT
2026-10-06T10:25:09.075674+00:00,2,PERP,DOT|GATE|HTX,DOT,GATE,HTX,-12.750212939318661,-1.115754322642571,0.7211267563742019,12.073750844887718,-50.53572362717973,25.065868550067094,20.0,75.69809650036572,-152.95494688391966,-126.04283829405861,FLAT
2026-10-06T11:01:45.882396+00:00,0,PERP,OP|GATE|OKX,OP,GATE,OKX,0.42844409598563615,0.14045556900035544,-0.42990083116504885,6.1111491218159735,-8.55928077922119,9.431113079523268,20.0,17.989610690850444,-52.11899063890658,-53.850624601538755,FLAT
2026-10-06T11:01:46.185158+00:00,0,PERP,OP|BITGET|GATE,OP,BITGET,GATE,-1.6779553586598883,0.029328151771781538,-1.918901679811954,8.215530355509662,-16.2069730661496,12.869448238499448,21.999999999999996,29.081289389237803,-71.36936077557544,-71.86963930754919,FLAT
2026-10-06T11:01:46.678193+00:00,0,PERP,ICP|BITGET|HTX,ICP,BITGET,HTX,25.87586780822715,1.7607379833149455,-5.2353379564729075,17.66941251879335,8.145731319000316,43.61733061936546,21.999999999999996,35.380046742538354,-49.99897746706513,-112.23271531837672,FLAT
2026-10-06T11:01:47.343942+00:00,0,PERP,ICP|HTX|MEXC,ICP,HTX,MEXC,-33.342997970425834,-1.7541307788819998,-1.254158381870821,18.293299436320776,-49.21829762594032,-17.4216027874563,26.0,31.90300218772275,-111.86714143179225,-47.73555778213726,FLAT
2026-10-06T11:01:47.782446+00:00,0,PERP,ICP|HTX|OKX,ICP,HTX,OKX,-36.242389098287696,-1.689697340312564,-4.961482945592646,18.512727342583517,-52.113491603936744,-20.3252032520318,20.0,31.903848714976956,-105.05585737332106,-42.54012840853781,FLAT
2026-10-06T11:01:48.165360+00:00,0,PERP,DOT|GATE|HTX,DOT,GATE,HTX,-2.4706635055460335,-0.28530813756415846,0.973081204407265,12.07026458955763,-38.01924632832021,33.10675028464382,20.0,71.14356210656847,-136.13588963929595,-129.277231186805,FLAT
2026-10-06T11:01:48.561985+00:00,0,PERP,BCH|GATE|HTX,BCH,GATE,HTX,12.44564874913312,1.7708907162354315,1.8899355306471743,5.960680194272708,4.095391109850688,20.798537799766592,20.0,16.682383966250363,-40.47692838704685,-61.59098623536978,FLAT
2026-10-06T11:01:58.882192+00:00,1,PERP,OP|GATE|OKX,OP,GATE,OKX,1.074322902390179,0.24614417085411205,-0.42990083116504885,6.1111491218159735,-8.675067881902532,10.839428609941137,20.0,19.51238757621167,-53.757554626949144,-56.78171701731785,FLAT
2026-10-06T11:01:59.190094+00:00,1,PERP,OP|BITGET|GATE,OP,BITGET,GATE,-4.574809974141614,-0.3232789825368367,-1.918901679811954,8.215530355509662,-17.783159733898437,8.647341981598,21.999999999999996,26.44259149102178,-70.30684954510825,-65.00883515243173,FLAT
2026-10-06T11:01:59.603632+00:00,1,PERP,ICP|BITGET|HTX,ICP,BITGET,HTX,24.173653424628405,1.6644011989545004,-5.2353379564729075,17.66941251879335,5.8105752469472804,42.55079889502689,21.999999999999996,36.65161791103626,-53.60570470761607,-112.43775476253604,FLAT
2026-10-06T11:02:00.309007+00:00,1,PERP,ICP|HTX|MEXC,ICP,HTX,MEXC,-30.443606842561756,-1.5956360722296052,-1.254158381870821,18.293299436320776,-46.323103647943896,-14.518002322879697,26.0,31.90215615285025,-108.97110141892333,-50.63831221184138,FLAT
2026-10-06T11:02:00.832165+00:00,1,PERP,ICP|HTX|OKX,ICP,HTX,OKX,-33.342997970425834,-1.5330812418734865,-4.961482945592646,18.512727342583517,-49.21829762594032,-17.4216027874563,20.0,31.90300218772275,-102.15981686807042,-45.44288234585909,FLAT
2026-10-06T11:02:01.223434+00:00,1,PERP,DOT|GATE|HTX,DOT,GATE,HTX,-2.4706635055460335,-0.28530813756415846,0.973081204407265,12.07026458955763,-38.01924632832021,33.10675028464382,20.0,71.14356210656847,-136.13588963929595,-129.277231186805,FLAT
2026-10-06T11:02:01.617498+00:00,1,PERP,BCH|GATE|HTX,BCH,GATE,HTX,11.972463334330996,1.6915062501376223,1.8899355306471743,5.960680194272708,3.7802419354848737,20.167008035292255,20.0,16.367170235858413,-40.47686383102071,-60.644242740503486,FLAT
2026-10-06T11:02:11.983112+00:00,2,PERP,OP|GATE|OKX,OP,GATE,OKX,0.16993351200866869,0.0981541001891756,-0.42990083116504885,6.1111491218159735,-8.965252608583718,9.319007202048812,20.0,18.283938557121115,-52.81929033453979,-54.032846590334984,FLAT
2026-10-06T11:02:12.328104+00:00,2,PERP,OP|BITGET|GATE,OP,BITGET,GATE,1.1375135740143705,0.3720289648466299,-1.918901679811954,8.215530355509662,-11.027127714110518,13.311192485678802,21.999999999999996,24.3355486421296,-61.44377467642816,-67.56564280762035,FLAT
2026-10-06T11:02:12.761931+00:00,2,PERP,ICP|BITGET|HTX,ICP,BITGET,HTX,25.307419871234416,1.7285666852376536,-5.2353379564729075,17.66941251879335,7.011272515979883,43.61733061936546,21.999999999999996,36.51364631071281,-52.267035838260014,-113.36631488655117,FLAT
2026-10-06T11:02:13.451877+00:00,2,PERP,ICP|HTX|MEXC,ICP,HTX,MEXC,-30.443606842561756,-1.5956360722296052,-1.254158381870821,18.293299436320776,-46.323103647943896,-14.518002322879697,26.0,31.90215615285025,-108.97110141892333,-50.63831221184138,FLAT
2026-10-06T11:02:13.932422+00:00,2,PERP,ICP|HTX|OKX,ICP,HTX,OKX,-36.242389098287696,-1.689697340312564,-4.961482945592646,18.512727342583517,-52.113491603936744,-20.3252032520318,20.0,31.903848714976956,-105.05585737332106,-42.54012840853781,FLAT
2026-10-06T11:02:14.393115+00:00,2,PERP,DOT|GATE|HTX,DOT,GATE,HTX,-1.0709095302363636,-0.16934100487009623,0.973081204407265,12.07026458955763,-38.07005665250163,35.96880799773716,20.0,74.0467721586412,-139.0899100155501,-135.04249895197108,FLAT
2026-10-06T11:02:14.846358+00:00,2,PERP,BCH|GATE|HTX,BCH,GATE,HTX,14.181044670289467,2.0620313016377136,1.8899355306471743,5.960680194272708,5.986703217064626,22.37771053958726,20.0,16.36779574862942,-38.27102806221197,-62.8555707575695,FLAT
2026-10-06T11:23:52.484364+00:00,0,PERP,OP|GATE|OKX,OP,GATE,OKX,2.1320051832618425,0.3521429616450341,-0.08956039546342831,6.308703625218684,-6.029972542832551,10.304623530099644,20.0,16.33110734090876,-48.27151948827788,-52.72529126647183,FLAT
2026-10-06T11:23:52.782255+00:00,0,PERP,OP|BITGET|GATE,OP,BITGET,GATE,-2.589397978854935,-0.05852775173739385,-2.104376918653413,8.28702702228758,-12.804949006640642,7.63373135088008,21.999999999999996,20.44397130541719,-59.14454339340442,-58.18207957495068,FLAT
2026-10-06T11:23:53.194373+00:00,0,PERP,ICP|BITGET|HTX,ICP,BITGET,HTX,18.425538487971682,1.339141347223236,-5.235666205879452,17.668937444813874,-5.356438909829286,42.22407457922017,21.999999999999996,47.492999317705994,-75.61377202165583,-122.95274010280562,FLAT
2026-10-06T11:23:53.847575+00:00,0,PERP,ICP|HTX|MEXC,ICP,HTX,MEXC,-24.609148812969607,-1.2975446243078677,-1.0927541244804613,18.123765647777386,-46.22941346431708,-2.9010733971579494,26.0,43.435052072736966,-120.57171141257359,-73.62673280005947,FLAT
2026-10-06T11:23:54.439343+00:00,0,PERP,ICP|HTX|OKX,ICP,HTX,OKX,-27.50434279096714,-1.2371383194021754,-4.800031985581502,18.352281591566157,-49.118751805836695,-5.802146794314789,20.0,43.43589467293461,-113.75461449318979,-68.43377986420133,FLAT
2026-10-06T11:23:54.814902+00:00,0,PERP,DOT|GATE|HTX,DOT,GATE,HTX,-3.196672373939613,-0.337088251195211,0.8945046915882153,12.136812988948074,-30.329568303194556,23.95821131538911,20.0,54.30513028402462,-111.52920327880739,-103.36883690782551,FLAT
2026-10-06T11:23:55.201475+00:00,0,PERP,BCH|GATE|HTX,BCH,GATE,HTX,17.818004068179683,2.6693788459403414,1.8944017625744596,5.965283769976015,5.6757268083496015,29.963728118593824,20.0,24.244801424057023,-46.46347637828188,-78.31412778007639,FLAT
2026-10-06T11:24:05.585608+00:00,1,PERP,OP|GATE|OKX,OP,GATE,OKX,1.89734962223298,0.3149474338521544,-0.08956039546342831,6.308703625218684,-7.127374931934494,10.935483011913494,20.0,18.059421486238946,-51.097236022710014,-55.084464893615866,FLAT
2026-10-06T11:24:05.880404+00:00,1,PERP,OP|BITGET|GATE,OP,BITGET,GATE,-0.6774728317482381,0.17218528225714502,-2.104376918653413,8.28702702228758,-11.806593774976726,10.459910265112615,21.999999999999996,22.268009571505566,-59.97022642782887,-62.832296755271585,FLAT
2026-10-06T11:24:06.348318+00:00,1,PERP,ICP|BITGET|HTX,ICP,BITGET,HTX,19.857818670652172,1.4202033911154617,-5.235666205879452,17.668937444813874,-2.900232018561155,42.6336290275775,21.999999999999996,45.44361301659553,-71.10817882927722,-121.31290825005247,FLAT
2026-10-06T11:24:07.064133+00:00,1,PERP,ICP|HTX|MEXC,ICP,HTX,MEXC,-26.06051831475442,-1.3776256367194801,-1.0927541244804613,18.123765647777386,-46.24277456647397,-5.802146794314789,26.0,40.546149880071454,-117.69617032206496,-67.83675721023712,FLAT
2026-10-06T11:24:07.537661+00:00,1,PERP,ICP|HTX|OKX,ICP,HTX,OKX,-28.956131460836644,-1.3162450322447181,-4.800031985581502,18.352281591566157,-49.132947976878725,-8.703220191471628,20.0,40.54699296965501,-110.87990896095224,-62.643804763764884,FLAT
2026-10-06T11:24:07.975470+00:00,1,PERP,DOT|GATE|HTX,DOT,GATE,HTX,-3.196672373939613,-0.337088251195211,0.8945046915882153,12.136812988948074,-30.329568303194556,23.95821131538911,20.0,54.30513028402462,-111.52920327880739,-103.36883690782551,FLAT
2026-10-06T11:24:08.363696+00:00,1,PERP,BCH|GATE|HTX,BCH,GATE,HTX,17.02825428859578,2.5369878633757215,1.8944017625744596,5.965283769976015,5.044772354645399,29.01475968209999,20.0,23.929239628356,-46.77886903628506,-77.04959754788153,FLAT
2026-10-06T11:24:18.733433+00:00,2,PERP,OP|GATE|OKX,OP,GATE,OKX,2.683011792941059,0.43948366465041844,-0.08956039546342831,6.308703625218684,-4.690981888946233,10.067345442390518,20.0,14.754361474373395,-45.3557829678562,-50.911267312227345,FLAT
2026-10-06T11:24:19.032721+00:00,2,PERP,OP|BITGET|GATE,OP,BITGET,GATE,-0.8024971576192641,0.15709852972999883,-2.104376918653413,8.28702702228758,-11.539407847112049,9.942384512338087,21.999999999999996,21.483513447605844,-58.91854437606448,-61.530274878597346,FLAT
2026-10-06T11:24:19.449531+00:00,2,PERP,ICP|BITGET|HTX,ICP,BITGET,HTX,20.78204838325881,1.4725115570984657,-5.235666205879452,17.668937444813874,-1.9596049013936856,43.54136429608246,21.999999999999996,45.40659812924854,-70.13053682476277,-122.18362863121045,FLAT
2026-10-06T11:24:20.187002+00:00,2,PERP,ICP|HTX|MEXC,ICP,HTX,MEXC,-26.06051831475442,-1.3776256367194801,-1.0927541244804613,18.123765647777386,-46.24277456647397,-5.802146794314789,26.0,40.546149880071454,-117.69617032206496,-67.83675721023712,FLAT
2026-10-06T11:24:20.636227+00:00,2,PERP,ICP|HTX|OKX,ICP,HTX,OKX,-28.956131460836644,-1.3162450322447181,-4.800031985581502,18.352281591566157,-49.132947976878725,-8.703220191471628,20.0,40.54699296965501,-110.87990896095224,-62.643804763764884,FLAT
2026-10-06T11:24:21.078808+00:00,2,PERP,DOT|GATE|HTX,DOT,GATE,HTX,-0.405348992212895,-0.10710008343910156,0.8945046915882153,12.136812988948074,-30.329568303194556,29.559856063365864,20.0,59.8918240267325,-117.11589702151528,-114.55717539851015,FLAT
2026-10-06T11:24:21.467486+00:00,2,PERP,BCH|GATE|HTX,BCH,GATE,HTX,17.18619428282997,2.563464389945861,1.8944017625744596,5.965283769976015,5.360239634242259,29.01475968209999,20.0,23.61393638985015,-46.14809851818235,-76.73429430937568,FLAT
2026-10-06T12:00:57.316219+00:00,0,PERP,OP|GATE|OKX,OP,GATE,OKX,-1.1526079354928775,-0.08309145303625722,-0.6273418908157394,6.321541211319732,-9.927693282547612,7.634317250002631,20.0,17.56402699413763,-52.86437838586951,-51.825686134956,FLAT
2026-10-06T12:00:57.548760+00:00,0,PERP,OP|BITGET|GATE,OP,BITGET,GATE,-0.8031075071313065,0.09635342128507698,-1.594401617768742,8.21241321879236,-12.881481644698711,11.28818306024959,21.999999999999996,24.171599041586536,-63.4586790685165,-65.05418371960486,FLAT
2026-10-06T12:00:57.960593+00:00,0,PERP,ICP|BITGET|HTX,ICP,BITGET,HTX,7.268812651093359,0.7147823636898698,-5.183694193769252,17.421396326260663,-8.663008951775852,23.20999228323739,21.999999999999996,31.8498474300681,-63.3291621880747,-88.24353390707473,FLAT
2026-10-06T12:00:58.679655+00:00,0,PERP,ICP|HTX|MEXC,ICP,HTX,MEXC,-17.318516380431248,-0.8736508779570795,-1.4172039835711223,18.20099172113614,-31.70942634764917,-2.8901734104047616,26.0,28.869201489829113,-91.16142385390715,-59.39623206299547,FLAT
2026-10-06T12:00:59.118831+00:00,0,PERP,ICP|HTX|OKX,ICP,HTX,OKX,-17.318516380431248,-0.6588576914591937,-5.162029533036208,18.450853659265434,-31.70942634764917,-2.8901734104047616,20.0,28.869201489829113,-81.41659830444208,-57.14105761246056,FLAT
2026-10-06T12:00:59.503477+00:00,0,PERP,DOT|GATE|HTX,DOT,GATE,HTX,14.50211561521364,1.072304912823498,1.4703551731775715,12.153036217769435,-26.492630377910054,55.5300557346472,20.0,81.90389470404469,-135.86688025513232,-161.9635952655143,FLAT
2026-10-06T12:00:59.899515+00:00,0,PERP,BCH|GATE|HTX,BCH,GATE,HTX,14.486592029225864,2.0427154159732708,2.0558477894265517,6.08540188349074,5.667684750778612,23.30855486959882,20.0,17.615350949301835,-40.00351398794977,-64.8680580294741,FLAT
2026-10-06T12:01:10.165563+00:00,1,PERP,OP|GATE|OKX,OP,GATE,OKX,0.48711995838779387,0.17629590822059513,-0.6273418908157394,6.321541211319732,-8.770433711187131,9.758404636643903,20.0,18.527925640073075,-52.671017460444475,-54.913672167532724,FLAT
2026-10-06T12:01:10.393456+00:00,1,PERP,OP|BITGET|GATE,OP,BITGET,GATE,-0.5767832662562089,0.12391221975824718,-1.594401617768742,8.21241321879236,-14.662837311085752,13.528118320071947,21.999999999999996,28.192569130525605,-69.26100482384261,-71.31508906836629,FLAT
2026-10-06T12:01:10.819587+00:00,1,PERP,ICP|BITGET|HTX,ICP,BITGET,HTX,5.183102627666081,0.5950611895447572,-5.183694193769252,17.421396326260663,-11.547344110854896,21.926065559088048,21.999999999999996,33.45606436844192,-67.81971428552755,-88.56582412129922,FLAT
2026-10-06T12:01:11.485898+00:00,1,PERP,ICP|HTX|MEXC,ICP,HTX,MEXC,-14.432096983691967,-0.7150650469780242,-1.4172039835711223,18.20099172113614,-28.826751225136114,0.0,26.0,28.868365696529743,-88.27791293809473,-62.28556968010086,FLAT
2026-10-06T12:01:11.919562+00:00,1,PERP,ICP|HTX|OKX,ICP,HTX,OKX,-17.318516380431248,-0.6588576914591937,-5.162029533036208,18.450853659265434,-31.70942634764917,-2.8901734104047616,20.0,28.869201489829113,-81.41659830444208,-57.14105761246056,FLAT
2026-10-06T12:01:12.374055+00:00,1,PERP,DOT|GATE|HTX,DOT,GATE,HTX,6.88923389740248,0.44588682425727916,1.4703551731775715,12.153036217769435,-33.71178034130118,47.523096853123725,20.0,81.17893784244913,-142.36107335692788,-153.23167952239527,FLAT
2026-10-06T12:01:12.780891+00:00,1,PERP,BCH|GATE|HTX,BCH,GATE,HTX,9.127964621267193,1.1621445825996781,2.0558477894265517,6.08540188349074,0.9441681878263886,17.313564390719627,20.0,16.354467703969796,-43.46614730556996,-57.61218430526287,FLAT
2026-10-06T12:01:23.075634+00:00,2,PERP,OP|GATE|OKX,OP,GATE,OKX,-0.6002726574871886,0.004282062304692252,-0.6273418908157394,6.321541211319732,-8.237308718425096,7.046955371901031,20.0,15.285174821292289,-48.89514164890164,-48.95947208400906,FLAT
2026-10-06T12:01:23.310256+00:00,2,PERP,OP|BITGET|GATE,OP,BITGET,GATE,-1.1177098380799055,0.05804527451176332,-1.594401617768742,8.21241321879236,-11.499818044198307,9.272123150934064,21.999999999999996,20.774260281906663,-58.67967670833623,-59.640785050609466,FLAT
2026-10-06T12:01:23.706084+00:00,2,PERP,ICP|BITGET|HTX,ICP,BITGET,HTX,2.9412551268070963,0.46637761798283434,-5.183694193769252,17.421396326260663,-13.891292929291144,19.78675300404298,21.999999999999996,33.66813829545488,-70.37573703097678,-86.63858549326712,FLAT
2026-10-06T12:01:24.512782+00:00,2,PERP,ICP|HTX|MEXC,ICP,HTX,MEXC,-11.545677586954906,-0.5564792159990909,-1.4172039835711223,18.20099172113614,-25.944076102623058,2.8901734104036514,26.0,28.867530386278077,-85.39440250533,-65.17490778025285,FLAT
2026-10-06T12:01:24.918956+00:00,2,PERP,ICP|HTX|OKX,ICP,HTX,OKX,-14.432096983691967,-0.5024194339106162,-5.162029533036208,18.450853659265434,-28.826751225136114,0.0,20.0,28.868365696529743,-78.53308738862965,-60.030395229565954,FLAT
2026-10-06T12:01:25.438124+00:00,2,PERP,DOT|GATE|HTX,DOT,GATE,HTX,6.019880344072526,0.37435296738792845,1.4703551731775715,12.153036217769435,-27.3338803383516,39.400604454697955,20.0,66.69432471329417,-121.49856022482334,-130.62457399481454,FLAT
2026-10-06T12:01:25.832002+00:00,2,PERP,BCH|GATE|HTX,BCH,GATE,HTX,9.758093709177906,1.265692236472828,2.0558477894265517,6.08540188349074,1.258930538505787,18.259665029594085,20.0,16.984160846662995,-43.78107809758376,-59.187978086830526,FLAT
2026-10-06T12:29:13.506469+00:00,0,PERP,OP|GATE|OKX,OP,GATE,OKX,-0.9416315243249151,-0.07386282749247738,-0.4934057481435617,6.06835388513936,-10.573521065557756,8.704950825804136,20.0,19.280276185036,-55.3603915024502,-54.4786327589837,FLAT
2026-10-06T12:29:13.818007+00:00,0,PERP,OP|BITGET|GATE,OP,BITGET,GATE,-0.5722806135843861,0.14194687819150428,-1.7183479507315271,8.07391717062598,-11.915929826361582,10.779827696294486,21.999999999999996,22.69705327816316,-60.89463515379321,-63.19522892518917,FLAT
2026-10-06T12:29:14.219105+00:00,0,PERP,ICP|BITGET|HTX,ICP,BITGET,HTX,5.213520947326966,0.561379670510235,-4.780238727329294,17.80214033324895,-16.973495300263153,27.415312427410132,21.999999999999996,44.3656726732155,-84.55892924614936,-104.56122382795493,FLAT
2026-10-06T12:29:15.413125+00:00,0,PERP,ICP|HTX|MEXC,ICP,HTX,MEXC,-14.503263234225683,-0.7117253954136306,-1.4986145079665731,18.27200323335554,-34.74232773595709,5.812263876781021,26.0,40.613350058955106,-105.85706328694562,-79.9242284437027,FLAT
2026-10-06T12:29:15.895143+00:00,0,PERP,ICP|HTX|OKX,ICP,HTX,OKX,-17.403915881071264,-0.6566993322001253,-5.243614433822655,18.517304420743383,-37.637521713955735,2.9061319383916207,20.0,40.6141941285943,-99.00810140872738,-74.76394050080859,FLAT
2026-10-06T12:29:16.308530+00:00,0,PERP,DOT|GATE|HTX,DOT,GATE,HTX,10.137050163596673,0.727048780769261,1.3356403294666506,12.105666176645816,-26.736252100874047,47.04055169282073,20.0,73.70207926467808,-127.77397169501877,-145.40699062803216,FLAT
2026-10-06T12:29:16.705446+00:00,0,PERP,BCH|GATE|HTX,BCH,GATE,HTX,26.87789530269269,4.013283607493859,2.1177496768667408,6.169547943133704,5.374814252741,48.38709677419395,20.0,42.89698358718349,-65.63991901130923,-115.16633068451068,FLAT
2026-10-06T12:29:27.099996+00:00,1,PERP,OP|GATE|OKX,OP,GATE,OKX,-1.5266032963390241,-0.17025993667337597,-0.4934057481435617,6.06835388513936,-11.333254753370658,8.29474569358224,20.0,19.630986314216987,-56.47083531944408,-54.419137755942785,FLAT
2026-10-06T12:29:27.413890+00:00,1,PERP,OP|BITGET|GATE,OP,BITGET,GATE,0.37892938764327866,0.2597595806413507,-1.7183479507315271,8.07391717062598,-13.418712882420358,14.194016806796661,21.999999999999996,27.611672380324762,-67.31203731201359,-71.52403713785296,FLAT
2026-10-06T12:29:27.824946+00:00,1,PERP,ICP|BITGET|HTX,ICP,BITGET,HTX,3.761864079594446,0.47983571902136435,-4.780238727329294,17.80214033324895,-22.75854404174993,30.29990946024297,21.999999999999996,53.03849527813628,-99.01680059255692,-116.11864346570854,FLAT
2026-10-06T12:29:28.474234+00:00,1,PERP,ICP|HTX|MEXC,ICP,HTX,MEXC,-13.047260075385037,-0.6320404730629869,-1.4986145079665731,18.27200323335554,-37.604859704946094,11.624527753559821,26.0,49.29343702679428,-117.3996822237738,-94.41657928832068,FLAT
2026-10-06T12:29:28.930447+00:00,1,PERP,ICP|HTX|OKX,ICP,HTX,OKX,-15.946651203245787,-0.5780018800918679,-5.243614433822655,18.517304420743383,-40.49754122071092,8.718395815170421,20.0,49.29428011637784,-110.5482069032661,-89.25629036537093,FLAT
2026-10-06T12:29:29.348774+00:00,1,PERP,DOT|GATE|HTX,DOT,GATE,HTX,10.137050163596673,0.727048780769261,1.3356403294666506,12.105666176645816,-26.736252100874047,47.04055169282073,20.0,73.70207926467808,-127.77397169501877,-145.40699062803216,FLAT
2026-10-06T12:29:29.744514+00:00,1,PERP,BCH|GATE|HTX,BCH,GATE,HTX,26.56252470472742,3.9621663131844342,2.1177496768667408,6.169547943133704,6.007525215796505,47.12207463630547,20.0,41.00562761721815,-63.11585207828839,-112.00995257665687,FLAT
2026-10-06T12:29:40.094054+00:00,2,PERP,OP|GATE|OKX,OP,GATE,OKX,-0.8275006809832508,-0.05505528173922846,-0.4934057481435617,6.06835388513936,-10.620759593232831,8.981873058719891,20.0,19.604241656694217,-55.73159550178348,-55.07952046355767,FLAT
2026-10-06T12:29:40.411211+00:00,2,PERP,OP|BITGET|GATE,OP,BITGET,GATE,-1.8339437664949276,-0.01431719118743922,-1.7183479507315271,8.07391717062598,-16.39162513209613,12.74223424726717,21.999999999999996,29.139191600000483,-71.81246878136508,-71.59977379799918,FLAT
2026-10-06T12:29:40.856228+00:00,2,PERP,ICP|BITGET|HTX,ICP,BITGET,HTX,7.170472007094197,0.6713075231804134,-4.780238727329294,17.80214033324895,-19.87369466357358,34.235416777939065,21.999999999999996,54.07033248209675,-97.16378841834103,-121.0859879873651,FLAT
2026-10-06T12:29:41.511982+00:00,2,PERP,ICP|HTX|MEXC,ICP,HTX,MEXC,-15.946651203245787,-0.7907199068848851,-1.4986145079665731,18.27200323335554,-40.49754122071092,8.718395815170421,26.0,49.29428011637784,-120.2932068291222,-91.51129043951484,FLAT
2026-10-06T12:29:41.932244+00:00,2,PERP,ICP|HTX|OKX,ICP,HTX,OKX,-15.946651203245787,-0.5780018800918679,-5.243614433822655,18.517304420743383,-40.49754122071092,8.718395815170421,20.0,49.29428011637784,-110.5482069032661,-89.25629036537093,FLAT
2026-10-06T12:29:42.334388+00:00,2,PERP,DOT|GATE|HTX,DOT,GATE,HTX,10.137050163596673,0.727048780769261,1.3356403294666506,12.105666176645816,-26.736252100874047,47.04055169282073,20.0,73.70207926467808,-127.77397169501877,-145.40699062803216,FLAT
2026-10-06T12:29:42.730838+00:00,2,PERP,BCH|GATE|HTX,BCH,GATE,HTX,26.246304172530266,3.9109112560697414,2.1177496768667408,6.169547943133704,5.691159731884277,46.80729940858441,20.0,41.00850667016429,-63.43509661514675,-111.69805640188196,FLAT
2026-10-06T12:53:55.420832+00:00,0,PERP,OP|GATE|OKX,OP,GATE,OKX,-0.2232467587837128,0.017286006147806034,-0.3276373347255322,6.039022261661569,-9.97404404116331,9.542209220994025,20.0,19.51667795549038,-55.16308466192816,-55.386524511209934,FLAT
2026-10-06T12:53:55.665686+00:00,0,PERP,OP|BITGET|GATE,OP,BITGET,GATE,3.784755471378798,0.6945258490762009,-1.8116472105748906,8.057875296358727,-10.811165838694459,18.40201144106768,21.999999999999996,29.20210941452006,-66.20162804263961,-77.41576806616263,FLAT
2026-10-06T12:53:56.150041+00:00,0,PERP,ICP|BITGET|HTX,ICP,BITGET,HTX,6.670699535265001,0.6647141608437708,-4.9820651513919465,17.53048960453202,-17.416545718431653,30.77609822777383,21.999999999999996,48.16051067846012,-88.59499124549981,-111.91867405762589,FLAT
2026-10-06T12:53:57.215975+00:00,0,PERP,ICP|HTX|MEXC,ICP,HTX,MEXC,-10.156703424260005,-0.48297888220007834,-1.3780872482583677,18.175983463320488,-34.75238922675761,14.539110206455153,26.0,49.34141064692955,-114.71571262542878,-97.25860810164306,FLAT
2026-10-06T12:53:58.040161+00:00,0,PERP,DOT|BITGET|HTX,DOT,BITGET,HTX,-6.134745386592311,-0.6696862763182879,1.448717289412408,11.323903362177392,-42.79722548184872,30.557860000446357,21.999999999999996,73.40010220434917,-145.6460449756103,-130.5092449153831,FLAT
2026-10-06T12:53:58.763432+00:00,0,PERP,DOT|HTX|MEXC,DOT,HTX,MEXC,5.316651780951087,0.684452204207758,-2.188898304433883,10.965776776294437,-28.007197936287255,38.858438505320336,26.0,66.82939525120067,-124.64769488305404,-139.87673206095488,FLAT
2026-10-06T12:53:59.268390+00:00,0,PERP,ICP|HTX|OKX,ICP,HTX,OKX,-15.668744018733083,-0.5722548301812932,-5.123157350102619,18.428130462943525,-40.52098408104388,9.299121469861227,20.0,49.898021132644025,-111.2958478635853,-90.32029995260788,FLAT
2026-10-06T12:53:59.751758+00:00,0,PERP,DOT|GATE|HTX,DOT,GATE,HTX,-6.134745386592311,-0.6041651584042744,1.2101506423150186,12.157099638626503,-42.79722548184872,30.557860000446357,20.0,73.40010220434917,-143.40747832851292,-128.7478115624805,FLAT
2026-10-06T12:54:10.017988+00:00,1,PERP,OP|GATE|OKX,OP,GATE,OKX,-0.33566738526946693,-0.0013296938139991826,-0.3276373347255322,6.039022261661569,-10.351990426535895,9.695714921773568,20.0,20.048366994510097,-56.07272008632046,-56.0717192510092,FLAT
2026-10-06T12:54:10.264302+00:00,1,PERP,OP|BITGET|GATE,OP,BITGET,GATE,-0.3114510871282672,0.18617762974372998,-1.8116472105748906,8.057875296358727,-14.51976309178482,13.91593151032433,21.999999999999996,28.436567472270784,-69.14468335348072,-72.16414619317,FLAT
2026-10-06T12:54:10.795308+00:00,1,PERP,ICP|BITGET|HTX,ICP,BITGET,HTX,3.069601744929429,0.45929503841352165,-4.9820651513919465,17.53048960453202,-25.66922099767943,31.83192058055173,21.999999999999996,57.483486836116526,-106.17064268240401,-122.2974725680602,FLAT
2026-10-06T12:54:11.528105+00:00,1,PERP,ICP|HTX|MEXC,ICP,HTX,MEXC,-11.602610587381212,-0.562529304659423,-1.3780872482583677,18.175983463320488,-37.6157407407407,14.539110206455153,26.0,52.215117066941325,-120.45277055942367,-100.13231452165485,FLAT
2026-10-06T12:54:12.396364+00:00,1,PERP,DOT|BITGET|HTX,DOT,BITGET,HTX,-6.134745386592311,-0.6696862763182879,1.448717289412408,11.323903362177392,-42.79722548184872,30.557860000446357,21.999999999999996,73.40010220434917,-145.6460449756103,-130.5092449153831,FLAT
2026-10-06T12:54:13.154880+00:00,1,PERP,DOT|HTX|MEXC,DOT,HTX,MEXC,4.905722067964913,0.6469783688954696,-2.188898304433883,10.965776776294437,-28.007197936287255,38.0338916109868,26.0,66.00800628522582,-123.8263059170792,-138.2307962006465,FLAT
2026-10-06T12:54:13.713199+00:00,1,PERP,ICP|HTX|OKX,ICP,HTX,OKX,-14.503263234225683,-0.5090101734945489,-5.123157350102619,18.428130462943525,-40.50925925925708,11.631288165163678,20.0,52.21596064633599,-113.60206255549045,-94.97040616160228,FLAT
2026-10-06T12:54:14.199774+00:00,1,PERP,DOT|GATE|HTX,DOT,GATE,HTX,-6.134745386592311,-0.6041651584042744,1.2101506423150186,12.157099638626503,-42.79722548184872,30.557860000446357,20.0,73.40010220434917,-143.40747832851292,-128.7478115624805,FLAT
2026-10-06T12:54:24.475660+00:00,2,PERP,OP|GATE|OKX,OP,GATE,OKX,-1.0475192835668334,-0.11920504970008736,-0.3276373347255322,6.039022261661569,-10.946954846833279,8.867536039445234,20.0,19.81655439551033,-56.43587190761808,-55.011727769681094,FLAT
2026-10-06T12:54:24.730131+00:00,2,PERP,OP|BITGET|GATE,OP,BITGET,GATE,-0.4188273347560667,0.1728520018730279,-1.8116472105748906,8.057875296358727,-14.20062343480577,13.379261629362649,21.999999999999996,27.581030608086326,-67.97000683231721,-70.77193944802386,FLAT
2026-10-06T12:54:25.220654+00:00,2,PERP,ICP|BITGET|HTX,ICP,BITGET,HTX,5.187695327322217,0.580118451231679,-4.9820651513919465,17.53048960453202,-23.208587177255822,33.605206968641,21.999999999999996,56.78432823395789,-103.01085025982177,-123.37160035399084,FLAT
2026-10-06T12:54:26.290481+00:00,2,PERP,ICP|HTX|MEXC,ICP,HTX,MEXC,-14.503263234225683,-0.7221164132578681,-1.3780872482583677,18.175983463320488,-40.50925925925708,11.631288165163678,26.0,52.21596064633599,-123.3471326573347,-97.22533605975804,FLAT
2026-10-06T12:54:27.123372+00:00,2,PERP,DOT|BITGET|HTX,DOT,BITGET,HTX,-10.655187403963984,-1.0688809597054898,1.448717289412408,11.323903362177392,-42.79722548184872,21.51326155155342,21.999999999999996,64.37907329613212,-136.62501606739323,-112.44361755827313,FLAT
2026-10-06T12:54:27.849102+00:00,2,PERP,DOT|HTX|MEXC,DOT,HTX,MEXC,9.433205807325429,1.0598523341167867,-2.188898304433883,10.965776776294437,-19.00729260502887,38.0338916109868,26.0,56.98697737700877,-105.80537167760376,-129.20976729242946,FLAT
2026-10-06T12:54:28.365096+00:00,2,PERP,ICP|HTX|OKX,ICP,HTX,OKX,-18.85424220449461,-0.7451154571541233,-5.123157350102619,18.428130462943525,-46.296296296296504,8.723466123874424,20.0,55.12335887315586,-122.29649781934975,-94.96998234713291,FLAT
2026-10-06T12:54:28.844169+00:00,2,PERP,DOT|GATE|HTX,DOT,GATE,HTX,-10.655187403963984,-0.9760007237729226,1.2101506423150186,12.157099638626503,-42.79722548184872,21.51326155155342,20.0,64.37907329613212,-134.38644942029586,-110.68218420537052,FLAT
2026-10-06T13:14:31.414184+00:00,0,PERP,OP|GATE|OKX,OP,GATE,OKX,-0.7307587187088682,-0.06051975215891961,-0.3694025376430969,5.970880054447041,-9.596130530226121,8.14698818066173,20.0,17.74440676777304,-52.971134760356065,-52.26079748607787,FLAT
2026-10-06T13:14:31.650827+00:00,0,PERP,OP|BITGET|GATE,OP,BITGET,GATE,1.204829114664907,0.37284523364822375,-1.8320814711929312,8.145231081921613,-10.564388307210404,12.985347730898322,21.999999999999996,23.54689361652131,-60.279200452538774,-66.36432281861255,FLAT
2026-10-06T13:14:32.097178+00:00,0,PERP,ICP|BITGET|HTX,ICP,BITGET,HTX,19.84918629729604,1.3610519226030489,-4.616983474832069,17.975926829695,4.8551819210684855,34.85332558815113,21.999999999999996,29.93871433116137,-48.46654893526081,-97.40902339414455,FLAT
2026-10-06T13:14:32.810951+00:00,0,PERP,ICP|HTX|MEXC,ICP,HTX,MEXC,-27.52825268038217,-1.3998496246123515,-1.6960013282093296,18.453590227111963,-40.52098408104388,-14.505366985783086,26.0,26.087396187293102,-96.91237894012765,-45.278030529719345,FLAT
2026-10-06T13:14:33.227261+00:00,0,PERP,DOT|BITGET|HTX,DOT,BITGET,HTX,-4.730368240303262,-0.5544816815882426,1.5631052742126306,11.350191942300121,-43.08683648110101,33.657825780675225,21.999999999999996,76.78096937242697,-149.43091112774061,-136.87568987888955,FLAT
2026-10-06T13:14:33.957545+00:00,0,PERP,DOT|HTX|MEXC,DOT,HTX,MEXC,5.9733757603464,0.7606481071739123,-2.3489965115400864,10.941159510416929,-28.59878931750881,40.78321962966092,26.0,69.33977548833458,-127.5895682943033,-144.47199162953558,FLAT
2026-10-06T13:14:34.510209+00:00,0,PERP,ICP|HTX|OKX,ICP,HTX,OKX,-23.39125170246259,-0.9651408673965759,-5.396935409786122,18.644238266705383,-37.62662807525241,-9.122837032315978,20.0,28.570582918397935,-86.80027558386422,-50.84468129586808,FLAT
2026-10-06T13:14:34.945397+00:00,0,PERP,DOT|GATE|HTX,DOT,GATE,HTX,-4.730368240303262,-0.5000941067426692,1.3239695533577875,12.106397000147812,-43.08683648110101,33.657825780675225,20.0,76.78096937242697,-147.19177540688577,-135.1148255997444,FLAT
2026-10-06T13:14:45.214748+00:00,1,PERP,OP|GATE|OKX,OP,GATE,OKX,0.6514584531136514,0.1709732872621387,-0.3694025376430969,5.970880054447041,-7.962471300393403,9.27642609864554,20.0,17.23776736266173,-50.830836125412034,-52.88359599895037,FLAT
2026-10-06T13:14:45.450651+00:00,1,PERP,OP|BITGET|GATE,OP,BITGET,GATE,-0.7309535365285225,0.1351868257130689,-1.8320814711929312,8.145231081921613,-13.876057052751856,12.431913230761538,21.999999999999996,26.30988141978016,-66.35385700133908,-68.57387612173463,FLAT
2026-10-06T13:14:45.892022+00:00,1,PERP,ICP|BITGET|HTX,ICP,BITGET,HTX,14.572596045783204,1.0675154445397164,-4.616983474832069,17.975926829695,0.0,29.15383580139652,21.999999999999996,29.111410356310518,-52.49442688147845,-90.88222963253911,FLAT
2026-10-06T13:14:46.594229+00:00,1,PERP,ICP|HTX|MEXC,ICP,HTX,MEXC,-21.732831063460132,-1.0857957442781376,-1.6960013282093296,18.453590227111963,-34.73227206946539,-8.703220191471628,26.0,26.08570853825924,-91.1219792795153,-51.078489674996945,FLAT
2026-10-06T13:14:47.055939+00:00,1,PERP,DOT|BITGET|HTX,DOT,BITGET,HTX,-10.64030154211415,-1.075171845407026,1.5631052742126306,11.350191942300121,-51.308895245362194,30.061902569153975,21.999999999999996,81.45745712231718,-162.32945764189202,-137.95625441725852,FLAT
2026-10-06T13:14:47.682232+00:00,1,PERP,DOT|HTX|MEXC,DOT,HTX,MEXC,9.411157924945623,1.0748544909969575,-2.3489965115400864,10.941159510416929,-27.499893813330843,46.593377729802214,26.0,74.02261526448412,-131.17351256627487,-154.96498950582642,FLAT
2026-10-06T13:14:48.110714+00:00,1,PERP,ICP|HTX|OKX,ICP,HTX,OKX,-23.680622375318315,-0.9806615161201271,-5.396935409786122,18.644238266705383,-37.62662807525241,-9.702249966474508,20.0,27.99062413304801,-86.22031679851429,-49.68530957635962,FLAT
2026-10-06T13:14:48.468131+00:00,1,PERP,DOT|GATE|HTX,DOT,GATE,HTX,-10.64030154211415,-0.9882602640014087,1.3239695533577875,12.106397000147812,-51.308895245362194,30.061902569153975,20.0,81.45745712231718,-160.09032192103717,-136.19539013811337,FLAT
2026-10-06T13:14:58.712807+00:00,2,PERP,OP|GATE|OKX,OP,GATE,OKX,0.8404960861030375,0.2026332153239314,-0.3694025376430969,5.970880054447041,-7.623287456509642,9.3151815925685,20.0,16.93703848088395,-50.190923399750496,-52.621622611095546,FLAT
2026-10-06T13:14:58.943239+00:00,2,PERP,OP|BITGET|GATE,OP,BITGET,GATE,-0.1799917498357395,0.202829079339936,-1.8320814711929312,8.145231081921613,-13.358614074677755,13.016437801287584,21.999999999999996,26.3755145908446,-65.90204719432941,-69.2240338633251,FLAT
2026-10-06T13:14:59.325668+00:00,2,PERP,ICP|BITGET|HTX,ICP,BITGET,HTX,17.832722493926756,1.248876132031949,-4.616983474832069,17.975926829695,-3.6998001159760374,39.383024818580026,21.999999999999996,43.0061259661125,-70.08894260725646,-115.00613425952459,FLAT
2026-10-06T13:14:59.953575+00:00,2,PERP,ICP|HTX|MEXC,ICP,HTX,MEXC,-24.616275702289414,-1.242049600754962,-1.6960013282093296,18.453590227111963,-43.365134431917475,-5.802146794314789,26.0,37.65556820774322,-111.32470131145136,-65.54942274163776,FLAT
2026-10-06T13:15:00.768711+00:00,2,PERP,DOT|BITGET|HTX,DOT,BITGET,HTX,-9.491517108090042,-0.9739590694589124,1.5631052742126306,11.350191942300121,-49.01227500194949,30.061902569153975,21.999999999999996,79.1492887629115,-157.7246690390736,-135.64808605785285,FLAT
2026-10-06T13:15:01.463025+00:00,2,PERP,DOT|HTX|MEXC,DOT,HTX,MEXC,12.394648713758283,1.347539555680652,-2.3489965115400864,10.941159510416929,-23.380047450366483,48.423847463257005,26.0,71.7141057367688,-124.7451566755952,-154.4869497115659,FLAT
2026-10-06T13:15:01.861045+00:00,2,PERP,ICP|HTX|OKX,ICP,HTX,OKX,-27.512308137851438,-1.1861773279071763,-5.396935409786122,18.644238266705383,-46.25614339404449,-8.703220191471628,20.0,37.656411297326784,-104.51561928158515,-60.35012651564128,FLAT
2026-10-06T13:15:02.737151+00:00,2,PERP,DOT|GATE|HTX,DOT,GATE,HTX,3.808134219567272,0.2051943832817604,1.3239695533577875,12.106397000147812,-22.423954717673,30.061902569153975,20.0,52.465868625124905,-102.21379289615568,-107.20380164092109,FLAT
2026-10-06T13:37:49.499823+00:00,0,PERP,OP|GATE|OKX,OP,GATE,OKX,-2.259677605397359,-0.31449678718809065,-0.37980386060429727,5.977402063788868,-13.239411187494499,8.739784771198966,20.0,21.984145958117043,-60.84375328500724,-57.10373458992031,FLAT
2026-10-06T13:37:49.869268+00:00,0,PERP,OP|BITGET|GATE,OP,BITGET,GATE,0.8681159967061092,0.3298429694760819,-1.8216700102567651,8.15474712477666,-14.763051806084837,16.520340161605418,21.999999999999996,31.280662270650932,-72.222044066479,-77.6226724425131,FLAT
2026-10-06T13:37:50.362583+00:00,0,PERP,ICP|BITGET|HTX,ICP,BITGET,HTX,12.552145857709363,0.9738087234716388,-4.738763433287509,17.755960564159448,-18.41596012181035,43.54136429608246,21.999999999999996,61.87964499069614,-103.55684167921898,-138.15977272006612,FLAT
2026-10-06T13:37:51.070514+00:00,0,PERP,ICP|HTX|MEXC,ICP,HTX,MEXC,-20.28691493986323,-1.0019397745703793,-1.735734772362977,18.515264727817392,-49.132947976878725,8.718395815170421,26.0,57.96850547876951,-137.36571868328525,-100.42263606630291,FLAT
2026-10-06T13:37:51.526761+00:00,0,PERP,DOT|BITGET|HTX,DOT,BITGET,HTX,3.924211306620684,0.19554752366907627,1.7007515363990737,11.370431742129119,-23.467928690091846,31.338989435563125,21.999999999999996,54.785409822453566,-107.95409004894448,-112.42364772161761,FLAT
2026-10-06T13:37:52.535725+00:00,0,PERP,DOT|HTX|MEXC,DOT,HTX,MEXC,-0.2066580906623372,0.2103852487824789,-2.5208887007590084,10.999966126377025,-23.826303678710083,23.523132609957198,26.0,47.3501585964573,-100.65557357440838,-105.39417990717351,FLAT
2026-10-06T13:37:52.994036+00:00,0,PERP,ICP|HTX|OKX,ICP,HTX,OKX,-18.83784958701673,-0.7167395271313377,-5.43666885393977,18.6974210655209,-49.132947976878725,11.624527753559821,20.0,60.8716843373536,-130.56796346029256,-103.9328809448532,FLAT
2026-10-06T13:37:53.456843+00:00,0,PERP,DOT|GATE|HTX,DOT,GATE,HTX,-1.9982733894774451,-0.28309755761097244,1.4616346470346098,12.221610337121305,-31.6993907951324,27.72737012469051,20.0,59.438628260531395,-118.59965370269842,-111.7043637381873,FLAT
2026-10-06T13:38:03.858843+00:00,1,PERP,OP|GATE|OKX,OP,GATE,OKX,-0.8040883518911635,-0.07098142081778032,-0.37980386060429727,5.977402063788868,-11.721952358066945,10.13151662003331,20.0,21.855211927859138,-59.19736042532178,-58.366532408496745,FLAT
2026-10-06T13:38:04.211264+00:00,1,PERP,OP|BITGET|GATE,OP,BITGET,GATE,-2.3395633417122585,-0.06350820246552738,-1.8216700102567651,8.15474712477666,-15.384301117977728,10.714960434385912,21.999999999999996,26.105365398663235,-67.6679965063842,-66.6419958433059,FLAT
2026-10-06T13:38:04.631630+00:00,1,PERP,ICP|BITGET|HTX,ICP,BITGET,HTX,16.48851245896532,1.1955014101067707,-4.738763433287509,17.755960564159448,-14.082996169473283,47.07835782747472,21.999999999999996,61.06066854002616,-98.40490127621193,-140.87778980078838,FLAT
2026-10-06T13:38:05.298960+00:00,1,PERP,ICP|HTX|MEXC,ICP,HTX,MEXC,-21.735980292709733,-1.0802030548501056,-1.735734772362977,18.515264727817392,-52.023121387281265,8.718395815170421,26.0,60.873371006225135,-143.16075762114343,-103.32750159375854,FLAT
2026-10-06T13:38:05.991657+00:00,1,PERP,DOT|BITGET|HTX,DOT,BITGET,HTX,3.9687846911085067,0.19946763730228792,1.7007515363990737,11.370431742129119,-23.467928690091846,31.42817304204959,21.999999999999996,54.87431393248214,-108.04299415897306,-112.60173543813265,FLAT
2026-10-06T13:38:06.653126+00:00,1,PERP,DOT|HTX|MEXC,DOT,HTX,MEXC,-6.857430328294223,-0.3942322710555026,-2.5208887007590084,10.999966126377025,-30.505852440129154,16.90148231591193,26.0,47.43960862091118,-107.42457236028132,-98.86197963758211,FLAT
2026-10-06T13:38:07.219102+00:00,1,PERP,ICP|HTX|OKX,ICP,HTX,OKX,-23.034983639853568,-0.941216156187769,-5.43666885393977,18.6974210655209,-51.72468208092362,5.812263876781021,20.0,57.669355819746855,-129.95736904673072,-94.91828855046765,FLAT
2026-10-06T13:38:07.623610+00:00,1,PERP,DOT|GATE|HTX,DOT,GATE,HTX,3.9687846911085067,0.20514072817874132,1.4616346470346098,12.221610337121305,-23.467928690091846,31.42817304204959,20.0,54.87431393248214,-105.80387726960859,-110.84085232749712,FLAT
2026-10-06T13:38:17.996731+00:00,2,PERP,OP|GATE|OKX,OP,GATE,OKX,-1.3682698163752782,-0.1653671520206266,-0.37980386060429727,5.977402063788868,-12.651111843423601,9.934149887440569,20.0,22.58833545402417,-60.85964343684347,-58.902289202069035,FLAT
2026-10-06T13:38:18.340442+00:00,2,PERP,OP|BITGET|GATE,OP,BITGET,GATE,0.6390474158157744,0.30175275682014885,-1.8216700102567651,8.15474712477666,-14.394377052575624,15.69164782380783,21.999999999999996,30.084090138201873,-70.65679718052073,-75.59740797226647,FLAT
2026-10-06T13:38:18.828142+00:00,2,PERP,ICP|BITGET|HTX,ICP,BITGET,HTX,19.332368551463475,1.3556648708343475,-4.738763433287509,17.755960564159448,-11.611030478955175,50.296579895410254,21.999999999999996,61.78815224447935,-96.66041929014702,-144.82349557317713,FLAT
2026-10-06T13:38:19.498767+00:00,2,PERP,ICP|HTX|MEXC,ICP,HTX,MEXC,-26.08317635125146,-1.3149928956894041,-1.735734772362977,18.515264727817392,-54.91329479768825,2.9061319383916207,26.0,57.97019312780336,-143.14775315312863,-94.61205983855795,FLAT
2026-10-06T13:38:19.988706+00:00,2,PERP,DOT|BITGET|HTX,DOT,BITGET,HTX,3.9687846911085067,0.19946763730228792,1.7007515363990737,11.370431742129119,-23.467928690091846,31.42817304204959,21.999999999999996,54.87431393248214,-108.04299415897306,-112.60173543813265,FLAT
2026-10-06T13:38:20.645061+00:00,2,PERP,DOT|HTX|MEXC,DOT,HTX,MEXC,-6.031653146155724,-0.31916138695901874,-2.5208887007590084,10.999966126377025,-31.32970948893199,19.384601176177796,26.0,50.744642593739435,-111.55346338191241,-104.65013247067623,FLAT
2026-10-06T13:38:21.132371+00:00,2,PERP,ICP|HTX|OKX,ICP,HTX,OKX,-26.08317635125146,-1.104243597283318,-5.43666885393977,18.6974210655209,-54.91329479768825,2.9061319383916207,20.0,57.97019312780336,-133.44681907155183,-92.31299392013474,FLAT
2026-10-06T13:38:21.528933+00:00,2,PERP,DOT|GATE|HTX,DOT,GATE,HTX,7.267600374976091,0.4750573425096636,1.4616346470346098,12.221610337121305,-23.467928690091846,38.04883266331993,20.0,61.472051967894394,-112.40161530502085,-124.05924998417973,FLAT
2026-10-06T13:58:07.504121+00:00,0,PERP,OP|GATE|OKX,OP,GATE,OKX,-5.9590457515146245,-0.9271470126992063,-0.4010720537901845,5.9947059329280385,-13.897615708198252,1.990041770714157,20.0,15.897123685060729,-55.39366733946879,-44.28823750956507,FLAT
2026-10-06T13:58:07.860325+00:00,0,PERP,OP|BITGET|GATE,OP,BITGET,GATE,-0.854157661410726,0.13610706746434265,-1.9572542010930536,8.10462351612503,-13.399025088320915,11.709102826851225,21.999999999999996,25.110259253291286,-64.55203014051915,-66.77661628123556,FLAT
2026-10-06T13:58:08.342452+00:00,0,PERP,ICP|BITGET|HTX,ICP,BITGET,HTX,-0.21786033155168916,0.2822475305591571,-5.141271668693903,17.44359402326215,-23.09468822170868,22.677799162091894,21.999999999999996,45.7734768586326,-91.72689341164737,-101.59254768941838,FLAT
2026-10-06T13:58:09.076943+00:00,0,PERP,ICP|HTX|MEXC,ICP,HTX,MEXC,-11.552346570397054,-0.5624471421073388,-1.3336480166256968,18.168282472704245,-31.70942634764917,8.680555555555802,26.0,40.43655327297463,-102.8123316039981,-82.45075684515614,FLAT
2026-10-06T13:58:09.505519+00:00,0,PERP,DOT|BITGET|HTX,DOT,BITGET,HTX,15.813800894604046,1.196729727565339,1.907457891292541,11.620287089887007,-18.65587795373269,50.31199064355674,21.999999999999996,68.85896461543217,-117.42230046045741,-145.26349736769637,FLAT
2026-10-06T13:58:09.999225+00:00,0,PERP,ICP|HTX|OKX,ICP,HTX,OKX,-8.664259927796403,-0.19473393147694382,-5.074688621127393,18.433209248353357,-28.826751225136114,11.574074074074403,20.0,40.43571747967525,-90.18778008368398,-83.08448017487704,FLAT
2026-10-06T13:58:10.712982+00:00,0,PERP,DOT|HTX|MEXC,DOT,HTX,MEXC,-8.25982370950884,-0.49899797377886157,-2.6696502787637884,11.202797855893541,-33.42906399802392,17.03476524188119,26.0,50.50523431567938,-113.26464803493951,-102.20964983632436,FLAT
2026-10-06T13:58:11.162991+00:00,0,PERP,DOT|GATE|HTX,DOT,GATE,HTX,6.193829162661757,0.38995239610741955,1.4385071935340648,12.194621745105911,-26.898110919916228,39.340478762053266,20.0,66.19754286769651,-120.53416098114681,-130.0995144362157,FLAT
2026-10-06T13:58:21.552731+00:00,1,PERP,OP|GATE|OKX,OP,GATE,OKX,-2.7468121354912167,-0.39130194340580193,-0.4010720537901845,5.9947059329280385,-11.993933836793591,6.51502041509433,20.0,18.514028015440662,-56.106889798444065,-51.43012048432517,FLAT
2026-10-06T13:58:22.003947+00:00,1,PERP,OP|BITGET|GATE,OP,BITGET,GATE,2.161067949553175,0.5081447821052241,-1.9572542010930536,8.10462351612503,-8.569315190913862,12.899543384996548,21.999999999999996,21.464216962533527,-56.07627795235433,-64.32101454862313,FLAT
2026-10-06T13:58:22.468255+00:00,1,PERP,ICP|BITGET|HTX,ICP,BITGET,HTX,-1.5623070842341047,0.20517357717033652,-5.141271668693903,17.44359402326215,-24.06629402597393,20.958534296444675,21.999999999999996,45.031857372165824,-91.95687972944584,-99.13166333730439,FLAT
2026-10-06T13:58:23.235149+00:00,1,PERP,ICP|HTX|MEXC,ICP,HTX,MEXC,-8.664259927796403,-0.403484034453125,-1.3336480166256968,18.168282472704245,-28.826751225136114,11.574074074074403,26.0,40.43571747967525,-99.92882068818567,-85.34343957037535,FLAT
2026-10-06T13:58:23.644740+00:00,1,PERP,DOT|BITGET|HTX,DOT,BITGET,HTX,8.583207150669736,0.5744909060970634,1.907457891292541,11.620287089887007,-22.158676281515135,39.35051811257306,21.999999999999996,61.45643455165065,-113.52256872445832,-126.89949477293116,FLAT
2026-10-06T13:58:24.143337+00:00,1,PERP,ICP|HTX|OKX,ICP,HTX,OKX,-8.664259927796403,-0.19473393147694382,-5.074688621127393,18.433209248353357,-28.826751225136114,11.574074074074403,20.0,40.43571747967525,-90.18778008368398,-83.08448017487704,FLAT
2026-10-06T13:58:24.893190+00:00,1,PERP,DOT|HTX|MEXC,DOT,HTX,MEXC,-8.162806879982165,-0.49033792021236466,-2.6696502787637884,11.202797855893541,-35.07683963429709,18.894759443339737,26.0,54.01530901408424,-118.42249836961753,-107.57971873618777,FLAT
2026-10-06T13:58:25.399603+00:00,1,PERP,DOT|GATE|HTX,DOT,GATE,HTX,6.6847712624529265,0.4302112995857665,1.4385071935340648,12.194621745105911,-25.941604677023335,39.35051811257306,20.0,65.24848193138823,-118.62859380194563,-129.16049285042723,FLAT
2026-10-06T13:58:35.760706+00:00,2,PERP,OP|GATE|OKX,OP,GATE,OKX,-1.362773019704111,-0.16042504447656797,-0.4010720537901845,5.9947059329280385,-10.250756203732392,7.5377052589686855,20.0,17.790877178551398,-53.640561328493604,-51.72965449131027,FLAT
2026-10-06T13:58:36.105260+00:00,2,PERP,OP|BITGET|GATE,OP,BITGET,GATE,1.6621859225685043,0.44658954440761967,-1.9572542010930536,8.10462351612503,-12.797494322698277,16.141548743902057,21.999999999999996,28.934220274346856,-67.77446039595208,-75.03302321934197,FLAT
2026-10-06T13:58:36.596750+00:00,2,PERP,ICP|BITGET|HTX,ICP,BITGET,HTX,-8.637161695111972,-0.2004111091874803,-5.141271668693903,17.44359402326215,-31.673889818287783,14.419358775981106,21.999999999999996,46.13308598779078,-100.66570413738467,-93.69371643246579,FLAT
2026-10-06T13:58:37.306035+00:00,2,PERP,ICP|HTX|MEXC,ICP,HTX,MEXC,-5.776173285199082,-0.24452092679909446,-1.3336480166256968,18.168282472704245,-25.944076102623058,14.467592592593004,26.0,40.43488216942359,-97.04531025542094,-88.23612277864228,FLAT
2026-10-06T13:58:37.785932+00:00,2,PERP,DOT|BITGET|HTX,DOT,BITGET,HTX,8.58370629813976,0.5745338609282274,1.907457891292541,11.620287089887007,-22.157678399089555,39.35051811257306,21.999999999999996,61.45543446026288,-113.52057075064498,-126.8984946815434,FLAT
2026-10-06T13:58:38.297057+00:00,2,PERP,ICP|HTX|OKX,ICP,HTX,OKX,-5.776173285199082,-0.03805548207154176,-5.074688621127393,18.433209248353357,-25.944076102623058,14.467592592593004,20.0,40.43488216942359,-87.30426965091925,-85.97716338314399,FLAT
2026-10-06T13:58:39.100322+00:00,2,PERP,DOT|HTX|MEXC,DOT,HTX,MEXC,-7.337226345197623,-0.4166437818904612,-2.6696502787637884,11.202797855893541,-34.252951816160504,19.722039015903636,26.0,54.014240576170494,-117.59754211356721,-108.40592987083792,FLAT
2026-10-06T13:58:39.546729+00:00,2,PERP,DOT|GATE|HTX,DOT,GATE,HTX,8.58370629813976,0.5859303596254054,1.4385071935340648,12.194621745105911,-22.157678399089555,39.35051811257306,20.0,61.45543446026288,-111.0516200528865,-125.36744537930187,FLAT
2026-10-06T14:22:26.434253+00:00,0,PERP,OP|GATE|OKX,OP,GATE,OKX,-0.3420818671096004,-0.021765154032328603,-0.21085452764515086,6.0292400995431805,-11.034316237692465,10.367872782155452,20.0,21.402906502688044,-58.22636821273535,-57.98163381248864,FLAT
2026-10-06T14:22:26.764963+00:00,0,PERP,OP|BITGET|GATE,OP,BITGET,GATE,-0.8948184280377358,0.1480932017531554,-2.11899110310671,8.266231404122445,-15.933089195211414,14.163903760822105,21.999999999999996,30.099672433100242,-71.91377052520494,-74.38256729702906,FLAT
2026-10-06T14:22:27.204734+00:00,0,PERP,ICP|BITGET|HTX,ICP,BITGET,HTX,17.416545718431653,1.2526051613974414,-4.740880697640517,17.689074816962055,0.0,34.8432055749126,21.999999999999996,34.78262332409069,-58.04174262645017,-102.36670959664382,FLAT
2026-10-06T14:22:27.863418+00:00,0,PERP,ICP|HTX|MEXC,ICP,HTX,MEXC,-24.630541871919487,-1.2658192382501763,-1.489268898743654,18.281656870032652,-40.50925925925708,-8.705745792222386,26.0,31.881973734575908,-102.90196409508934,-56.66549684109717,FLAT
2026-10-06T14:22:28.339686+00:00,0,PERP,DOT|BITGET|HTX,DOT,BITGET,HTX,4.840276294251211,0.3215575173643888,1.1965234747972187,11.331574050327344,-22.588980547659787,32.292314910946644,21.999999999999996,54.85473479441796,-106.64023881687496,-113.95052623056738,FLAT
2026-10-06T14:22:28.786819+00:00,0,PERP,ICP|HTX|OKX,ICP,HTX,OKX,-28.97710808461129,-1.2935201341899074,-5.104126842690182,18.455825008763423,-46.296296296296504,-11.607661056294294,20.0,34.78937196139577,-101.9815414150021,-54.28583774779166,FLAT
2026-10-06T14:22:29.187045+00:00,0,PERP,DOT|GATE|HTX,DOT,GATE,HTX,4.840276294251211,0.3247780270881707,0.9577114987561105,11.954518075944412,-22.588980547659787,32.292314910946644,20.0,54.85473479441796,-104.40142684083386,-112.1893382066085,FLAT
2026-10-06T14:22:39.544349+00:00,1,PERP,OP|GATE|OKX,OP,GATE,OKX,0.3806400299399826,0.0981043295373076,-0.21085452764515086,6.0292400995431805,-8.991734259817807,9.76808261667017,20.0,18.759090727214364,-53.53997045938702,-54.73802787152968,FLAT
2026-10-06T14:22:40.075078+00:00,1,PERP,OP|BITGET|GATE,OP,BITGET,GATE,2.6866957338267383,0.5813636954969357,-2.11899110310671,8.266231404122445,-9.285836163692718,14.668284009484722,21.999999999999996,23.947682735512373,-59.11452779609838,-68.7349578481038,FLAT
2026-10-06T14:22:40.532696+00:00,1,PERP,ICP|BITGET|HTX,ICP,BITGET,HTX,21.06481329343657,1.4588492760702219,-4.740880697640517,17.689074816962055,4.3790860377357355,37.75776938716113,21.999999999999996,33.308518012572115,-52.188551277195856,-103.80716809737376,FLAT
2026-10-06T14:22:41.181644+00:00,1,PERP,ICP|HTX|MEXC,ICP,HTX,MEXC,-27.52825268037995,-1.4243229684678897,-1.489268898743654,18.281656870032652,-43.4027777777779,-11.607661056294294,26.0,31.8828178042151,-105.79632668324935,-53.76442564666446,FLAT
2026-10-06T14:22:41.597026+00:00,1,PERP,DOT|BITGET|HTX,DOT,BITGET,HTX,9.015324880958797,0.6900013512187843,1.1965234747972187,11.331574050327344,-20.54938694722841,38.60461252945369,21.999999999999996,59.10070805815225,-108.84661848017788,-124.50879711280872,FLAT
2026-10-06T14:22:42.033207+00:00,1,PERP,ICP|HTX|OKX,ICP,HTX,OKX,-30.258427582952052,-1.3629464263081057,-5.104126842690182,18.455825008763423,-46.296296296296504,-14.174018333585892,20.0,32.21970228503719,-99.41187173864351,-49.14981079414147,FLAT
2026-10-06T14:22:42.435259+00:00,1,PERP,DOT|GATE|HTX,DOT,GATE,HTX,0.7056400948401986,-0.021085869151274684,0.9577114987561105,11.954518075944412,-28.83108870080031,30.26690105725427,20.0,59.093809678359314,-114.88260987791574,-114.40299923685748,FLAT
2026-10-06T14:22:52.790690+00:00,2,PERP,OP|GATE|OKX,OP,GATE,OKX,-0.6469329098512944,-0.07232725434821943,-0.21085452764515086,6.0292400995431805,-10.568197102708288,9.291156815487422,20.0,19.860624512183193,-56.21796708724633,-55.362635855315766,FLAT
2026-10-06T14:22:53.110478+00:00,2,PERP,OP|BITGET|GATE,OP,BITGET,GATE,0.9515760871825485,0.37145913780709533,-2.11899110310671,8.266231404122445,-11.220169348875597,13.132521633170136,21.999999999999996,24.35037038335434,-61.45154862912322,-67.60188311963118,FLAT
2026-10-06T14:22:53.529263+00:00,2,PERP,ICP|BITGET|HTX,ICP,BITGET,HTX,14.066427957692973,1.063216072629144,-4.740880697640517,17.689074816962055,-3.7855334686787145,31.930333817127288,21.999999999999996,35.66569439915431,-62.710347170192506,-100.33690891392212,FLAT
2026-10-06T14:22:54.202824+00:00,2,PERP,ICP|HTX|MEXC,ICP,HTX,MEXC,-21.732831063457915,-1.1073155080324022,-1.489268898743654,18.281656870032652,-37.6157407407407,-5.803830528148257,26.0,31.881130155181243,-100.00760199717828,-59.56656852577664,FLAT
2026-10-06T14:22:54.629026+00:00,2,PERP,DOT|BITGET|HTX,DOT,BITGET,HTX,4.843770066904618,0.32186583928311696,1.1965234747972187,11.331574050327344,-22.581995901752585,32.292314910946644,21.999999999999996,54.847734375558936,-106.62625375210874,-113.94352581170835,FLAT
2026-10-06T14:22:55.086485+00:00,2,PERP,ICP|HTX|OKX,ICP,HTX,OKX,-21.974549947723077,-0.9140974785479529,-5.104126842690182,18.455825008763423,-38.0984790912009,-5.803830528148257,20.0,32.36570294630675,-91.36005519481748,-57.66599926084867,FLAT
2026-10-06T14:22:55.483975+00:00,2,PERP,DOT|GATE|HTX,DOT,GATE,HTX,-3.455561140121022,-0.369171940754164,0.9577114987561105,11.954518075944412,-30.855145158881214,23.96676112263796,20.0,54.84084744060643,-112.65370409824376,-103.84989706448829,FLAT
2026-10-06T14:42:45.124415+00:00,0,PERP,OP|GATE|OKX,OP,GATE,OKX,-3.460992733071988,-0.5148906511895063,-0.34689683041465763,6.048072334316248,-14.214425454147639,7.312219687729549,20.0,21.534079896757774,-61.401608520490754,-55.19319641490198,FLAT
2026-10-06T14:42:45.484602+00:00,0,PERP,OP|BITGET|GATE,OP,BITGET,GATE,-0.7304829953980185,0.1585592185891111,-2.034754497815384,8.225768984124743,-13.754822128638766,12.303656242536043,21.999999999999996,26.060378351862347,-65.78044598268572,-68.39878909221378,FLAT
2026-10-06T14:42:45.910097+00:00,0,PERP,ICP|BITGET|HTX,ICP,BITGET,HTX,0.6865500506014754,0.3263586642451717,-5.02286148797977,17.494285165636487,-22.525370178466673,23.91938097982882,21.999999999999996,46.441553298647925,-91.94406198913482,-103.3837957664565,FLAT
2026-10-06T14:42:46.555313+00:00,0,PERP,ICP|HTX|MEXC,ICP,HTX,MEXC,-8.639308855292738,-0.40956826122227724,-1.2074653560705437,18.145555217201878,-28.74389192296878,11.540680900172795,26.0,40.31926473119571,-99.85569129809394,-85.06741098743905,FLAT
2026-10-06T14:42:46.986380+00:00,0,PERP,DOT|BITGET|HTX,DOT,BITGET,HTX,7.698752024736244,0.5726094123829967,1.037591328542395,11.632991969993066,-20.270055376652163,35.69063599988542,21.999999999999996,55.91763226196621,-105.22527896716076,-118.57067693330923,FLAT
2026-10-06T14:42:47.449931+00:00,0,PERP,ICP|HTX|OKX,ICP,HTX,OKX,-11.51907847372513,-0.3623868658595862,-4.86234891641158,18.369124779187857,-31.618281115265432,8.655510675128486,20.0,40.32009571279917,-93.07602791165303,-79.83795530433923,FLAT
2026-10-06T14:42:47.848475+00:00,0,PERP,DOT|GATE|HTX,DOT,GATE,HTX,-0.5482185166938436,-0.08849723939521964,0.5694912578482296,12.62988294528031,-28.49059075113569,27.417189473917247,20.0,55.910835869149864,-110.97091787813379,-108.75853408521888,FLAT
2026-10-06T14:42:58.251077+00:00,1,PERP,OP|GATE|OKX,OP,GATE,OKX,-1.6043630291773248,-0.20791189808162694,-0.34689683041465763,6.048072334316248,-12.284516656894118,9.094611713058587,20.0,21.38254233682427,-59.320162163303735,-56.82405088029752,FLAT
2026-10-06T14:42:58.629271+00:00,1,PERP,OP|BITGET|GATE,OP,BITGET,GATE,-2.04402766915579,-0.0011273318468222066,-2.034754497815384,8.225768984124743,-14.601048829708807,10.522441964808671,21.999999999999996,25.128623601316107,-65.69491793320952,-65.68582006394016,FLAT
2026-10-06T14:42:59.117185+00:00,1,PERP,ICP|BITGET|HTX,ICP,BITGET,HTX,-5.133109742800901,-0.006301958255355765,-5.02286148797977,17.494285165636487,-27.9385946490196,17.691120161293927,21.999999999999996,45.653141368214065,-96.56887452925389,-96.36712301748776,FLAT
2026-10-06T14:42:59.845279+00:00,1,PERP,ICP|HTX|MEXC,ICP,HTX,MEXC,-2.879769618432393,-0.0921605452323947,-1.2074653560705437,18.145555217201878,-22.995113538374355,17.311021350256972,26.0,40.31760420422246,-94.10525238652627,-90.83609091054998,FLAT
2026-10-06T14:43:00.256065+00:00,1,PERP,DOT|BITGET|HTX,DOT,BITGET,HTX,2.1669073386187954,0.09707872342639239,1.037591328542395,11.632991969993066,-23.2282487852109,27.583016561556484,21.999999999999996,50.800248763129915,-103.06608887688321,-105.345673996144,FLAT
2026-10-06T14:43:00.749957+00:00,1,PERP,ICP|HTX|OKX,ICP,HTX,OKX,-5.759539236861455,-0.04884230093893138,-4.86234891641158,18.369124779187857,-25.869502730671012,14.425851125214884,20.0,40.318434228473905,-87.32558804273333,-85.60663427010037,FLAT
2026-10-06T14:43:01.148925+00:00,1,PERP,DOT|GATE|HTX,DOT,GATE,HTX,2.1669073386187954,0.12647908834083912,0.5694912578482296,12.62988294528031,-23.2282487852109,27.583016561556484,20.0,50.800248763129915,-100.59798880618905,-103.81377406683816,FLAT
2026-10-06T14:43:11.558873+00:00,2,PERP,OP|GATE|OKX,OP,GATE,OKX,-2.1454764604256216,-0.29738064139973597,-0.34689683041465763,6.048072334316248,-12.512190216272812,8.238112098644113,20.0,20.754741472720497,-58.92003485857865,-55.33975040177927,FLAT
2026-10-06T14:43:11.902729+00:00,2,PERP,OP|BITGET|GATE,OP,BITGET,GATE,-1.0646915516288047,0.11792975806380468,-2.034754497815384,8.225768984124743,-13.172439747032305,11.052167063787532,21.999999999999996,24.227182832250207,-63.36486808146713,-65.31410439385313,FLAT
2026-10-06T14:43:12.403323+00:00,2,PERP,ICP|BITGET|HTX,ICP,BITGET,HTX,-3.869462098197163,0.06593006681108618,-5.02286148797977,17.494285165636487,-26.70425592634973,18.984221975810733,21.999999999999996,45.70615591564163,-95.3875503540116,-97.71323937943214,FLAT
2026-10-06T14:43:13.052488+00:00,2,PERP,ICP|HTX|MEXC,ICP,HTX,MEXC,-2.879769618432393,-0.0921605452323947,-1.2074653560705437,18.145555217201878,-22.995113538374355,17.311021350256972,26.0,40.31760420422246,-94.10525238652627,-90.83609091054998,FLAT
2026-10-06T14:43:13.467934+00:00,2,PERP,DOT|BITGET|HTX,DOT,BITGET,HTX,7.023790305638045,0.5145880778166838,1.037591328542395,11.632991969993066,-21.79205623930813,35.863431934439745,21.999999999999996,57.61501077782641,-108.44465834567694,-120.44085138372375,FLAT
2026-10-06T14:43:13.956336+00:00,2,PERP,ICP|HTX|OKX,ICP,HTX,OKX,-8.639308855292738,-0.20561458339922856,-4.86234891641158,18.369124779187857,-28.74389192296878,11.540680900172795,20.0,40.31926473119571,-90.20080773775291,-82.7222945477801,FLAT
2026-10-06T14:43:14.417713+00:00,2,PERP,DOT|GATE|HTX,DOT,GATE,HTX,-1.2294251915201393,-0.1424333429820591,0.5694912578482296,12.62988294528031,-30.01811390110687,27.583016561556484,20.0,57.60820316521544,-114.19580832417054,-110.62172846892369,FLAT
2026-10-06T15:25:12.260395+00:00,0,PERP,OP|GATE|OKX,OP,GATE,OKX,-2.9336843643035238,-0.45531298910084006,-0.19066087561736864,6.024478884521009,-11.05046481251537,5.1927354474456955,20.0,16.247961178544347,-53.10776511544235,-47.63135750160741,FLAT
2026-10-06T15:25:12.501185+00:00,0,PERP,OP|BITGET|GATE,OP,BITGET,GATE,0.3021082246812412,0.27001389628686145,-1.9122602996502078,8.20094282102768,-13.124499935324163,13.748876456998183,21.999999999999996,26.872549426668144,-66.0847890623421,-70.53368618331653,FLAT
2026-10-06T15:25:12.965084+00:00,0,PERP,ICP|BITGET|HTX,ICP,BITGET,HTX,15.083326108140671,1.1948508630849426,-5.28684346711957,17.048294648812682,-1.7602044676556794,31.93960511033822,21.999999999999996,33.649050794707875,-58.122411795243984,-98.87549937216566,FLAT
2026-10-06T15:25:13.768201+00:00,0,PERP,ICP|HTX|MEXC,ICP,HTX,MEXC,-20.28691493986323,-1.0916700751885775,-0.980618737998546,17.685101607763382,-34.73227206946539,-5.803830528148257,26.0,28.98719842182313,-94.73885175328996,-56.16398663167342,FLAT
2026-10-06T15:25:14.234110+00:00,0,PERP,DOT|BITGET|HTX,DOT,BITGET,HTX,-5.241763817642742,-0.6028708546159681,1.450722605211794,11.101028307493294,-41.56954864453111,31.11601918003748,21.999999999999996,72.72367547705772,-143.74394672680063,-130.3889720518834,FLAT
2026-10-06T15:25:14.711520+00:00,0,PERP,ICP|HTX|OKX,ICP,HTX,OKX,-23.185045645557345,-1.0467641293806487,-4.589448423229211,17.76483994854773,-37.62662807525241,-8.705745792222386,20.0,28.988042001217796,-88.02522165324099,-50.87174463222462,FLAT
2026-10-06T15:25:15.167100+00:00,0,PERP,DOT|GATE|HTX,DOT,GATE,HTX,-5.241763817642742,-0.551903453867919,1.2116626476347012,11.693035113387552,-41.56954864453111,31.11601918003748,20.0,72.72367547705772,-141.50488676922353,-128.6280320094605,FLAT
2026-10-06T15:25:25.409128+00:00,1,PERP,OP|GATE|OKX,OP,GATE,OKX,-3.72592134987082,-0.5868159789449625,-0.19066087561736864,6.024478884521009,-13.228375841299878,5.790137105139426,20.0,19.025592001452623,-58.063306967135134,-51.00638998220941,FLAT
2026-10-06T15:25:25.641257+00:00,1,PERP,OP|BITGET|GATE,OP,BITGET,GATE,-1.364092675845141,0.06684202484615966,-1.9122602996502078,8.20094282102768,-12.156486912801023,9.436391811667999,21.999999999999996,21.595821563479902,-59.84004817663072,-60.94447367479811,FLAT
2026-10-06T15:25:26.107471+00:00,1,PERP,ICP|BITGET|HTX,ICP,BITGET,HTX,11.975402263080248,1.0125497057503072,-5.28684346711957,17.048294648812682,-5.063191937356715,29.02757619738905,21.999999999999996,34.049986496853165,-61.82633496709031,-96.36440616136179,FLAT
2026-10-06T15:25:26.848950+00:00,1,PERP,ICP|HTX|MEXC,ICP,HTX,MEXC,-17.38878423416912,-0.9277959414701772,-0.980618737998546,17.685101607763382,-31.837916063677252,-2.9019152640741286,26.0,28.986355332239572,-91.84365265791827,-59.06505880616399,FLAT
2026-10-06T15:25:27.317062+00:00,1,PERP,DOT|BITGET|HTX,DOT,BITGET,HTX,-9.69251709003971,-1.0038024754634411,1.450722605211794,11.101028307493294,-49.312791038526036,29.960446853452005,21.999999999999996,79.35013466520115,-158.113648308939,-135.85985891344137,FLAT
2026-10-06T15:25:27.811132+00:00,1,PERP,ICP|HTX|OKX,ICP,HTX,OKX,-19.975773012522737,-0.8661110729878179,-4.589448423229211,17.76483994854773,-34.73227206946539,-5.1807340567089355,20.0,29.610637287528892,-85.75346093376507,-55.01935165404916,FLAT
2026-10-06T15:25:28.265157+00:00,1,PERP,DOT|GATE|HTX,DOT,GATE,HTX,-9.69251709003971,-0.9325363031870172,1.2116626476347012,11.693035113387552,-49.312791038526036,29.960446853452005,20.0,79.35013466520115,-155.8745883513619,-134.09891887101847,FLAT
2026-10-06T15:25:38.512528+00:00,2,PERP,OP|GATE|OKX,OP,GATE,OKX,-4.366161999409535,-0.6930891789695682,-0.19066087561736864,6.024478884521009,-13.967136994165186,5.249334226120617,20.0,19.224854129843305,-59.00133024839113,-50.66484923158129,FLAT
2026-10-06T15:25:38.744033+00:00,2,PERP,OP|BITGET|GATE,OP,BITGET,GATE,-0.0630285409708442,0.22549014168685938,-1.9122602996502078,8.20094282102768,-11.364909266068368,11.247330714303505,21.999999999999996,22.612379323848515,-60.065028290266675,-63.77197033780223,FLAT
2026-10-06T15:25:39.146621+00:00,2,PERP,ICP|BITGET|HTX,ICP,BITGET,HTX,17.591804302010683,1.341990400824262,-5.28684346711957,17.048294648812682,0.7873999999996606,34.40878158582849,21.999999999999996,33.56233468169811,-55.48809121457887,-101.25795973464616,FLAT
2026-10-06T15:25:39.798591+00:00,2,PERP,ICP|HTX|MEXC,ICP,HTX,MEXC,-23.185045645557345,-1.255544208906978,-0.980618737998546,17.685101607763382,-37.62662807525241,-8.705745792222386,26.0,28.988042001217796,-97.63405133847166,-53.26291494699395,FLAT
2026-10-06T15:25:40.202812+00:00,2,PERP,DOT|BITGET|HTX,DOT,BITGET,HTX,-2.795354813504014,-0.38249406281125037,1.450722605211794,11.101028307493294,-41.56954864453111,36.01085734438403,21.999999999999996,77.60208531085529,-148.62235656059818,-140.1622200500275,FLAT
2026-10-06T15:25:40.612263+00:00,2,PERP,ICP|HTX|OKX,ICP,HTX,OKX,-26.08317635125146,-1.2099027061473386,-4.589448423229211,17.76483994854773,-40.52098408104388,-11.607661056294294,20.0,28.988886070856992,-90.92042172867166,-47.97067343779191,FLAT
2026-10-06T15:25:41.010731+00:00,2,PERP,DOT|GATE|HTX,DOT,GATE,HTX,-2.795354813504014,-0.34268412112703,1.2116626476347012,11.693035113387552,-41.56954864453111,36.01085734438403,20.0,77.60208531085529,-146.3832966030211,-138.4012800076046,FLAT
2026-10-06T16:02:18.171369+00:00,0,PERP,OP|GATE|OKX,OP,GATE,OKX,-6.01902607978877,-1.0053259530886414,-0.13141724374762798,5.856417829414199,-17.333729559159128,5.3160138204022545,20.0,22.663366259450118,-65.86567857486162,-54.110797323599996,FLAT
2026-10-06T16:02:18.412610+00:00,0,PERP,OP|BITGET|GATE,OP,BITGET,GATE,-0.8811072846015566,0.12008787499699186,-1.8690419271881167,8.226764297488879,-15.587785005767296,13.841040027093854,21.999999999999996,29.431410124083282,-71.15015320266247,-73.14149207836525,FLAT
2026-10-06T16:02:18.881465+00:00,0,PERP,ICP|BITGET|HTX,ICP,BITGET,HTX,1.862074587253293,0.446363243923981,-5.690037439479156,16.919206788493163,-9.417577455290704,13.147328814553383,21.999999999999996,22.560703907650133,-54.28824392346168,-69.39807016168267,FLAT
2026-10-06T16:02:19.585899+00:00,0,PERP,ICP|HTX|MEXC,ICP,HTX,MEXC,-7.331378299120228,-0.3897250677505645,-0.4519525873970501,17.65199696142259,-17.579841781422132,2.935133548573887,26.0,20.530010779220287,-69.65789997324538,-55.91709691519123,FLAT
2026-10-06T16:02:20.057124+00:00,0,PERP,DOT|BITGET|HTX,DOT,BITGET,HTX,8.538557124952995,0.6681531286735968,1.1944399402716455,10.991667732306713,-21.84129302847282,38.94366068665445,21.999999999999996,60.733085931114005,-111.76881889985847,-126.48230667749681,FLAT
2026-10-06T16:02:20.568880+00:00,0,PERP,ICP|HTX|OKX,ICP,HTX,OKX,-7.331378299120228,-0.19406704823378593,-3.8950457380786583,17.706934754332625,-17.579841781422132,2.935133548573887,20.0,20.530010779220287,-60.214806822563766,-53.360190065872835,FLAT
2026-10-06T16:02:21.255251+00:00,0,PERP,DOT|GATE|HTX,DOT,GATE,HTX,8.538557124952995,0.627948307106842,0.9578903401871884,12.072119152119948,-21.84129302847282,38.94366068665445,20.0,60.733085931114005,-109.53226929977401,-124.71885627758127,FLAT
2026-10-06T16:02:31.569913+00:00,1,PERP,OP|GATE|OKX,OP,GATE,OKX,-5.798796057363553,-0.9677210504262838,-0.13141724374762798,5.856417829414199,-15.331141543369897,3.749509009489671,20.0,19.091708095990512,-60.29143239561278,-48.97263434922781,FLAT
2026-10-06T16:02:31.825554+00:00,1,PERP,OP|BITGET|GATE,OP,BITGET,GATE,-1.4134861606285298,0.055374841199551536,-1.8690419271881167,8.226764297488879,-14.346428501542663,11.531303783822722,21.999999999999996,25.88138515915141,-66.35877173350596,-67.28173087016225,FLAT
2026-10-06T16:02:32.273557+00:00,1,PERP,ICP|BITGET|HTX,ICP,BITGET,HTX,-5.266846834148797,0.025012437676343854,-5.690037439479156,16.919206788493163,-26.322636698858926,15.80368541300503,21.999999999999996,42.148515930439586,-90.78111518981936,-91.64223878292377,FLAT
2026-10-06T16:02:32.961152+00:00,1,PERP,ICP|HTX|MEXC,ICP,HTX,MEXC,-1.4645577035732327,-0.05736490428755297,-0.4519525873970501,17.65199696142259,-20.467836257310744,17.605633802817433,26.0,38.07892934160263,-90.09481301151632,-88.13651573181711,FLAT
2026-10-06T16:02:33.447663+00:00,1,PERP,DOT|BITGET|HTX,DOT,BITGET,HTX,7.675604875212461,0.5896434547317486,1.1944399402716455,10.991667732306713,-21.852271461119123,37.22802641215716,21.999999999999996,59.03497476184274,-110.0816861632335,-123.06856123372825,FLAT
2026-10-06T16:02:33.923370+00:00,1,PERP,ICP|HTX|OKX,ICP,HTX,OKX,-1.4645577035732327,0.13726192975950968,-3.8950457380786583,17.706934754332625,-20.467836257310744,17.605633802817433,20.0,38.07892934160263,-80.65171986083472,-85.57960888249872,FLAT
2026-10-06T16:02:34.376866+00:00,1,PERP,DOT|GATE|HTX,DOT,GATE,HTX,7.675604875212461,0.556465227883838,0.9578903401871884,12.072119152119948,-21.852271461119123,37.22802641215716,20.0,59.03497476184274,-107.84513656314904,-121.3051108338127,FLAT
2026-10-06T16:02:44.663370+00:00,2,PERP,OP|GATE|OKX,OP,GATE,OKX,-5.293415642567689,-0.8814259073001287,-0.13141724374762798,5.856417829414199,-17.464706126829597,6.901227928275411,20.0,24.378816393567888,-67.71210527664985,-57.411461565590926,FLAT
2026-10-06T16:02:44.930978+00:00,2,PERP,OP|BITGET|GATE,OP,BITGET,GATE,0.5256555275945374,0.29108618749580645,-1.8690419271881167,8.226764297488879,-15.687377465856134,16.760842222469652,21.999999999999996,32.446498994949884,-74.26483453361789,-79.07638314460765,FLAT
2026-10-06T16:02:45.333191+00:00,2,PERP,ICP|BITGET|HTX,ICP,BITGET,HTX,0.1481704932504435,0.34506392679709985,-5.690037439479156,16.919206788493163,-11.257544749926351,11.563230679156877,21.999999999999996,22.82043347090826,-56.387940781355454,-68.07370158954429,FLAT
2026-10-06T16:02:45.976272+00:00,2,PERP,ICP|HTX|MEXC,ICP,HTX,MEXC,-5.852231163131494,-0.30593017818530316,-0.4519525873970501,17.65199696142259,-14.619883040934978,2.9282576866740406,26.0,17.55840692261096,-63.726337376148884,-52.938617196682046,FLAT
2026-10-06T16:02:46.502579+00:00,2,PERP,DOT|BITGET|HTX,DOT,BITGET,HTX,7.258620383145953,0.5517070375999874,1.1944399402716455,10.991667732306713,-20.170268626530373,34.71027195631527,21.999999999999996,54.84072434176297,-104.20543290856499,-116.3565563578066,FLAT
2026-10-06T16:02:46.915543+00:00,2,PERP,ICP|HTX|OKX,ICP,HTX,OKX,-4.384177024996383,-0.027623713178140077,-3.8950457380786583,17.706934754332625,-14.609897650831316,5.856515373352522,20.0,20.475378840448286,-57.19023075320094,-56.226939951879466,FLAT
2026-10-06T16:02:47.297839+00:00,2,PERP,DOT|GATE|HTX,DOT,GATE,HTX,2.3600066098250494,0.11614499923086326,0.9578903401871884,12.072119152119948,-28.438561693121535,33.20506541552248,20.0,61.62904755039418,-117.0254995837029,-119.87622262572947,FLAT
2026-10-06T16:27:30.689880+00:00,0,PERP,OP|GATE|OKX,OP,GATE,OKX,-5.738672747104268,-0.9732730497412324,0.004702468289162025,5.901093446407914,-15.563235112034945,4.100976773511178,20.0,19.675491430735043,-61.24342901105915,-49.77176573595706,FLAT
2026-10-06T16:27:31.044887+00:00,0,PERP,OP|BITGET|GATE,OP,BITGET,GATE,1.7284814827789319,0.452292704591826,-1.994569833193571,8.23150866280806,-12.327931721767271,15.802871881440694,21.999999999999996,28.125930599727607,-66.4592924883013,-73.92337231436187,FLAT
2026-10-06T16:27:31.477823+00:00,0,PERP,ICP|BITGET|HTX,ICP,BITGET,HTX,-1.45985401459936,0.2475581154804743,-5.6491052855057395,16.922294236953825,-20.431990659661725,17.523364485980686,21.999999999999996,37.96089364636292,-80.7437790205189,-89.13336341784935,FLAT
2026-10-06T16:27:32.126278+00:00,0,PERP,ICP|HTX|MEXC,ICP,HTX,MEXC,-5.840268652357317,-0.30090367847487864,-0.5334840748574975,17.636157206176737,-23.323615160348865,11.699327288681172,26.0,35.04331834764638,-89.83344943313774,-79.27612971118505,FLAT
2026-10-06T16:27:32.532324+00:00,0,PERP,DOT|BITGET|HTX,DOT,BITGET,HTX,10.756884628579932,0.8619223651590749,1.3329059511320913,10.933674607351172,-15.565910180748155,37.10150596760498,21.999999999999996,52.610814257043856,-97.50963038892411,-116.37941427351674,FLAT
2026-10-06T16:27:32.997035+00:00,0,PERP,ICP|HTX|OKX,ICP,HTX,OKX,-2.9201343261786583,0.05032482165370893,-3.8141340806398096,17.764588628110193,-20.408163265306367,14.62415911085202,20.0,35.04246488167565,-77.63649406634221,-79.48075807316748,FLAT
2026-10-06T16:27:33.395291+00:00,0,PERP,DOT|GATE|HTX,DOT,GATE,HTX,10.756884628579932,0.8076743815458836,1.326685706696467,11.675743514154957,-15.565910180748155,37.10150596760498,20.0,52.610814257043856,-95.50341014448847,-114.38563451795237,FLAT
2026-10-06T16:27:43.741733+00:00,1,PERP,OP|GATE|OKX,OP,GATE,OKX,-3.824080183527645,-0.6488259653212992,0.004702468289162025,5.901093446407914,-14.020088763984084,6.389087389715442,20.0,20.416969340080897,-60.44176057235414,-52.80135426150718,FLAT
2026-10-06T16:27:44.088339+00:00,1,PERP,OP|BITGET|GATE,OP,BITGET,GATE,-0.23196671526060086,0.21412880556110397,-1.994569833193571,8.23150866280806,-12.389771666497795,11.934972574780822,21.999999999999996,24.325305077296424,-62.72050691060065,-66.25484748527082,FLAT
2026-10-06T16:27:44.528260+00:00,1,PERP,ICP|BITGET|HTX,ICP,BITGET,HTX,-2.8597465592306026,0.16483336639921517,-5.6491052855057395,16.922294236953825,-22.903663087249228,17.20019918224125,21.999999999999996,40.11532782980746,-85.36988563155094,-90.96463229755445,FLAT
2026-10-06T16:27:45.200010+00:00,1,PERP,ICP|HTX|MEXC,ICP,HTX,MEXC,-2.9201343261786583,-0.1353271136914838,-0.5334840748574975,17.636157206176737,-20.408163265306367,14.62415911085202,26.0,35.04246488167565,-86.91714407212451,-82.20010806738516,FLAT
2026-10-06T16:27:45.839201+00:00,1,PERP,DOT|BITGET|HTX,DOT,BITGET,HTX,12.395801581166488,1.0118186270694707,1.3329059511320913,10.933674607351172,-12.28943411895278,37.10150596760498,21.999999999999996,49.32978338319942,-90.95212345328429,-113.0983833996723,FLAT
2026-10-06T16:27:46.295825+00:00,1,PERP,ICP|HTX|OKX,ICP,HTX,OKX,-2.9201343261786583,0.05032482165370893,-3.8141340806398096,17.764588628110193,-20.408163265306367,14.62415911085202,20.0,35.04246488167565,-77.63649406634221,-79.48075807316748,FLAT
2026-10-06T16:27:46.683590+00:00,1,PERP,DOT|GATE|HTX,DOT,GATE,HTX,10.756884628579932,0.8076743815458836,1.326685706696467,11.675743514154957,-15.565910180748155,37.10150596760498,20.0,52.610814257043856,-95.50341014448847,-114.38563451795237,FLAT
2026-10-06T16:27:57.046839+00:00,2,PERP,OP|GATE|OKX,OP,GATE,OKX,-5.316694381419795,-0.9017645455094723,0.004702468289162025,5.901093446407914,-15.33543640709678,4.717958391016186,20.0,20.064049616209427,-61.40418849159538,-50.77730553893645,FLAT
2026-10-06T16:27:57.405967+00:00,2,PERP,OP|BITGET|GATE,OP,BITGET,GATE,1.5055320289181218,0.4252078210068583,-1.994569833193571,8.23150866280806,-10.18119378686011,13.201038254770925,21.999999999999996,23.378709004923564,-59.565332958590105,-66.57431709288807,FLAT
2026-10-06T16:27:57.811714+00:00,2,PERP,ICP|BITGET|HTX,ICP,BITGET,HTX,-3.126384921955383,0.14907673440882507,-5.6491052855057395,16.922294236953825,-23.344032681646976,17.1081381425231,21.999999999999996,40.46481464299026,-86.1597420391315,-91.2220580710191,FLAT
2026-10-06T16:27:58.502711+00:00,2,PERP,ICP|HTX|MEXC,ICP,HTX,MEXC,-2.9201343261786583,-0.1353271136914838,-0.5334840748574975,17.636157206176737,-20.408163265306367,14.62415911085202,26.0,35.04246488167565,-86.91714407212451,-82.20010806738516,FLAT
2026-10-06T16:27:58.926606+00:00,2,PERP,DOT|BITGET|HTX,DOT,BITGET,HTX,10.756884628579932,0.8619223651590749,1.3329059511320913,10.933674607351172,-15.565910180748155,37.10150596760498,21.999999999999996,52.610814257043856,-97.50963038892411,-116.37941427351674,FLAT
2026-10-06T16:27:59.366358+00:00,2,PERP,ICP|HTX|OKX,ICP,HTX,OKX,-2.9201343261786583,0.05032482165370893,-3.8141340806398096,17.764588628110193,-20.408163265306367,14.62415911085202,20.0,35.04246488167565,-77.63649406634221,-79.48075807316748,FLAT
2026-10-06T16:27:59.760965+00:00,2,PERP,DOT|GATE|HTX,DOT,GATE,HTX,10.756884628579932,0.8076743815458836,1.326685706696467,11.675743514154957,-15.565910180748155,37.10150596760498,20.0,52.610814257043856,-95.50341014448847,-114.38563451795237,FLAT
2026-10-06T16:50:54.481429+00:00,0,PERP,OP|GATE|OKX,OP,GATE,OKX,-4.927105411497434,-0.8256229216162455,-0.09985018742810708,5.846803786187836,-15.891550004334398,6.056124051507794,20.0,21.95847715115526,-63.75017696806155,-54.11445139009116,FLAT
2026-10-06T16:50:54.809026+00:00,0,PERP,OP|BITGET|GATE,OP,BITGET,GATE,-1.3826054324783676,0.057786778174964366,-1.8583435595808138,8.23264667329309,-13.738858198643067,10.983050874606715,21.999999999999996,24.725324033133177,-64.60583867219543,-65.5667184673207,FLAT
2026-10-06T16:50:55.196304+00:00,0,PERP,ICP|BITGET|HTX,ICP,BITGET,HTX,4.373177842564857,0.5922486214064753,-5.649034370611412,16.92230568536481,-14.573010784029172,23.33041703120653,21.999999999999996,37.886855997579204,-74.81083241099697,-94.86630739939714,FLAT
2026-10-06T16:50:55.832038+00:00,0,PERP,ICP|HTX|MEXC,ICP,HTX,MEXC,-11.656709893631545,-0.6228991298736856,-0.6549612371509965,17.662167321876876,-29.095141111434852,5.837711617047159,26.0,34.97353061741053,-95.41371049169439,-73.4662034716087,FLAT
2026-10-06T16:50:56.228535+00:00,0,PERP,DOT|BITGET|HTX,DOT,BITGET,HTX,9.629798801349398,0.745075845962768,1.4485498433042099,10.9804243452203,-10.394428033408953,29.670684726654795,21.999999999999996,40.026561060235416,-79.86953893694857,-96.248695943586,FLAT
2026-10-06T16:50:56.981192+00:00,0,PERP,ICP|HTX|OKX,ICP,HTX,OKX,-11.656709893631545,-0.4275843549288658,-4.098054387832605,17.6775773450748,-29.095141111434852,5.837711617047159,20.0,34.97353061741053,-85.97061734101278,-70.9092966222903,FLAT
2026-10-06T16:50:57.700439+00:00,0,PERP,DOT|GATE|HTX,DOT,GATE,HTX,7.978573483891083,0.55771926962676,1.4423295988685858,11.719594858891497,-18.69144262806377,34.67075918529794,20.0,53.319651127432586,-99.45342335436494,-112.54808071386195,FLAT
2026-10-06T16:51:08.034434+00:00,1,PERP,OP|GATE|OKX,OP,GATE,OKX,-5.716194066751612,-0.9605836085334766,-0.09985018742810708,5.846803786187836,-14.942050877608803,3.523714969149161,20.0,18.476316574301816,-59.318517264482516,-48.09988173087909,FLAT
2026-10-06T16:51:08.375441+00:00,1,PERP,OP|BITGET|GATE,OP,BITGET,GATE,-0.2360942743018235,0.19705076018160808,-1.8583435595808138,8.23264667329309,-14.165111420334497,13.712059141073318,21.999999999999996,27.877815604590168,-68.18458346534385,-71.4482183052443,FLAT
2026-10-06T16:51:08.763232+00:00,1,PERP,ICP|BITGET|HTX,ICP,BITGET,HTX,7.290755322251208,0.7646587842963708,-5.649034370611412,16.92230568536481,-11.661807580174433,26.254375729288792,21.999999999999996,37.88855646529155,-71.90132967485457,-97.79196656519176,FLAT
2026-10-06T16:51:09.758175+00:00,1,PERP,ICP|HTX|MEXC,ICP,HTX,MEXC,-11.656709893631545,-0.6228991298736856,-0.6549612371509965,17.662167321876876,-29.095141111434852,5.837711617047159,26.0,34.97353061741053,-95.41371049169439,-73.4662034716087,FLAT
2026-10-06T16:51:10.236188+00:00,1,PERP,DOT|BITGET|HTX,DOT,BITGET,HTX,5.3369668147240645,0.35412265037939583,1.4485498433042099,10.9804243452203,-23.27865349387337,33.99402696589115,21.999999999999996,57.24210055671792,-109.9693038938955,-117.78757767930486,FLAT
2026-10-06T16:51:11.038584+00:00,1,PERP,ICP|HTX|OKX,ICP,HTX,OKX,-11.656709893631545,-0.4275843549288658,-4.098054387832605,17.6775773450748,-29.095141111434852,5.837711617047159,20.0,34.97353061741053,-85.97061734101278,-70.9092966222903,FLAT
2026-10-06T16:51:11.430793+00:00,1,PERP,DOT|GATE|HTX,DOT,GATE,HTX,4.580850999209574,0.2678011858029234,1.4423295988685858,11.719594858891497,-18.625119327951857,27.806095388105412,20.0,46.40994700998923,-92.47739593680967,-98.77371279922605,FLAT
2026-10-06T16:51:21.777859+00:00,2,PERP,OP|GATE|OKX,OP,GATE,OKX,-5.5305929374882545,-0.9288395760585351,-0.09985018742810708,5.846803786187836,-13.4724747126036,2.4213744550638516,20.0,15.902637869396953,-55.27526239457245,-44.42386251188891,FLAT
2026-10-06T16:51:22.084679+00:00,2,PERP,OP|BITGET|GATE,OP,BITGET,GATE,2.2223121460518414,0.4956675377397652,-1.8583435595808138,8.23264667329309,-7.85995467831091,12.312257772262303,21.999999999999996,20.167727628935513,-54.169338747665606,-62.338328960778625,FLAT
2026-10-06T16:51:22.475745+00:00,2,PERP,ICP|BITGET|HTX,ICP,BITGET,HTX,10.472648039423493,0.9526882866781966,-5.649034370611412,16.92230568536481,-8.748906386701893,29.706429626386033,21.999999999999996,38.415101341796436,-69.51497335788692,-101.77056533879387,FLAT
2026-10-06T16:51:23.391638+00:00,2,PERP,ICP|HTX|MEXC,ICP,HTX,MEXC,-14.570887367040264,-0.7878945927917123,-0.6549612371509965,17.662167321876876,-32.004655222579444,2.9188558085246896,26.0,34.97438209221408,-98.32407607764253,-70.54819913788977,FLAT
2026-10-06T16:51:23.792263+00:00,2,PERP,DOT|BITGET|HTX,DOT,BITGET,HTX,12.311810162444203,0.9893297360469218,1.4485498433042099,10.9804243452203,-11.498348659695345,36.141761302808106,21.999999999999996,47.58152027520085,-88.5284187782004,-110.27473173470474,FLAT
2026-10-06T16:51:24.298688+00:00,2,PERP,ICP|HTX|OKX,ICP,HTX,OKX,-14.570887367040264,-0.592435986830827,-4.098054387832605,17.6775773450748,-32.004655222579444,2.9188558085246896,20.0,34.97438209221408,-88.88098292696091,-67.99129228857137,FLAT
2026-10-06T16:51:24.678559+00:00,2,PERP,DOT|GATE|HTX,DOT,GATE,HTX,12.311810162444203,0.9274621430560025,1.4423295988685858,11.719594858891497,-11.498348659695345,36.141761302808106,20.0,47.58152027520085,-86.5221985337648,-108.28095197914038,FLAT
2026-10-06T17:06:30.070740+00:00,0,PERP,OP|GATE|OKX,OP,GATE,OKX,-4.822159914732449,-0.760067375540518,-0.290289995524813,5.962458151798477,-13.508750418464999,3.876636870527861,20.0,17.393766271209728,-56.61222669414991,-47.560693137262405,FLAT
2026-10-06T17:06:30.329054+00:00,0,PERP,OP|BITGET|GATE,OP,BITGET,GATE,1.4258766793018296,0.4033877374547232,-1.8887216476843542,8.216904033574444,-11.752611202198171,14.620620308958276,21.999999999999996,26.36946153152829,-64.2333510860421,-70.87880348817092,FLAT
2026-10-06T17:06:30.771886+00:00,0,PERP,ICP|BITGET|HTX,ICP,BITGET,HTX,8.53994087045118,0.8105826890199828,-5.279664167768523,17.048976280171974,-11.66861143523934,28.765323357664574,21.999999999999996,40.39942691581939,-74.7883741832902,-102.44441444125249,FLAT
2026-10-06T17:06:31.425608+00:00,0,PERP,ICP|HTX|MEXC,ICP,HTX,MEXC,-14.57938474996312,-0.7495867234699736,-1.1860504355050427,17.867624779235538,-32.02328966521062,2.9205607476634476,26.0,34.994780776097556,-97.83202000580313,-71.10139195926605,FLAT
2026-10-06T17:06:31.898505+00:00,0,PERP,DOT|BITGET|HTX,DOT,BITGET,HTX,14.238709212772704,1.1846913288483925,1.1711935313424446,11.030312591325245,-11.197010279311304,39.69555471772246,21.999999999999996,50.820194829782366,-91.18839864043612,-117.34455601616239,FLAT
2026-10-06T17:06:32.316534+00:00,0,PERP,ICP|HTX|OKX,ICP,HTX,OKX,-11.663507799971606,-0.4136363690592973,-4.342587281281788,17.69892849446302,-29.11208151382794,5.841121495326895,20.0,34.99392830658181,-85.76342253912796,-71.17763708319049,FLAT
2026-10-06T17:06:32.703423+00:00,0,PERP,DOT|GATE|HTX,DOT,GATE,HTX,10.083423441313855,0.7422239712597478,1.2805982873870865,11.860065822161573,-19.479599823025715,39.69555471772246,20.0,59.11550512020342,-105.87570323061622,-123.5304615505388,FLAT
2026-10-06T17:06:42.962868+00:00,1,PERP,OP|GATE|OKX,OP,GATE,OKX,-5.804246526875945,-0.9247790744976445,-0.290289995524813,5.962458151798477,-15.855405140704493,4.262166760145014,20.0,20.129243842963632,-61.694358988143314,-50.68170059863346,FLAT
2026-10-06T17:06:43.190445+00:00,1,PERP,OP|BITGET|GATE,OP,BITGET,GATE,-1.2419945996167137,0.07870690048528012,-1.8887216476843542,8.216904033574444,-12.848362663757662,10.373226529409862,21.999999999999996,23.224470284666207,-62.18411130073951,-63.48641846176042,FLAT
2026-10-06T17:06:43.590191+00:00,1,PERP,ICP|BITGET|HTX,ICP,BITGET,HTX,0.0,0.3096763161028497,-5.279664167768523,17.048976280171974,-17.48761294083412,17.497812773403787,21.999999999999996,34.98542274052482,-75.1933715135904,-85.76289968169712,FLAT
2026-10-06T17:06:44.285611+00:00,1,PERP,ICP|HTX|MEXC,ICP,HTX,MEXC,-4.373177842565967,-0.178374431209501,-1.1860504355050427,17.867624779235538,-20.37845705967878,11.678832116788218,26.0,32.071246382257875,-83.26365300643161,-76.93612893455114,FLAT
2026-10-06T17:06:44.730749+00:00,1,PERP,DOT|BITGET|HTX,DOT,BITGET,HTX,5.931584609526475,0.4315735423425647,1.1711935313424446,11.030312591325245,-19.479599823025715,31.363857161939013,21.999999999999996,50.81330789482986,-99.46410124919802,-109.00597152542643,FLAT
2026-10-06T17:06:45.164821+00:00,1,PERP,ICP|HTX|OKX,ICP,HTX,OKX,-5.151406130592395,-0.04569874665371072,-4.342587281281788,17.69892849446302,-21.932648051196104,11.678832116788218,20.0,33.62873227052564,-77.21879304043995,-75.65015166859564,FLAT
2026-10-06T17:06:45.551886+00:00,1,PERP,DOT|GATE|HTX,DOT,GATE,HTX,5.931584609526475,0.3921551863100635,1.2805982873870865,11.860065822161573,-19.479599823025715,31.363857161939013,20.0,50.81330789482986,-97.57350600524266,-106.89656676938179,FLAT
2026-10-06T17:06:55.811222+00:00,2,PERP,OP|GATE|OKX,OP,GATE,OKX,-5.014333431789808,-0.7922979610079217,-0.290289995524813,5.962458151798477,-15.690867151085808,5.679764505799323,20.0,21.381338537168524,-62.78191569272952,-53.35139303849266,FLAT
2026-10-06T17:06:56.040759+00:00,2,PERP,OP|BITGET|GATE,OP,BITGET,GATE,0.15409806870758658,0.2486118504055708,-1.8887216476843542,8.216904033574444,-11.8698883392232,12.187249100423792,21.999999999999996,24.056763238285797,-62.03792992982464,-66.13273398639394,FLAT
2026-10-06T17:06:56.451629+00:00,2,PERP,ICP|BITGET|HTX,ICP,BITGET,HTX,-4.486751058170313,0.04650796015948307,-5.279664167768523,17.048976280171974,-22.85627730847617,13.896768950436567,21.999999999999996,36.769538507356586,-82.34615164806424,-83.94597162556167,FLAT
2026-10-06T17:06:57.156054+00:00,2,PERP,ICP|HTX|MEXC,ICP,HTX,MEXC,-1.457725947521249,-0.015204903582479964,-1.1860504355050427,17.867624779235538,-17.467248908296096,14.598540145984717,26.0,32.070395900429084,-80.35159437322014,-79.85498648191884,FLAT
2026-10-06T17:06:57.625047+00:00,2,PERP,DOT|BITGET|HTX,DOT,BITGET,HTX,5.931584609526475,0.4315735423425647,1.1711935313424446,11.030312591325245,-19.479599823025715,31.363857161939013,21.999999999999996,50.81330789482986,-99.46410124919802,-109.00597152542643,FLAT
2026-10-06T17:06:58.075769+00:00,2,PERP,ICP|HTX|OKX,ICP,HTX,OKX,-0.7151061946242265,0.2049548416330623,-4.342587281281788,17.69892849446302,-17.467248908296096,16.085947884636465,20.0,33.5555250699496,-72.68018669696391,-79.98406023586786,FLAT
2026-10-06T17:06:58.458410+00:00,2,PERP,DOT|GATE|HTX,DOT,GATE,HTX,2.663997718830302,0.11664348682266269,1.2805982873870865,11.860065822161573,-25.99334883886528,31.363857161939013,20.0,57.341898621746125,-110.61584574799849,-113.42515749629806,FLAT
2026-10-06T17:26:33.915227+00:00,0,PERP,OP|GATE|OKX,OP,GATE,OKX,-2.3566482406578437,-0.3618712030904458,-0.20559029342832416,5.944263950430689,-11.992629556373258,7.2937747061452285,20.0,19.29093964454359,-57.07797890748853,-52.79030464411714,FLAT
2026-10-06T17:26:34.139754+00:00,0,PERP,OP|BITGET|GATE,OP,BITGET,GATE,-4.640839542342512,-0.3140185472703299,-2.0472144889607957,8.25946453140214,-18.439201663894565,9.175670124583757,21.999999999999996,27.627681426176725,-72.01966860111048,-66.85056603972127,FLAT
2026-10-06T17:26:34.595060+00:00,0,PERP,ICP|BITGET|HTX,ICP,BITGET,HTX,-1.5336027008594488,0.23028645764869865,-5.441598435427566,16.97015002301939,-19.884084854651096,16.830893424499838,21.999999999999996,36.72060441187918,-79.1630908311027,-86.99309627180658,FLAT
2026-10-06T17:26:35.414217+00:00,0,PERP,ICP|HTX|MEXC,ICP,HTX,MEXC,-7.271669575332762,-0.3626449731316699,-0.8623001117547145,17.673950939479646,-23.235550392101125,8.738712496361156,26.0,31.997462757751926,-86.37071303809833,-73.5984753658678,FLAT
2026-10-06T17:26:35.819305+00:00,0,PERP,DOT|BITGET|HTX,DOT,BITGET,HTX,6.275141757143832,0.45079276911505317,1.3440651498902567,10.938677248381163,-19.346541135529804,31.918069826346596,21.999999999999996,51.232453066854276,-99.92305935227434,-109.80645774331062,FLAT
2026-10-06T17:26:36.312839+00:00,0,PERP,ICP|HTX|OKX,ICP,HTX,OKX,-4.363001745197881,-0.010298338412504635,-4.180605798951082,17.711201452199965,-20.33110659308668,11.651616661814135,20.0,31.996615737683456,-74.14711653181905,-73.82883819844866,FLAT
2026-10-06T17:26:36.761417+00:00,0,PERP,DOT|GATE|HTX,DOT,GATE,HTX,6.275141757143832,0.41797428904546247,1.3383813211195286,11.811158163097776,-19.346541135529804,31.918069826346596,20.0,51.232453066854276,-97.91737552350361,-107.81214157208134,FLAT
2026-10-06T17:26:47.015862+00:00,1,PERP,OP|GATE|OKX,OP,GATE,OKX,-2.8785035010248095,-0.4496626041316386,-0.20559029342832416,5.944263950430689,-12.425950949320752,6.681763511360295,20.0,19.113207603403154,-57.33356825929558,-52.00056140819177,FLAT
2026-10-06T17:26:47.251926+00:00,1,PERP,OP|BITGET|GATE,OP,BITGET,GATE,-1.4704314601554636,0.06983298089269918,-2.0472144889607957,8.25946453140214,-13.096727694760224,10.16728133426792,21.999999999999996,23.267424741808462,-62.31693794760788,-63.48192056503717,FLAT
2026-10-06T17:26:47.741537+00:00,1,PERP,ICP|BITGET|HTX,ICP,BITGET,HTX,-1.2182553497985804,0.24886893043963518,-5.441598435427566,16.97015002301939,-19.254768052325844,16.830893424499838,21.999999999999996,36.0900537421719,-77.90322335907017,-86.36254560209929,FLAT
2026-10-06T17:26:48.400693+00:00,1,PERP,ICP|HTX|MEXC,ICP,HTX,MEXC,-7.271669575332762,-0.3626449731316699,-0.8623001117547145,17.673950939479646,-23.235550392101125,8.738712496361156,26.0,31.997462757751926,-86.37071303809833,-73.5984753658678,FLAT
2026-10-06T17:26:48.854197+00:00,1,PERP,DOT|BITGET|HTX,DOT,BITGET,HTX,6.275141757143832,0.45079276911505317,1.3440651498902567,10.938677248381163,-19.346541135529804,31.918069826346596,21.999999999999996,51.232453066854276,-99.92305935227434,-109.80645774331062,FLAT
2026-10-06T17:26:49.361049+00:00,1,PERP,ICP|HTX|OKX,ICP,HTX,OKX,-4.363001745197881,-0.010298338412504635,-4.180605798951082,17.711201452199965,-20.33110659308668,11.651616661814135,20.0,31.996615737683456,-74.14711653181905,-73.82883819844866,FLAT
2026-10-06T17:26:49.755166+00:00,1,PERP,DOT|GATE|HTX,DOT,GATE,HTX,6.275141757143832,0.41797428904546247,1.3383813211195286,11.811158163097776,-19.346541135529804,31.918069826346596,20.0,51.232453066854276,-97.91737552350361,-107.81214157208134,FLAT
2026-10-06T17:27:00.015117+00:00,2,PERP,OP|GATE|OKX,OP,GATE,OKX,-3.3415257326363523,-0.5275565596276752,-0.20559029342832416,5.944263950430689,-12.517558401298201,5.847341264222372,20.0,18.371029422992713,-56.68299753086259,-50.42396098064341,FLAT
2026-10-06T17:27:01.862475+00:00,2,PERP,OP|BITGET|GATE,OP,BITGET,GATE,-2.0097149755116117,0.004540186994763695,-2.0472144889607957,8.25946453140214,-12.283432126772853,8.271820834160337,21.999999999999996,20.55938183668431,-58.79559947449637,-58.878417159805444,FLAT
2026-10-06T17:27:02.871500+00:00,2,PERP,ICP|BITGET|HTX,ICP,BITGET,HTX,0.26265017509796706,0.33613424765178435,-5.441598435427566,16.97015002301939,-17.446932247746627,17.98346897555314,21.999999999999996,35.42946710422858,-75.43480091654764,-86.85453451520928,FLAT
2026-10-06T17:27:03.605975+00:00,2,PERP,ICP|HTX|MEXC,ICP,HTX,MEXC,-7.271669575332762,-0.3626449731316699,-0.8623001117547145,17.673950939479646,-23.235550392101125,8.738712496361156,26.0,31.997462757751926,-86.37071303809833,-73.5984753658678,FLAT
2026-10-06T17:27:04.070834+00:00,2,PERP,DOT|BITGET|HTX,DOT,BITGET,HTX,14.575660331808127,1.2096156492665546,1.3440651498902567,10.938677248381163,-11.07070908008656,40.24331303781992,21.999999999999996,51.239328585416935,-91.65410281539374,-118.13857647334659,FLAT
2026-10-06T17:27:04.512027+00:00,2,PERP,ICP|HTX|OKX,ICP,HTX,OKX,-4.363001745197881,-0.010298338412504635,-4.180605798951082,17.711201452199965,-20.33110659308668,11.651616661814135,20.0,31.996615737683456,-74.14711653181905,-73.82883819844866,FLAT
2026-10-06T17:27:04.972767+00:00,2,PERP,DOT|GATE|HTX,DOT,GATE,HTX,6.275141757143832,0.41797428904546247,1.3383813211195286,11.811158163097776,-19.346541135529804,31.918069826346596,20.0,51.232453066854276,-97.91737552350361,-107.81214157208134,FLAT
2026-10-06T17:47:10.569823+00:00,0,PERP,OP|GATE|OKX,OP,GATE,OKX,-4.017626772603311,-0.6300412625580764,-0.2689857660574206,5.949834128840642,-13.897329751825227,5.8770276231889795,20.0,19.782293857572316,-59.41063784334012,-51.92830724681871,FLAT
2026-10-06T17:47:10.822133+00:00,0,PERP,OP|BITGET|GATE,OP,BITGET,GATE,-2.810053772985821,-0.09513746696750912,-2.0260024202808617,8.241246878821407,-16.845850987465827,11.243967662450949,21.999999999999996,28.097702431810816,-70.91755099899578,-69.36767251454262,FLAT
2026-10-06T17:47:11.274525+00:00,0,PERP,ICP|BITGET|HTX,ICP,BITGET,HTX,9.233324684743138,0.8618875640186247,-5.401176756472716,16.97959461554502,-14.07109165454945,32.55591896797583,21.999999999999996,46.583991024273196,-83.25390592234993,-112.54108674872174,FLAT
2026-10-06T17:47:11.975722+00:00,0,PERP,ICP|HTX|MEXC,ICP,HTX,MEXC,-15.033796236086916,-0.793913372845539,-0.9834946046769549,17.69752483328372,-35.81095969846571,5.824111822947398,26.0,41.69760225569823,-108.52506734948699,-80.50520868332258,FLAT
2026-10-06T17:47:12.461875+00:00,0,PERP,DOT|BITGET|HTX,DOT,BITGET,HTX,5.546189019212111,0.3872045130350839,1.3095726873769975,10.941546880811385,-9.539260731392663,20.64409578860449,21.999999999999996,30.16662040095986,-69.01545381972952,-77.50114350218735,FLAT
2026-10-06T17:47:12.920766+00:00,0,PERP,ICP|HTX|OKX,ICP,HTX,OKX,-12.127387793715583,-0.4398702309051745,-4.342198497218511,17.698831949769687,-32.91017686285813,8.736167734419986,20.0,41.696755235629766,-96.26473360126938,-80.77512146726826,FLAT
2026-10-06T17:47:13.362596+00:00,0,PERP,DOT|GATE|HTX,DOT,GATE,HTX,5.546189019212111,0.3504684911915676,1.4189774434216393,11.776269991514075,-9.539260731392663,20.64409578860449,20.0,30.16662040095986,-67.12485857577416,-75.3917387461427,FLAT
2026-10-06T17:47:23.626255+00:00,1,PERP,OP|GATE|OKX,OP,GATE,OKX,-4.609120946991174,-0.7294548195714916,-0.2689857660574206,5.949834128840642,-14.649321765184409,5.446029115803164,20.0,20.104606216175554,-60.48494221530254,-51.81962109803614,FLAT
2026-10-06T17:47:23.882270+00:00,1,PERP,OP|BITGET|GATE,OP,BITGET,GATE,-3.370246962246526,-0.16311179142323018,-2.0260024202808617,8.241246878821407,-17.647422148141523,10.926508851827332,21.999999999999996,28.583550944683516,-72.20497067254416,-69.5360622167917,FLAT
2026-10-06T17:47:24.322074+00:00,1,PERP,ICP|BITGET|HTX,ICP,BITGET,HTX,11.796983987473197,1.0128722818977545,-5.401176756472716,16.97959461554502,-11.164419080859078,34.77469120499066,21.999999999999996,45.88497406894457,-79.64821639333094,-114.06084203040794,FLAT
2026-10-06T17:47:25.021900+00:00,1,PERP,ICP|HTX|MEXC,ICP,HTX,MEXC,-17.94020467845825,-0.9581402051144929,-0.9834946046769549,17.69752483328372,-38.711742534066616,2.912055911470368,26.0,41.69844976900109,-111.42669769839074,-77.59400028514841,FLAT
2026-10-06T17:47:25.479449+00:00,1,PERP,DOT|BITGET|HTX,DOT,BITGET,HTX,1.5004638807147863,0.017446453907953553,1.3095726873769975,10.941546880811385,-17.62737295134098,20.64409578860449,21.999999999999996,38.26572058797448,-85.20266622669246,-85.60024368920196,FLAT
2026-10-06T17:47:25.968450+00:00,1,PERP,ICP|HTX|OKX,ICP,HTX,OKX,-15.033796236086916,-0.604084934486738,-4.342198497218511,17.698831949769687,-35.81095969846571,5.824111822947398,20.0,41.69760225569823,-99.16636345694542,-77.86391257586413,FLAT
2026-10-06T17:47:26.400013+00:00,1,PERP,DOT|GATE|HTX,DOT,GATE,HTX,1.5004638807147863,0.006919545607553641,1.4189774434216393,11.776269991514075,-17.62737295134098,20.64409578860449,20.0,38.26572058797448,-83.31207098273708,-83.49083893315732,FLAT
2026-10-06T17:47:36.670931+00:00,2,PERP,OP|GATE|OKX,OP,GATE,OKX,-4.682098727224471,-0.7417203346519122,-0.2689857660574206,5.949834128840642,-13.525506069100857,4.173159506604129,20.0,17.706948208406082,-56.96346851144952,-48.14909348106763,FLAT
2026-10-06T17:47:36.918932+00:00,2,PERP,OP|BITGET|GATE,OP,BITGET,GATE,-1.572088221902801,0.05507834009250985,-2.0260024202808617,8.241246878821407,-12.066097596233893,8.929907460935027,21.999999999999996,20.99930329513158,-59.03939847108461,-59.95521317634746,FLAT
2026-10-06T17:47:37.354717+00:00,2,PERP,ICP|BITGET|HTX,ICP,BITGET,HTX,7.279442595131691,0.7468152001694521,-5.401176756472716,16.97959461554502,-11.176394355543184,25.749703902155918,21.999999999999996,36.89923203900192,-70.67444963807239,-96.05011269763055,FLAT
2026-10-06T17:47:38.067522+00:00,2,PERP,ICP|HTX|MEXC,ICP,HTX,MEXC,-13.089005235600304,-0.6840228079893143,-0.9834946046769549,17.69752483328372,-29.044437990125573,2.912904165455199,26.0,31.999158278041083,-92.06010166348969,-67.89555704817323,FLAT
2026-10-06T17:47:38.527340+00:00,2,PERP,DOT|BITGET|HTX,DOT,BITGET,HTX,1.5004638807147863,0.017446453907953553,1.3095726873769975,10.941546880811385,-17.62737295134098,20.64409578860449,21.999999999999996,38.26572058797448,-85.20266622669246,-85.60024368920196,FLAT
2026-10-06T17:47:39.017165+00:00,2,PERP,ICP|HTX|OKX,ICP,HTX,OKX,-8.716015105094677,-0.24712459106280638,-4.342198497218511,17.698831949769687,-26.120046431205026,8.738712496361156,20.0,34.88909458579437,-82.66694251978089,-73.97000557937403,FLAT
2026-10-06T17:47:39.450187+00:00,2,PERP,DOT|GATE|HTX,DOT,GATE,HTX,1.5004638807147863,0.006919545607553641,1.4189774434216393,11.776269991514075,-17.62737295134098,20.64409578860449,20.0,38.26572058797448,-83.31207098273708,-83.49083893315732,FLAT
2026-10-06T18:01:55.081861+00:00,0,PERP,OP|GATE|OKX,OP,GATE,OKX,-5.780888952663377,-0.9309954564898221,-0.1215678259864566,6.078784904079486,-14.446844582689522,2.8965580177153782,20.0,17.35342680984118,-57.67870356654424,-46.37155265354302,FLAT
2026-10-06T18:01:55.341476+00:00,0,PERP,OP|BITGET|GATE,OP,BITGET,GATE,1.4109329018063832,0.3868329918464178,-1.7246205280813571,8.105703225883671,-12.061612431168989,14.901877763022764,21.999999999999996,26.95967380951678,-65.29666571260441,-71.5861721006209,FLAT
2026-10-06T18:01:55.858684+00:00,0,PERP,ICP|BITGET|HTX,ICP,BITGET,HTX,-2.6728786222562917,0.1822618403775631,-5.733447605301839,16.792154499841818,-14.045421925753532,8.705745792223496,21.999999999999996,22.757248828961007,-59.06922314941269,-65.19644222648634,FLAT
2026-10-06T18:01:56.558131+00:00,0,PERP,ICP|HTX|MEXC,ICP,HTX,MEXC,-4.352872896112858,-0.20029758215038218,-0.816277563306455,17.656705062725866,-14.496955639317077,5.808887598024448,26.0,20.314670565430248,-65.99534864144087,-58.93983572676115,FLAT
2026-10-06T18:01:57.007963+00:00,0,PERP,DOT|BITGET|HTX,DOT,BITGET,HTX,5.403336778360135,0.37687098127344193,1.1629901583998852,11.251454292480085,-12.946480002290484,23.768182073982125,21.999999999999996,36.69482847298295,-78.80429863367331,-87.30002038856519,FLAT
2026-10-06T18:01:57.524054+00:00,0,PERP,ICP|HTX|OKX,ICP,HTX,OKX,-4.352872896112858,-0.0172782529043463,-4.048408776458299,17.621232964935494,-14.496955639317077,5.808887598024448,20.0,20.314670565430248,-56.763217428289025,-56.17196693991299,FLAT
2026-10-06T18:01:57.950022+00:00,0,PERP,DOT|GATE|HTX,DOT,GATE,HTX,3.9712907926992003,0.2316692721714326,1.0455652971370601,12.628888881720735,-15.803740900437457,23.768182073982125,20.0,39.55620198107971,-82.40550817865423,-88.27881875792477,FLAT
2026-10-06T18:02:08.281371+00:00,1,PERP,OP|GATE|OKX,OP,GATE,OKX,-5.440866206514183,-0.8750594838382806,-0.1215678259864566,6.078784904079486,-14.745798655565467,3.8772791119856542,20.0,18.63320647150691,-59.25743730108592,-48.63205340947902,FLAT
2026-10-06T18:02:08.552667+00:00,1,PERP,OP|BITGET|GATE,OP,BITGET,GATE,-3.6674512650070046,-0.23968688253002787,-1.7246205280813571,8.105703225883671,-17.608998477893767,10.291994571050012,21.999999999999996,27.911217870019023,-71.79559581983142,-67.92783296915039,FLAT
2026-10-06T18:02:09.001920+00:00,1,PERP,ICP|BITGET|HTX,ICP,BITGET,HTX,-2.6690787973948638,0.1824881261029275,-5.733447605301839,16.792154499841818,-14.037832946636186,8.705745792223496,21.999999999999996,22.74964917923902,-59.05403452057336,-65.18884257676434,FLAT
2026-10-06T18:02:09.738418+00:00,1,PERP,ICP|HTX|MEXC,ICP,HTX,MEXC,-7.254788160185877,-0.3646496089732744,-0.816277563306455,17.656705062725866,-17.39634676718005,2.904443799012224,26.0,20.31551365501381,-68.89558285888741,-56.03623501733249,FLAT
2026-10-06T18:02:10.190393+00:00,1,PERP,DOT|BITGET|HTX,DOT,BITGET,HTX,10.642867314285542,0.8425468307880464,1.1629901583998852,11.251454292480085,-12.946480002290484,34.25153432563333,21.999999999999996,47.147827612395865,-89.25729777308622,-108.23637177962931,FLAT
2026-10-06T18:02:10.724374+00:00,1,PERP,ICP|HTX|OKX,ICP,HTX,OKX,-4.352872896112858,-0.0172782529043463,-4.048408776458299,17.621232964935494,-14.496955639317077,5.808887598024448,20.0,20.314670565430248,-56.763217428289025,-56.17196693991299,FLAT
2026-10-06T18:02:11.158885+00:00,1,PERP,DOT|GATE|HTX,DOT,GATE,HTX,10.642867314285542,0.7599482509533977,1.0455652971370601,12.628888881720735,-12.946480002290484,34.25153432563333,20.0,47.147827612395865,-87.13987291182342,-106.35379664089214,FLAT
2026-10-06T18:02:21.429865+00:00,2,PERP,OP|GATE|OKX,OP,GATE,OKX,-5.158576229972178,-0.8286209305753481,-0.1215678259864566,6.078784904079486,-14.58600282440714,4.282054234210353,20.0,18.877786068396034,-59.34222106681672,-49.281408128592844,FLAT
2026-10-06T18:02:21.678645+00:00,2,PERP,OP|BITGET|GATE,OP,BITGET,GATE,-2.7325170291703227,-0.12434411586529388,-1.7246205280813571,8.105703225883671,-15.747497618198159,10.298209233414735,21.999999999999996,26.052816309143207,-68.07569339926,-66.0756460706393,FLAT
2026-10-06T18:02:22.112360+00:00,2,PERP,ICP|BITGET|HTX,ICP,BITGET,HTX,-2.4399571084066096,0.19613269380806697,-5.733447605301839,16.792154499841818,-13.576991243839931,8.705745792223496,21.999999999999996,22.28817188195312,-58.13171552049121,-64.72736527947845,FLAT
2026-10-06T18:02:22.812118+00:00,2,PERP,ICP|HTX|MEXC,ICP,HTX,MEXC,-2.9014942695493318,-0.11809772541564774,-0.816277563306455,17.656705062725866,-11.597564511454106,5.807200929150991,26.0,17.40980772853128,-60.19109467667893,-56.03328622098872,FLAT
2026-10-06T18:02:23.268965+00:00,2,PERP,DOT|BITGET|HTX,DOT,BITGET,HTX,5.829290377019625,0.41472862950156264,1.1629901583998852,11.251454292480085,-25.082579216275658,36.76649756834127,21.999999999999996,61.81303379230317,-116.05860316697871,-125.41654120224456,FLAT
2026-10-06T18:02:23.772265+00:00,2,PERP,ICP|HTX|OKX,ICP,HTX,OKX,-2.8969181609928008,0.06534676760456264,-4.048408776458299,17.621232964935494,-14.486970126287302,8.713331397036672,20.0,23.2070068197651,-59.6455681695941,-61.96874699326007,FLAT
2026-10-06T18:02:24.208102+00:00,2,PERP,DOT|GATE|HTX,DOT,GATE,HTX,7.832490226198363,0.537412672850801,1.0455652971370601,12.628888881720735,-21.073429345449533,36.76649756834127,20.0,57.794645674291,-105.91364031687758,-119.51557794549521,FLAT
2026-10-06T18:26:22.468430+00:00,0,PERP,OP|GATE|OKX,OP,GATE,OKX,-4.667323719148575,-0.7386139358053881,-0.15324988289282404,6.111547071385247,-12.969390437623796,3.6451341550081118,20.0,16.622276248153184,-55.438416802884156,-46.42066028605412,FLAT
2026-10-06T18:26:22.714366+00:00,0,PERP,OP|BITGET|GATE,OP,BITGET,GATE,-2.461843969139288,-0.06915451719425943,-1.9034925819534025,8.073968409286135,-12.277555028100684,7.361308872280148,21.999999999999996,19.643697052167877,-58.01775949831516,-56.90849850640142,FLAT
2026-10-06T18:26:23.181860+00:00,0,PERP,ICP|BITGET|HTX,ICP,BITGET,HTX,-1.7940423267082117,0.2346147095177473,-5.733718105449552,16.79210901498623,-21.0937707117842,17.518248175183437,21.999999999999996,38.618943201853405,-81.97899580818805,-89.87090948248638,FLAT
2026-10-06T18:26:23.898334+00:00,0,PERP,ICP|HTX|MEXC,ICP,HTX,MEXC,-2.91928185666257,-0.12373713581734981,-0.7356921911631941,17.64700347293156,-20.402215097639065,14.619883040936088,26.0,35.03223474947491,-86.69875765595077,-82.3878099815742,FLAT
2026-10-06T18:26:24.350517+00:00,0,PERP,DOT|BITGET|HTX,DOT,BITGET,HTX,16.63699525043416,1.3891856798846955,1.4475516881546882,10.934062870227844,-4.790342502007938,38.08198319872336,21.999999999999996,42.80111024749664,-77.03900443765926,-107.43554175806531,FLAT
2026-10-06T18:26:24.866100+00:00,0,PERP,ICP|HTX|OKX,ICP,HTX,OKX,-2.91928185666257,0.059487348299393616,-3.967823404315038,17.626294962338342,-20.402215097639065,14.619883040936088,20.0,35.03223474947491,-77.46662644279894,-79.61994119472604,FLAT
2026-10-06T18:26:25.299123+00:00,0,PERP,DOT|GATE|HTX,DOT,GATE,HTX,8.396240832295732,0.5811747596851311,1.55695644419933,11.768034096666188,-13.010087286133842,29.820187327778136,20.0,42.79433621122424,-83.36137994155742,-97.05756709480306,FLAT
2026-10-06T18:26:35.614056+00:00,1,PERP,OP|GATE|OKX,OP,GATE,OKX,-5.897006842957575,-0.9398204567477654,-0.15324988289282404,6.111547071385247,-14.865206737944003,3.084245218156756,20.0,17.960033509106896,-58.67199036415807,-47.197528610156475,FLAT
2026-10-06T18:26:35.859257+00:00,1,PERP,OP|BITGET|GATE,OP,BITGET,GATE,-2.1741558817744977,-0.033522957497554295,-1.9034925819534025,8.073968409286135,-13.228500113995345,8.888569202785135,21.999999999999996,22.12187578164673,-61.446883313688666,-60.91393756638526,FLAT
2026-10-06T18:26:36.763572+00:00,1,PERP,ICP|BITGET|HTX,ICP,BITGET,HTX,-0.42099073894741323,0.3163823770891887,-5.733718105449552,16.79210901498623,-19.96307615990567,19.134754234815254,21.999999999999996,39.09947167404961,-81.32882972850572,-91.96794401431441,FLAT
2026-10-06T18:26:37.457621+00:00,1,PERP,ICP|HTX|MEXC,ICP,HTX,MEXC,-5.8385637133273605,-0.28916362656081385,-0.7356921911631941,17.64700347293156,-23.31681725444623,11.695906432749315,26.0,35.03308771700247,-89.61421278028551,-79.46468634091498,FLAT
2026-10-06T18:26:37.932814+00:00,1,PERP,DOT|BITGET|HTX,DOT,BITGET,HTX,16.63699525043416,1.3891856798846955,1.4475516881546882,10.934062870227844,-4.790342502007938,38.08198319872336,21.999999999999996,42.80111024749664,-77.03900443765926,-107.43554175806531,FLAT
2026-10-06T18:26:38.416286+00:00,1,PERP,ICP|HTX|OKX,ICP,HTX,OKX,-2.91928185666257,0.059487348299393616,-3.967823404315038,17.626294962338342,-20.402215097639065,14.619883040936088,20.0,35.03223474947491,-77.46662644279894,-79.61994119472604,FLAT
2026-10-06T18:26:38.874579+00:00,1,PERP,DOT|GATE|HTX,DOT,GATE,HTX,8.396240832295732,0.5811747596851311,1.55695644419933,11.768034096666188,-13.010087286133842,29.820187327778136,20.0,42.79433621122424,-83.36137994155742,-97.05756709480306,FLAT
2026-10-06T18:26:49.170284+00:00,2,PERP,OP|GATE|OKX,OP,GATE,OKX,-5.666362536200786,-0.9020813533648129,-0.15324988289282404,6.111547071385247,-14.749181413288293,3.4286118993587245,20.0,18.188091216046672,-58.78402274644214,-47.76995299829822,FLAT
2026-10-06T18:26:49.421492+00:00,2,PERP,OP|BITGET|GATE,OP,BITGET,GATE,-0.07616759819084606,0.2263230286683919,-1.9034925819534025,8.073968409286135,-12.594917152388696,12.456935538482927,21.999999999999996,25.05203528225155,-63.74345985268684,-67.41246340268788,FLAT
2026-10-06T18:26:49.896583+00:00,2,PERP,ICP|BITGET|HTX,ICP,BITGET,HTX,0.6486645142911307,0.3800822525654569,-5.733718105449552,16.79210901498623,-9.895869387754885,11.20006612197244,21.999999999999996,21.094564944398314,-53.256716226703645,-66.02834917182031,FLAT
2026-10-06T18:26:50.589655+00:00,2,PERP,ICP|HTX|MEXC,ICP,HTX,MEXC,-5.83345486364184,-0.2888741241706003,-0.7356921911631941,17.64700347293156,-14.573010784029172,2.9188558085246896,26.0,17.502067043831463,-63.339385636697436,-53.156615043519345,FLAT
2026-10-06T18:26:51.032254+00:00,2,PERP,DOT|BITGET|HTX,DOT,BITGET,HTX,16.63699525043416,1.3891856798846955,1.4475516881546882,10.934062870227844,-4.790342502007938,38.08198319872336,21.999999999999996,42.80111024749664,-77.03900443765926,-107.43554175806531,FLAT
2026-10-06T18:26:51.518107+00:00,2,PERP,ICP|HTX|OKX,ICP,HTX,OKX,-5.83345486364184,-0.10584365366136501,-3.967823404315038,17.626294962338342,-14.573010784029172,2.9188558085246896,20.0,17.502067043831463,-54.1072544235456,-50.38874625667118,FLAT
2026-10-06T18:26:51.945294+00:00,2,PERP,DOT|GATE|HTX,DOT,GATE,HTX,16.63699525043416,1.2814407812182422,1.55695644419933,11.768034096666188,-4.790342502007938,38.08198319872336,20.0,42.80111024749664,-75.14840919370391,-105.32613700202066,FLAT
2026-10-06T19:08:07.815664+00:00,0,PERP,OP|GATE|OKX,OP,GATE,OKX,-5.717706508192588,-0.8970011254055128,-0.2162408868894911,6.133175829423866,-14.038095803245998,2.6128115628187842,20.0,16.660427147984528,-56.482282064341035,-45.48947959769281,FLAT
2026-10-06T19:08:08.336647+00:00,0,PERP,OP|BITGET|GATE,OP,BITGET,GATE,-4.1633716568567625,-0.2960498044551182,-1.7899906490947508,8.016830182104787,-14.030723870788187,5.711467167253126,21.999999999999996,19.750411029127427,-59.99114425082085,-55.2518688454753,FLAT
2026-10-06T19:08:08.947656+00:00,0,PERP,ICP|BITGET|HTX,ICP,BITGET,HTX,7.297139521307283,0.7871223741716373,-5.981615013927975,16.870000105396237,-11.672016340824598,26.277372262775156,21.999999999999996,37.92171336708617,-71.61211469398279,-98.1807006437893,FLAT
2026-10-06T19:08:09.796745+00:00,0,PERP,ICP|HTX|MEXC,ICP,HTX,MEXC,-14.583637159107932,-0.7898011781450617,-0.6886098775612772,17.593069833322755,-32.0326150262118,2.9214139643607417,26.0,35.00498904374565,-98.34899419239618,-70.61501288566767,FLAT
2026-10-06T19:08:10.460491+00:00,0,PERP,DOT|BITGET|HTX,DOT,BITGET,HTX,21.347721229501015,1.8195053033014084,1.5643212130578135,10.8729554019695,-4.851194446049423,47.56818206596458,21.999999999999996,52.307702631233695,-86.72321829034094,-126.31156348414046,FLAT
2026-10-06T19:08:11.124625+00:00,0,PERP,ICP|HTX|OKX,ICP,HTX,OKX,-11.666909727285901,-0.4470799954072604,-3.83707308535839,17.513278881545677,-29.120559114736988,5.842827928719263,20.0,35.00413607621809,-86.28762210559668,-70.68403709029575,FLAT
2026-10-06T19:08:11.714785+00:00,0,PERP,DOT|GATE|HTX,DOT,GATE,HTX,15.768869312102751,1.2076673373452997,1.5570126170950012,11.768022745608341,-18.861684185566,50.437800617177956,20.0,69.19035817767463,-115.60905498033563,-144.07114617775758,FLAT
2026-10-06T19:08:22.215534+00:00,1,PERP,OP|GATE|OKX,OP,GATE,OKX,-5.838847415402526,-0.9167528675011438,-0.2162408868894911,6.133175829423866,-15.160901792943271,3.4965891942251304,20.0,18.66838157180493,-59.61304247785871,-48.38121165291955,FLAT
2026-10-06T19:08:22.703579+00:00,1,PERP,OP|BITGET|GATE,OP,BITGET,GATE,-1.5187819279272041,0.033829919682337825,-1.7899906490947508,8.016830182104787,-15.360590878024105,12.341935952393523,21.999999999999996,27.706721970599464,-69.27732219952881,-69.83864857208773,FLAT
2026-10-06T19:08:23.336739+00:00,1,PERP,ICP|BITGET|HTX,ICP,BITGET,HTX,8.761682242992563,0.8739358129704204,-5.981615013927975,16.870000105396237,-8.759124087590608,26.292725679228912,21.999999999999996,35.021162347384326,-65.79867142104695,-95.2955030405412,FLAT
2026-10-06T19:08:24.145057+00:00,1,PERP,ICP|HTX|MEXC,ICP,HTX,MEXC,-13.131018383426563,-0.7072335086340825,-0.6886098775612772,17.593069833322755,-29.13752913752843,2.922267679716928,26.0,32.101881611733546,-92.5508008717007,-67.71275916901175,FLAT
2026-10-06T19:08:24.763935+00:00,1,PERP,DOT|BITGET|HTX,DOT,BITGET,HTX,23.473703282685943,2.0150346671760944,1.5643212130578135,10.8729554019695,-4.065563823812957,51.035636452649854,21.999999999999996,54.97215095666353,-88.6020359935343,-132.44346619625557,FLAT
2026-10-06T19:08:25.438105+00:00,1,PERP,ICP|HTX|OKX,ICP,HTX,OKX,-13.131018383426563,-0.5306799121357858,-3.83707308535839,17.513278881545677,-29.13752913752843,2.922267679716928,20.0,32.101881611733546,-83.40233766390358,-64.86122237680887,FLAT
2026-10-06T19:08:26.050080+00:00,1,PERP,DOT|GATE|HTX,DOT,GATE,HTX,23.473703282685943,1.8623936356487703,1.5570126170950012,11.768022745608341,-4.065563823812957,51.035636452649854,20.0,54.97215095666353,-86.5947273975715,-130.4507747922184,FLAT
2026-10-06T19:08:36.566712+00:00,2,PERP,OP|GATE|OKX,OP,GATE,OKX,-6.06065003203482,-0.9529172663054627,-0.2162408868894911,6.133175829423866,-14.342028215007518,2.231419145128921,20.0,16.58349113733006,-56.70927846544809,-45.03115116934847,FLAT
2026-10-06T19:08:37.061359+00:00,2,PERP,OP|BITGET|GATE,OP,BITGET,GATE,-1.3639089973893626,0.05314839431880322,-1.7899906490947508,8.016830182104787,-14.40191924529266,11.691316826294429,21.999999999999996,26.096784077099255,-66.70871267329716,-67.57809155248843,FLAT
2026-10-06T19:08:37.635296+00:00,2,PERP,ICP|BITGET|HTX,ICP,BITGET,HTX,8.761682242992563,0.8739358129704204,-5.981615013927975,16.870000105396237,-8.759124087590608,26.292725679228912,21.999999999999996,35.021162347384326,-65.79867142104695,-95.2955030405412,FLAT
2026-10-06T19:08:38.522317+00:00,2,PERP,ICP|HTX|MEXC,ICP,HTX,MEXC,-13.131018383426563,-0.7072335086340825,-0.6886098775612772,17.593069833322755,-29.13752913752843,2.922267679716928,26.0,32.101881611733546,-92.5508008717007,-67.71275916901175,FLAT
2026-10-06T19:08:39.115487+00:00,2,PERP,DOT|BITGET|HTX,DOT,BITGET,HTX,23.473703282685943,2.0150346671760944,1.5643212130578135,10.8729554019695,-4.065563823812957,51.035636452649854,21.999999999999996,54.97215095666353,-88.6020359935343,-132.44346619625557,FLAT
2026-10-06T19:08:39.769465+00:00,2,PERP,ICP|HTX|OKX,ICP,HTX,OKX,-7.299270072992359,-0.19768982216586528,-3.83707308535839,17.513278881545677,-29.13752913752843,14.628437682853157,20.0,43.797753168435484,-95.09820922060553,-88.26326393664704,FLAT
2026-10-06T19:08:40.351678+00:00,2,PERP,DOT|GATE|HTX,DOT,GATE,HTX,23.473703282685943,1.8623936356487703,1.5570126170950012,11.768022745608341,-4.065563823812957,51.035636452649854,20.0,54.97215095666353,-86.5947273975715,-130.4507747922184,FLAT
2026-10-06T19:29:00.114888+00:00,0,PERP,OP|GATE|OKX,OP,GATE,OKX,-7.288706282059243,-1.1439110151385032,-0.23759838493760277,6.164035317264518,-17.749150244812384,3.1888622710440906,20.0,20.953270733756046,-64.46482259363083,-50.379731389737735,FLAT
2026-10-06T19:29:00.368565+00:00,0,PERP,OP|BITGET|GATE,OP,BITGET,GATE,-2.9649725886549128,-0.16132766123089204,-1.6633760568030471,8.068030751335455,-14.836442386771953,8.9155249431494,21.999999999999996,23.759008379484733,-64.93207470945363,-62.33790937943717,FLAT
2026-10-06T19:29:00.814379+00:00,0,PERP,ICP|BITGET|HTX,ICP,BITGET,HTX,8.823529411763342,0.8445306508928637,-5.494250100966087,16.953534484026406,-11.761246692150173,29.420417769931984,21.999999999999996,41.14535617361912,-75.4123527648032,-104.06002404451719,FLAT
2026-10-06T19:29:01.529344+00:00,0,PERP,ICP|HTX|MEXC,ICP,HTX,MEXC,-13.22362621216322,-0.7020315766709758,-0.8117645042117174,17.679919423009974,-32.26752713405556,5.887547836327389,26.0,38.20547785359937,-101.66124048344322,-76.90479019413849,FLAT
2026-10-06T19:29:01.986050+00:00,0,PERP,DOT|BITGET|HTX,DOT,BITGET,HTX,9.529273802866278,0.7382220969415786,1.4727209565770782,10.91345393163811,-12.388552837306888,31.46516954991352,21.999999999999996,43.81196532084408,-85.67323911472805,-101.80441391418051,FLAT
2026-10-06T19:29:03.081519+00:00,0,PERP,ICP|HTX|OKX,ICP,HTX,OKX,-14.692918013516909,-0.6032863632232952,-4.041807088742395,17.655149484677153,-35.200938691699605,5.887547836327389,20.0,41.148818417848446,-98.30795002080566,-77.07817334291823,FLAT
2026-10-06T19:29:03.521707+00:00,0,PERP,DOT|GATE|HTX,DOT,GATE,HTX,9.641437097924754,0.6925668411169521,1.4654123606142662,11.805394442685746,-12.388552837306888,31.690082944730857,20.0,44.03617068910615,-83.8901358870273,-100.26084127322274,FLAT
2026-10-06T19:29:13.823753+00:00,1,PERP,OP|GATE|OKX,OP,GATE,OKX,-5.587893934424493,-0.8679858686892225,-0.23759838493760277,6.164035317264518,-14.576974807386511,3.4139803962096593,20.0,18.00100487670018,-58.34038129914909,-47.652583657847444,FLAT
2026-10-06T19:29:14.080225+00:00,1,PERP,OP|BITGET|GATE,OP,BITGET,GATE,-0.8330157306635222,0.10291982662585665,-1.6633760568030471,8.068030751335455,-11.739847133008796,10.082109840048314,21.999999999999996,21.823771775097352,-59.9002428513031,-61.56925767194871,FLAT
2026-10-06T19:29:14.568155+00:00,1,PERP,ICP|BITGET|HTX,ICP,BITGET,HTX,5.649950261472636,0.6573378768267333,-5.494250100966087,16.953534484026406,-14.697236919460899,26.00816741176404,21.999999999999996,40.68241597974758,-77.88540279824238,-100.18483349247771,FLAT
2026-10-06T19:29:15.264920+00:00,1,PERP,ICP|HTX|MEXC,ICP,HTX,MEXC,-10.285042609461392,-0.5358213393733254,-0.8117645042117174,17.679919423009974,-29.334115576414852,8.831321754489974,26.0,38.20461229259888,-98.72696336480202,-79.84769855130057,FLAT
2026-10-06T19:29:15.736922+00:00,1,PERP,DOT|BITGET|HTX,DOT,BITGET,HTX,9.914263289150238,0.7734986911981296,1.4727209565770782,10.91345393163811,-12.388552837306888,32.23546590870319,21.999999999999996,44.57981356928849,-86.44108736317246,-103.3425585214146,FLAT
2026-10-06T19:29:16.270410+00:00,1,PERP,ICP|HTX|OKX,ICP,HTX,OKX,-12.888076463648535,-0.5010588770479564,-4.041807088742395,17.655149484677153,-32.26752713405556,6.55983267247473,20.0,38.87734452286724,-93.10306456818041,-75.47898428408438,FLAT
2026-10-06T19:29:16.696092+00:00,1,PERP,DOT|GATE|HTX,DOT,GATE,HTX,9.914263289150238,0.7156771397647468,1.4654123606142662,11.805394442685746,-12.388552837306888,32.23546590870319,20.0,44.57981356928849,-84.43377876720965,-101.34986711737741,FLAT
2026-10-06T19:29:26.969740+00:00,2,PERP,OP|GATE|OKX,OP,GATE,OKX,-5.889979267635903,-0.9169935913356706,-0.23759838493760277,6.164035317264518,-15.107136052280312,3.3401437083258045,20.0,18.458142454589783,-59.327680121932495,-48.03588454785319,FLAT
2026-10-06T19:29:27.223131+00:00,2,PERP,OP|BITGET|GATE,OP,BITGET,GATE,-0.23374593281721978,0.17719691062768805,-1.6633760568030471,8.068030751335455,-13.638091450273171,13.187922871984448,21.999999999999996,26.826630197063825,-66.80134559053394,-69.67792912585132,FLAT
2026-10-06T19:29:27.610495+00:00,2,PERP,ICP|BITGET|HTX,ICP,BITGET,HTX,9.867418100770742,0.9061041646631603,-5.494250100966087,16.953534484026406,-9.603502873900549,29.351335485763297,21.999999999999996,38.916433551616905,-71.02568632455137,-101.76201913834629,FLAT
2026-10-06T19:29:28.258220+00:00,2,PERP,ICP|HTX|MEXC,ICP,HTX,MEXC,-14.65630954125774,-0.7830660709362561,-0.8117645042117174,17.679919423009974,-32.191981270118795,2.9359953024088448,26.0,35.1794453530152,-98.55966211892228,-70.92720515963576,FLAT
2026-10-06T19:29:28.658859+00:00,2,PERP,DOT|BITGET|HTX,DOT,BITGET,HTX,9.174413989336827,0.7057062851965258,1.4727209565770782,10.91345393163811,-12.388552837306888,30.755157375605968,21.999999999999996,43.10415734999366,-84.96543114387762,-100.38659376902254,FLAT
2026-10-06T19:29:29.075998+00:00,2,PERP,ICP|HTX|OKX,ICP,HTX,OKX,-17.27015947698085,-0.749263120072662,-4.041807088742395,17.655149484677153,-35.118525021948784,0.635849057124549,20.0,35.81613618576717,-92.89285411897356,-66.49379233163411,FLAT
2026-10-06T19:29:29.455861+00:00,2,PERP,DOT|GATE|HTX,DOT,GATE,HTX,9.174413989336827,0.6530066967392876,1.4654123606142662,11.805394442685746,-12.388552837306888,30.755157375605968,20.0,43.10415734999366,-82.95812254791483,-98.39390236498537,FLAT
2026-10-06T19:48:11.456145+00:00,0,PERP,OP|GATE|OKX,OP,GATE,OKX,-5.909940085415677,-0.9319227633496906,-0.2061812437927388,6.120420131300822,-14.837425060867382,3.029644993408631,20.0,17.8776274304286,-58.50887124750325,-47.113453667629976,FLAT
2026-10-06T19:48:11.845081+00:00,0,PERP,OP|BITGET|GATE,OP,BITGET,GATE,-4.091674755933861,-0.288442706416612,-1.7796051409574452,8.015697965463476,-15.267572127355411,7.0927408299503725,21.999999999999996,22.369462568802536,-63.8574295552005,-59.24180853971035,FLAT
2026-10-06T19:48:12.284743+00:00,0,PERP,ICP|BITGET|HTX,ICP,BITGET,HTX,4.638823534270919,0.5842710165778824,-5.370737077270873,17.131708278409075,-5.431418352940254,14.71453796350719,21.999999999999996,20.136613810056925,-48.1972950857263,-68.22188885083499,FLAT
2026-10-06T19:48:12.971383+00:00,0,PERP,ICP|HTX|MEXC,ICP,HTX,MEXC,-5.88148801646704,-0.30476812783523616,-0.5261526574457264,17.571835339410942,-14.692918013516909,2.9429075927023263,26.0,17.64619466232617,-63.81296001839735,-53.11525491247422,FLAT
2026-10-06T19:48:13.435539+00:00,0,PERP,DOT|BITGET|HTX,DOT,BITGET,HTX,14.072027983837998,1.1448308751840448,1.6215242150713503,10.875408795002219,-4.794410331242505,32.95401983421486,21.999999999999996,37.695378714500244,-72.11131326081409,-97.02787433364375,FLAT
2026-10-06T19:48:13.959364+00:00,0,PERP,ICP|HTX|OKX,ICP,HTX,OKX,-8.822232024702226,-0.2916620573367066,-3.715489581808149,17.509107936513814,-17.631501616223176,0.0,20.0,17.647060732857454,-57.56307276727248,-47.362550314665604,FLAT
2026-10-06T19:48:14.356730+00:00,0,PERP,DOT|GATE|HTX,DOT,GATE,HTX,14.072027983837998,1.0584085203471447,1.6142156191085382,11.770325092095304,-4.794410331242505,32.95401983421486,20.0,37.695378714500244,-70.10400466485129,-95.03518292960656,FLAT
2026-10-06T19:48:24.759706+00:00,1,PERP,OP|GATE|OKX,OP,GATE,OKX,-4.3454125860376,-0.6762985634068094,-0.2061812437927388,6.120420131300822,-11.61873266341873,2.9358587924144253,20.0,14.56091443005162,-51.97346584967761,-43.70295446625878,FLAT
2026-10-06T19:48:25.116404+00:00,1,PERP,OP|BITGET|GATE,OP,BITGET,GATE,-2.9607558461630656,-0.14735469204238225,-1.7796051409574452,8.015697965463476,-14.70325193249633,8.79652224329952,21.999999999999996,23.506724644751014,-64.4303714362899,-62.082852029007974,FLAT
2026-10-06T19:48:25.534325+00:00,1,PERP,ICP|BITGET|HTX,ICP,BITGET,HTX,6.783793614737466,0.7094756981898049,-5.370737077270873,17.131708278409075,-4.087409411764886,17.662643508979947,21.999999999999996,21.735305449633323,-48.45197778412733,-72.76868603588414,FLAT
2026-10-06T19:48:26.262946+00:00,1,PERP,ICP|HTX|MEXC,ICP,HTX,MEXC,-8.822232024702226,-0.47212366875813255,-0.5261526574457264,17.571835339410942,-17.631501616223176,0.0,26.0,17.647060732857454,-66.75240969163491,-50.17321339030318,FLAT
2026-10-06T19:48:26.747700+00:00,1,PERP,DOT|BITGET|HTX,DOT,BITGET,HTX,14.072027983837998,1.1448308751840448,1.6215242150713503,10.875408795002219,-4.794410331242505,32.95401983421486,21.999999999999996,37.695378714500244,-72.11131326081409,-97.02787433364375,FLAT
2026-10-06T19:48:27.307591+00:00,1,PERP,ICP|HTX|OKX,ICP,HTX,OKX,-11.762976032937411,-0.45961715926982705,-3.715489581808149,17.509107936513814,-20.570085218925005,-2.9429075927034365,20.0,17.647927313360434,-60.502522950477285,-44.42050930246515,FLAT
2026-10-06T19:48:27.704878+00:00,1,PERP,DOT|GATE|HTX,DOT,GATE,HTX,14.072027983837998,1.0584085203471447,1.6142156191085382,11.770325092095304,-4.794410331242505,32.95401983421486,20.0,37.695378714500244,-70.10400466485129,-95.03518292960656,FLAT
2026-10-06T19:48:38.158156+00:00,2,PERP,OP|GATE|OKX,OP,GATE,OKX,-3.848134107572454,-0.5950494877229386,-0.2061812437927388,6.120420131300822,-12.72044191700683,5.035514389493123,20.0,17.76278442088737,-56.27704509410147,-49.004480054173236,FLAT
2026-10-06T19:48:38.523124+00:00,2,PERP,OP|BITGET|GATE,OP,BITGET,GATE,-5.419534236192902,-0.4541000809809072,-1.7796051409574452,8.015697965463476,-15.606627753803615,4.775323834402823,21.999999999999996,20.3930006868206,-62.22002329966677,-54.94792966218087,FLAT
2026-10-06T19:48:38.964205+00:00,2,PERP,ICP|BITGET|HTX,ICP,BITGET,HTX,2.1342869423812694,0.4380779720088189,-5.370737077270873,17.131708278409075,-7.495205468979194,11.768167107972793,21.999999999999996,19.259261098573933,-49.38372949028225,-64.3981652838176,FLAT
2026-10-06T19:48:39.713196+00:00,2,PERP,ICP|HTX|MEXC,ICP,HTX,MEXC,-2.9407440082351854,-0.13741258691252925,-0.5261526574457264,17.571835339410942,-11.754334410813971,5.885815185402432,26.0,17.645329101325682,-60.87351085469393,-56.05729694417384,FLAT
2026-10-06T19:48:40.199553+00:00,2,PERP,DOT|BITGET|HTX,DOT,BITGET,HTX,14.072027983837998,1.1448308751840448,1.6215242150713503,10.875408795002219,-4.794410331242505,32.95401983421486,21.999999999999996,37.695378714500244,-72.11131326081409,-97.02787433364375,FLAT
2026-10-06T19:48:40.647096+00:00,2,PERP,ICP|HTX|OKX,ICP,HTX,OKX,-5.88148801646704,-0.12370695540358617,-3.715489581808149,17.509107936513814,-14.692918013516909,2.9429075927023263,20.0,17.64619466232617,-54.623623094034926,-50.30459183683664,FLAT
2026-10-06T19:48:41.041672+00:00,2,PERP,DOT|GATE|HTX,DOT,GATE,HTX,14.072027983837998,1.0584085203471447,1.6142156191085382,11.770325092095304,-4.794410331242505,32.95401983421486,20.0,37.695378714500244,-70.10400466485129,-95.03518292960656,FLAT
2026-10-06T20:01:27.862113+00:00,0,PERP,OP|GATE|OKX,OP,GATE,OKX,-5.203874755929094,-0.8072168041255515,-0.2384386285076022,6.151304212256199,-13.159915700511338,2.761906710397888,20.0,15.930106279726415,-54.851583351730156,-44.930451618631906,FLAT
2026-10-06T20:01:28.107777+00:00,0,PERP,OP|BITGET|GATE,OP,BITGET,GATE,-2.9777512980910803,-0.124425003518696,-1.9702885918035835,8.096947380323893,-13.358747668851256,7.41114537432308,21.999999999999996,20.776076637031032,-60.164535714078696,-58.15751060315769,FLAT
2026-10-06T20:01:28.500235+00:00,0,PERP,ICP|BITGET|HTX,ICP,BITGET,HTX,6.706790390493822,0.7123533177939817,-5.284933118879724,16.833954738232368,-7.194966450851936,20.618556701030855,21.999999999999996,27.794878107556578,-57.704911439528786,-81.69836792746715,FLAT
2026-10-06T20:01:29.195654+00:00,0,PERP,ICP|HTX|MEXC,ICP,HTX,MEXC,-8.827423863470019,-0.45236046785374934,-0.8973588699347224,17.530411158959033,-20.57613168724215,2.9455081001450445,26.0,23.54239671121982,-75.22116952852724,-59.38526368129959,FLAT
2026-10-06T20:01:29.606521+00:00,0,PERP,DOT|BITGET|HTX,DOT,BITGET,HTX,16.81189280201778,1.338533406519539,1.8891170654396625,11.148601644078791,-4.8066541277469454,38.448306299494476,21.999999999999996,43.182355334529596,-77.87812652771619,-107.7415445685844,FLAT
2026-10-06T20:01:30.024933+00:00,0,PERP,ICP|HTX|OKX,ICP,HTX,OKX,-11.769898484625951,-0.43868135315199563,-4.127593575458572,17.421084471122825,-23.515579071134994,0.0,20.0,23.54326431303806,-68.93124980871448,-53.67085788849663,FLAT
2026-10-06T20:01:30.451656+00:00,0,PERP,DOT|GATE|HTX,DOT,GATE,HTX,7.5464961179338985,0.4807819874262714,1.7634675477109945,12.02838026686626,-23.329796466445842,38.448306299494476,20.0,61.73150656836677,-112.8247705825236,-124.41634532015024,FLAT
2026-10-06T20:01:40.719498+00:00,1,PERP,OP|GATE|OKX,OP,GATE,OKX,-6.8252230227849875,-1.0707947724571176,-0.2384386285076022,6.151304212256199,-15.75586604122603,2.1181458741237336,20.0,17.88621059245382,-59.40363800517225,-46.24279509508516,FLAT
2026-10-06T20:01:40.963447+00:00,1,PERP,OP|BITGET|GATE,OP,BITGET,GATE,-2.387408568295113,-0.05151570794509027,-1.9702885918035835,8.096947380323893,-16.723369766061815,11.969297387128819,21.999999999999996,28.699503898911757,-71.45258507316998,-70.63908987784416,FLAT
2026-10-06T20:01:41.439703+00:00,1,PERP,ICP|BITGET|HTX,ICP,BITGET,HTX,10.544784637038784,0.9403445596753869,-5.284933118879724,16.833954738232368,-2.4743792697257128,23.571007660576626,21.999999999999996,26.01794964948571,-51.207395800331696,-82.87389042894206,FLAT
2026-10-06T20:01:42.436796+00:00,1,PERP,ICP|HTX|MEXC,ICP,HTX,MEXC,-11.769898484625951,-0.6202101888029447,-0.8973588699347224,17.530411158959033,-23.515579071134994,0.0,26.0,23.54326431303806,-78.16148451423832,-56.44062318297278,FLAT
2026-10-06T20:01:42.823380+00:00,1,PERP,DOT|BITGET|HTX,DOT,BITGET,HTX,17.078870641886734,1.3624806106974503,1.8891170654396625,11.148601644078791,-9.128957705463181,43.32359734122271,21.999999999999996,52.363098830983304,-91.38117360188615,-121.79757910676635,FLAT
2026-10-06T20:01:43.275753+00:00,1,PERP,ICP|HTX|OKX,ICP,HTX,OKX,-17.654847726940037,-0.7764874898519797,-4.127593575458572,17.421084471122825,-29.394473838918465,-5.8910162002978605,20.0,23.545001051113523,-74.81188131457341,-47.78157842627424,FLAT
2026-10-06T20:01:43.652659+00:00,1,PERP,DOT|GATE|HTX,DOT,GATE,HTX,13.448667644788692,0.9714691286628262,1.7634675477109945,12.02838026686626,-11.586107523011702,38.51284533809674,20.0,50.03164970223373,-89.38122477295641,-112.78102749261947,FLAT
2026-10-06T20:01:53.917593+00:00,2,PERP,OP|GATE|OKX,OP,GATE,OKX,-6.630533780546122,-1.0391446970388094,-0.2384386285076022,6.151304212256199,-15.11222764432385,1.862313557057238,20.0,16.98579636241823,-57.85958537823448,-45.08654854798307,FLAT
2026-10-06T20:01:54.165850+00:00,2,PERP,OP|BITGET|GATE,OP,BITGET,GATE,-3.5519619950197256,-0.1953419392424003,-1.9702885918035835,8.096947380323893,-13.648099957872528,6.551865334141205,21.999999999999996,20.20713986424342,-59.88495123031236,-56.72929379018821,FLAT
2026-10-06T20:01:54.548929+00:00,2,PERP,ICP|BITGET|HTX,ICP,BITGET,HTX,14.246013559522375,1.1602114287526548,-5.284933118879724,16.833954738232368,0.4684000000021449,28.033175884434325,21.999999999999996,27.52555962705915,-49.772226508177276,-88.8436686303732,FLAT
2026-10-06T20:01:55.246587+00:00,2,PERP,ICP|HTX|MEXC,ICP,HTX,MEXC,-17.654847726940037,-0.9559096307014617,-0.8973588699347224,17.530411158959033,-29.394473838918465,-5.8910162002978605,26.0,23.545001051113523,-84.04211602009727,-50.55134372075038,FLAT
2026-10-06T20:01:55.634612+00:00,2,PERP,DOT|BITGET|HTX,DOT,BITGET,HTX,19.98654525637633,1.623291312103569,1.8891170654396625,11.148601644078791,-3.331220008567781,43.32359734122271,21.999999999999996,46.56174852731995,-79.7820856013274,-115.996228803103,FLAT
2026-10-06T20:01:56.074134+00:00,2,PERP,ICP|HTX|OKX,ICP,HTX,OKX,-20.59732234809597,-0.9453905582019081,-4.127593575458572,17.421084471122825,-32.333921222810204,-8.836524300444015,20.0,23.54587018828217,-77.7521978356338,-44.83693946329672,FLAT
2026-10-06T20:01:56.507311+00:00,2,PERP,DOT|GATE|HTX,DOT,GATE,HTX,19.98654525637633,1.5150067843185153,1.7634675477109945,12.02838026686626,-3.331220008567781,43.32359734122271,20.0,46.56174852731995,-77.65643608359872,-114.12187832083166,FLAT
2026-10-06T20:24:45.870271+00:00,0,PERP,OP|GATE|OKX,OP,GATE,OKX,-5.668518339605466,-0.9169407978558712,-0.11167663682317636,6.060196815079155,-15.539262234931517,4.217098236352079,20.0,19.767554549609798,-61.195140147718135,-50.096329422785054,FLAT
2026-10-06T20:24:46.133619+00:00,0,PERP,OP|BITGET|GATE,OP,BITGET,GATE,-3.779053170656077,-0.248133113093753,-1.7702115071247126,8.09582259491645,-15.262984198658458,7.713544975103126,21.999999999999996,22.985212138267254,-64.47798482980099,-60.46896862049509,FLAT
2026-10-06T20:24:46.958526+00:00,0,PERP,ICP|BITGET|HTX,ICP,BITGET,HTX,10.613000606951584,0.9349852947381965,-5.203390327042922,16.91619218291901,-1.811443693032766,23.046393702179646,21.999999999999996,24.83148052186977,-49.43953388785961,-81.08126455109233,FLAT
2026-10-06T20:24:48.043393+00:00,0,PERP,ICP|HTX|MEXC,ICP,HTX,MEXC,-16.162209814869488,-0.8495725423535816,-1.1420848197265305,17.679626219477992,-26.42395772166961,-5.8823529411755615,26.0,20.574842307909,-77.85671520985208,-47.834574186459974,FLAT
2026-10-06T20:24:48.879003+00:00,0,PERP,DOT|BITGET|HTX,DOT,BITGET,HTX,4.955747239481223,0.2802854749645294,1.8514575447939332,11.075456889373747,-20.57605809401619,30.508531870707678,21.999999999999996,51.05927766156327,-101.48679330037339,-107.71635198747701,FLAT
2026-10-06T20:24:49.710322+00:00,0,PERP,ICP|HTX|OKX,ICP,HTX,OKX,-19.100793417573534,-0.8410775570732584,-4.331349698760099,17.56014483397636,-29.359953024076233,-8.823529411766673,20.0,20.57570888841198,-71.60431221372812,-42.08352917540541,FLAT
2026-10-06T20:24:50.189607+00:00,0,PERP,DOT|GATE|HTX,DOT,GATE,HTX,2.3097320886300565,0.057970023014578376,1.6134385601554753,12.011268794898985,-25.851022770329024,30.508531870707678,20.0,56.34651442396627,-109.81097575445077,-111.24160773451847,FLAT
2026-10-06T20:25:00.463994+00:00,1,PERP,OP|GATE|OKX,OP,GATE,OKX,-6.147803948121089,-0.9960282636825669,-0.11167663682317636,6.060196815079155,-15.496402663772724,3.215060579178086,20.0,18.722962877058105,-60.10768890400766,-48.04970009305937,FLAT
2026-10-06T20:25:00.732749+00:00,1,PERP,OP|BITGET|GATE,OP,BITGET,GATE,0.5642964364804826,0.2883595726357795,-1.7702115071247126,8.09582259491645,-11.208708188844563,12.346193059258326,21.999999999999996,23.55356877187335,-60.9920654535932,-65.66997333825638,FLAT
2026-10-06T20:25:01.218387+00:00,1,PERP,ICP|BITGET|HTX,ICP,BITGET,HTX,10.275998856714708,0.9150634502360301,-5.203390327042922,16.91619218291901,-2.484345780652264,23.046393702179646,21.999999999999996,25.504527077445115,-50.785482531054456,-81.75431110666767,FLAT
2026-10-06T20:25:01.986473+00:00,1,PERP,ICP|HTX|MEXC,ICP,HTX,MEXC,-16.162209814869488,-0.8495725423535816,-1.1420848197265305,17.679626219477992,-26.42395772166961,-5.8823529411755615,26.0,20.574842307909,-77.85671520985208,-47.834574186459974,FLAT
2026-10-06T20:25:02.519956+00:00,1,PERP,DOT|BITGET|HTX,DOT,BITGET,HTX,4.955747239481223,0.2802854749645294,1.8514575447939332,11.075456889373747,-20.57605809401619,30.508531870707678,21.999999999999996,51.05927766156327,-101.48679330037339,-107.71635198747701,FLAT
2026-10-06T20:25:03.367949+00:00,1,PERP,ICP|HTX|OKX,ICP,HTX,OKX,-19.100793417573534,-0.8410775570732584,-4.331349698760099,17.56014483397636,-29.359953024076233,-8.823529411766673,20.0,20.57570888841198,-71.60431221372812,-42.08352917540541,FLAT
2026-10-06T20:25:04.214796+00:00,1,PERP,DOT|GATE|HTX,DOT,GATE,HTX,1.9645083636166127,0.029228369579925795,1.6134385601554753,12.011268794898985,-26.53903814926806,30.508531870707678,20.0,57.036336464309485,-111.18881317373302,-111.93142977486168,FLAT
2026-10-06T20:25:14.514456+00:00,2,PERP,OP|GATE|OKX,OP,GATE,OKX,-3.8626196752877817,-0.6189473960864442,-0.11167663682317636,6.060196815079155,-14.362440191597603,6.654914376869048,20.0,21.025460975332383,-61.2762245301068,-53.7920519890246,FLAT
2026-10-06T20:25:14.773538+00:00,2,PERP,OP|BITGET|GATE,OP,BITGET,GATE,-5.406147806170658,-0.4491126449990433,-1.7702115071247126,8.09582259491645,-17.59516780288517,6.792071450916204,21.999999999999996,24.400427015190797,-68.22538331095126,-60.96270997323171,FLAT
2026-10-06T20:25:15.598479+00:00,2,PERP,ICP|BITGET|HTX,ICP,BITGET,HTX,8.13779705931772,0.788663739575612,-5.203390327042922,16.91619218291901,-3.4077483833050426,19.689633186230626,21.999999999999996,23.07859896076208,-49.2829570170242,-75.97162247403563,FLAT
2026-10-06T20:25:16.664861+00:00,2,PERP,ICP|HTX|MEXC,ICP,HTX,MEXC,-13.22362621216544,-0.6833595485818833,-1.1420848197265305,17.679626219477992,-23.487962419259656,-2.9411764705877808,26.0,20.573976237377718,-74.91985383691085,-50.77488458651647,FLAT
2026-10-06T20:25:17.164434+00:00,2,PERP,DOT|BITGET|HTX,DOT,BITGET,HTX,-3.255131502613029,-0.461072540700911,1.8514575447939332,11.075456889373747,-28.76262408409658,22.273303191011617,21.999999999999996,51.05253695384134,-109.66661858273186,-99.47438260005902,FLAT
2026-10-06T20:25:17.658525+00:00,2,PERP,ICP|HTX|OKX,ICP,HTX,OKX,-16.162209814869488,-0.673733629646287,-4.331349698760099,17.56014483397636,-26.42395772166961,-5.8823529411755615,20.0,20.574842307909,-68.66745033081851,-45.02383906549354,FLAT
2026-10-06T20:25:18.479441+00:00,2,PERP,DOT|GATE|HTX,DOT,GATE,HTX,-3.255131502613029,-0.4053335368563325,1.6134385601554753,12.011268794898985,-28.76262408409658,22.273303191011617,20.0,51.05253695384134,-107.4285995980934,-97.71240158469749,FLAT
2026-10-06T20:45:41.416444+00:00,0,PERP,OP|GATE|OKX,OP,GATE,OKX,-2.5281615694128234,-0.39115716935979333,-0.15389531267664033,6.069852332304539,-12.055148527576609,7.012830407227,20.0,19.07279055803146,-56.974043772931424,-52.239516277935095,FLAT
2026-10-06T20:45:41.770803+00:00,0,PERP,OP|BITGET|GATE,OP,BITGET,GATE,-4.914446849954013,-0.3799934519130029,-1.8541960554982932,8.0534303395216,-16.047475556871802,6.227041605222361,21.999999999999996,22.285466022953663,-64.47874552432717,-58.36670368367431,FLAT
2026-10-06T20:45:42.267214+00:00,0,PERP,ICP|BITGET|HTX,ICP,BITGET,HTX,2.928031060607239,0.5048547997798569,-5.530790856649038,16.754959883405615,-17.520374034177834,23.394051729235255,21.999999999999996,40.90244181707404,-80.89202499460283,-97.82728440295833,FLAT
2026-10-06T20:45:42.949346+00:00,0,PERP,ICP|HTX|MEXC,ICP,HTX,MEXC,-6.007326453535411,-0.29823217757644876,-0.7743389466840901,17.546689795100658,-23.591860808022112,11.634082840235038,26.0,35.247025858469854,-90.06454771980788,-79.65544764538899,FLAT
2026-10-06T20:45:43.367362+00:00,0,PERP,DOT|BITGET|HTX,DOT,BITGET,HTX,8.710311382194025,0.6068194203749285,1.9771911711265497,11.095755977795436,-12.855458370346629,30.306266432040818,21.999999999999996,43.12414122238349,-85.95679076385666,-99.45321648329775,FLAT
2026-10-06T20:45:43.791408+00:00,0,PERP,ICP|HTX|OKX,ICP,HTX,OKX,-3.0535824980026938,0.05222079554326979,-3.9638692416748182,17.431498968985778,-20.64287820701893,14.592603550294125,20.0,35.246152607046774,-77.92516157239089,-79.80262539901571,FLAT
2026-10-06T20:45:44.190006+00:00,0,PERP,DOT|GATE|HTX,DOT,GATE,HTX,8.350148222413534,0.5534057270938162,1.738974942881675,11.946340552437215,-12.855458370346629,29.583906680359373,20.0,42.40393845922093,-82.99837177244925,-96.24887019669863,FLAT
2026-10-06T20:45:54.603788+00:00,1,PERP,OP|GATE|OKX,OP,GATE,OKX,-3.598461824975141,-0.5674876955352064,-0.15389531267664033,6.069852332304539,-12.020927829031747,4.8349256083835,20.0,16.861914056486864,-54.72894657284198,-47.850734977547006,FLAT
2026-10-06T20:45:54.958197+00:00,1,PERP,OP|BITGET|GATE,OP,BITGET,GATE,-7.44133137601688,-0.6937584463976975,-1.8541960554982932,8.0534303395216,-17.707043571136836,2.8321815122578364,21.999999999999996,20.55451741826935,-64.40736493390789,-53.240894986025474,FLAT
2026-10-06T20:45:55.456096+00:00,1,PERP,ICP|BITGET|HTX,ICP,BITGET,HTX,3.159392981459952,0.5186633628837207,-5.530790856649038,16.754959883405615,-17.058784176275932,23.394051729235255,21.999999999999996,40.440052588628575,-79.96804590825548,-97.36489517451287,FLAT
2026-10-06T20:45:56.227679+00:00,1,PERP,ICP|HTX|MEXC,ICP,HTX,MEXC,-6.007326453535411,-0.29823217757644876,-0.7743389466840901,17.546689795100658,-23.591860808022112,11.634082840235038,26.0,35.247025858469854,-90.06454771980788,-79.65544764538899,FLAT
2026-10-06T20:45:56.647692+00:00,1,PERP,DOT|BITGET|HTX,DOT,BITGET,HTX,14.058295679715282,1.0888040916513624,1.9771911711265497,11.095755977795436,-4.642346082820437,32.774328916953536,21.999999999999996,37.36414105416434,-71.98367830811132,-96.16127879999132,FLAT
2026-10-06T20:45:57.654121+00:00,1,PERP,ICP|HTX|OKX,ICP,HTX,OKX,-6.007326453535411,-0.11722785375464975,-3.9638692416748182,17.431498968985778,-23.591860808022112,11.634082840235038,20.0,35.247025858469854,-80.87501742481714,-76.8449779403797,FLAT
2026-10-06T20:45:58.177690+00:00,1,PERP,DOT|GATE|HTX,DOT,GATE,HTX,14.058295679715282,1.031221291805573,1.738974942881675,11.946340552437215,-4.642346082820437,32.774328916953536,20.0,37.36414105416434,-69.74546207986646,-94.3994950282362,FLAT
2026-10-06T20:46:08.546563+00:00,2,PERP,OP|GATE|OKX,OP,GATE,OKX,-3.8598345286822155,-0.6105484965889677,-0.15389531267664033,6.069852332304539,-13.530879791229244,5.8256701980829995,20.0,19.364013376745913,-58.74099785529852,-51.34357888750556,FLAT
2026-10-06T20:46:08.916953+00:00,2,PERP,OP|BITGET|GATE,OP,BITGET,GATE,-5.529854135345458,-0.45640899900867715,-1.8541960554982932,8.0534303395216,-16.753128579227727,5.701948632581555,21.999999999999996,22.46749817156193,-65.36643069529136,-58.023642859641775,FLAT
2026-10-06T20:46:09.431924+00:00,2,PERP,ICP|BITGET|HTX,ICP,BITGET,HTX,9.288514820877669,0.8844727639249073,-5.530790856649038,16.754959883405615,-10.73079854031933,29.32329991127025,21.999999999999996,40.016922697356584,-73.21693038102687,-102.87101346527587,FLAT
2026-10-06T20:46:10.592757+00:00,2,PERP,ICP|HTX|MEXC,ICP,HTX,MEXC,-11.914814364600845,-0.6349046770649226,-0.7743389466840901,17.546689795100658,-29.489826010027365,5.7170414201190844,26.0,35.2487739107749,-95.96426097411818,-73.74015427757807,FLAT
2026-10-06T20:46:11.072549+00:00,2,PERP,DOT|BITGET|HTX,DOT,BITGET,HTX,11.403832055258967,0.8495717554528766,1.9771911711265497,11.095755977795436,-9.949090384674397,32.774328916953536,21.999999999999996,42.67474650811321,-82.60102806391416,-101.47188425394019,FLAT
2026-10-06T20:46:11.552201+00:00,2,PERP,ICP|HTX|OKX,ICP,HTX,OKX,-11.914814364600845,-0.45612515235048884,-3.9638692416748182,17.431498968985778,-29.489826010027365,5.7170414201190844,20.0,35.2487739107749,-86.77473067912744,-70.9296845725688,FLAT
2026-10-06T20:46:12.042330+00:00,2,PERP,DOT|GATE|HTX,DOT,GATE,HTX,12.290354472372922,0.8832311018740062,1.738974942881675,11.946340552437215,-9.949090384674397,34.55204727436101,20.0,44.4465002121095,-82.13456553966557,-103.25957254358883,FLAT
2026-10-06T21:00:19.028062+00:00,0,PERP,OP|GATE|OKX,OP,GATE,OKX,-4.7730865423467606,-0.7518556535965999,-0.19642671377535625,6.087152243490294,-14.187714501840976,4.655047110464494,20.0,18.85175003543587,-58.84303782350149,-49.70322385967572,FLAT
2026-10-06T21:00:19.398555+00:00,0,PERP,OP|BITGET|GATE,OP,BITGET,GATE,-4.864450562350742,-0.3922620781336711,-1.6802108007129957,8.117633437287438,-19.23367546638022,9.525535673664542,21.999999999999996,28.773192729752438,-74.32665739541966,-67.97893920412997,FLAT
2026-10-06T21:00:20.025936+00:00,0,PERP,ICP|BITGET|HTX,ICP,BITGET,HTX,5.62701000250021,0.6553522928518735,-5.443060678983246,16.891785993927357,-9.923178893141982,21.188935042733004,21.999999999999996,31.09461253917533,-63.574730753334066,-85.72660826089158,FLAT
2026-10-06T21:00:20.792410+00:00,0,PERP,ICP|HTX|MEXC,ICP,HTX,MEXC,-10.303208713570156,-0.5135168802404059,-1.22354310249632,17.68133816131446,-23.522493384300347,2.947244326556575,26.0,26.497001423398775,-80.7959517052028,-62.667788852451665,FLAT
2026-10-06T21:00:21.346753+00:00,0,PERP,DOT|BITGET|HTX,DOT,BITGET,HTX,14.760240803948221,1.147930309478178,1.9332870787235663,11.173982966836622,-11.564319604455697,41.106521146681004,21.999999999999996,52.59320296042721,-94.09080964360646,-119.76643702838464,FLAT
2026-10-06T21:00:21.955892+00:00,0,PERP,ICP|HTX|OKX,ICP,HTX,OKX,-10.303208713570156,-0.3438013126281155,-4.289549508185827,17.491670288906693,-23.522493384300347,2.947244326556575,20.0,26.497001423398775,-71.72994529951329,-59.73379525814117,FLAT
2026-10-06T21:00:22.399976+00:00,0,PERP,DOT|GATE|HTX,DOT,GATE,HTX,14.760240803948221,1.0878314622590708,1.6915054308269437,12.01356627981855,-11.564319604455697,41.106521146681004,20.0,52.59320296042721,-91.84902799570986,-118.00821867628127,FLAT
2026-10-06T21:00:32.805483+00:00,1,PERP,OP|GATE|OKX,OP,GATE,OKX,-4.377669748659718,-0.6868964119233022,-0.19642671377535625,6.087152243490294,-13.818621268084641,5.076793044656025,20.0,18.903680058259628,-58.52587461256891,-50.176899816691005,FLAT
2026-10-06T21:00:33.419105+00:00,1,PERP,OP|BITGET|GATE,OP,BITGET,GATE,-1.5131258845091367,0.020582958998416116,-1.6802108007129957,8.117633437287438,-13.09287874275089,10.07690528882721,21.999999999999996,23.173285881899936,-62.58595382393783,-62.93040197144013,FLAT
2026-10-06T21:00:33.964061+00:00,1,PERP,ICP|BITGET|HTX,ICP,BITGET,HTX,10.213172566475581,0.9268548187318549,-5.443060678983246,16.891785993927357,-4.769677172313802,25.20560616155576,21.999999999999996,29.94469723363971,-57.27131372697026,-88.59336407417871,FLAT
2026-10-06T21:00:34.701454+00:00,1,PERP,ICP|HTX|MEXC,ICP,HTX,MEXC,-13.24698263173274,-0.6800073286049622,-1.22354310249632,17.68133816131446,-26.46280505733567,0.0,26.0,26.49787004832575,-83.7371320031651,-59.72141315082207,FLAT
2026-10-06T21:00:35.570182+00:00,1,PERP,DOT|BITGET|HTX,DOT,BITGET,HTX,13.935510659441874,1.074122237016096,1.9332870787235663,11.173982966836622,-11.564319604455697,39.45638038725052,21.999999999999996,50.94969032038179,-92.44729700356106,-116.47278362890874,FLAT
2026-10-06T21:00:36.096189+00:00,1,PERP,ICP|HTX|OKX,ICP,HTX,OKX,-13.24698263173274,-0.5120970710971933,-4.289549508185827,17.491670288906693,-26.46280505733567,0.0,20.0,26.49787004832575,-74.6711255974756,-56.78741955651158,FLAT
2026-10-06T21:00:36.540915+00:00,1,PERP,DOT|GATE|HTX,DOT,GATE,HTX,17.025544509303714,1.276393597148271,1.6915054308269437,12.01356627981855,-11.564319604455697,45.65666906166443,20.0,57.12370270009756,-96.37952773538021,-127.08886633093505,FLAT
2026-10-06T21:00:46.958954+00:00,2,PERP,OP|GATE|OKX,OP,GATE,OKX,-4.065595745332828,-0.6356287598515756,-0.19642671377535625,6.087152243490294,-12.721713599737061,4.602906973305565,20.0,17.331658070997417,-55.856944956959126,-48.13099175807834,FLAT
2026-10-06T21:00:47.463655+00:00,2,PERP,OP|BITGET|GATE,OP,BITGET,GATE,-1.5149766806532572,0.02035496198938401,-1.6802108007129957,8.117633437287438,-13.09287874275089,10.07320205375306,21.999999999999996,23.169586375991095,-62.58225431802899,-62.922999230457144,FLAT
2026-10-06T21:00:48.044511+00:00,2,PERP,ICP|BITGET|HTX,ICP,BITGET,HTX,9.651451581036419,0.8936007279186572,-5.443060678983246,16.891785993927357,-5.8910162002978605,25.20560616155576,21.999999999999996,31.06663415816009,-59.514589679474696,-89.71530099869909,FLAT
2026-10-06T21:00:48.819659+00:00,2,PERP,ICP|HTX|MEXC,ICP,HTX,MEXC,-13.24698263173274,-0.6800073286049622,-1.22354310249632,17.68133816131446,-26.46280505733567,0.0,26.0,26.49787004832575,-83.7371320031651,-59.72141315082207,FLAT
2026-10-06T21:00:49.486688+00:00,2,PERP,DOT|BITGET|HTX,DOT,BITGET,HTX,22.20124364388898,1.8138524665125129,1.9332870787235663,11.173982966836622,-3.3230360397717984,47.74660035453904,21.999999999999996,50.95649793299276,-84.21282105148812,-124.76981120880824,FLAT
2026-10-06T21:00:49.990577+00:00,2,PERP,ICP|HTX|OKX,ICP,HTX,OKX,-13.24698263173274,-0.5120970710971933,-4.289549508185827,17.491670288906693,-26.46280505733567,0.0,20.0,26.49787004832575,-74.6711255974756,-56.78741955651158,FLAT
2026-10-06T21:00:50.435389+00:00,2,PERP,DOT|GATE|HTX,DOT,GATE,HTX,22.20124364388898,1.7072148049423181,1.6915054308269437,12.01356627981855,-3.3230360397717984,47.74660035453904,20.0,50.95649793299276,-81.9710394035915,-123.01159285670485,FLAT
2026-10-06T21:21:26.544541+00:00,0,PERP,OP|GATE|OKX,OP,GATE,OKX,-3.4619798492097065,-0.5505346344568439,-0.12244232304327769,6.065989889012537,-14.832493596821372,7.928166669493031,20.0,22.768525749314357,-63.478577023092456,-56.81913474185066,FLAT
2026-10-06T21:21:26.840762+00:00,0,PERP,OP|BITGET|GATE,OP,BITGET,GATE,-3.474614078933236,-0.22152955504658123,-1.688778572261706,8.061387142207822,-16.92882271988494,9.99262360276143,21.999999999999996,26.930797429836648,-70.17084157745988,-66.61219960485978,FLAT
2026-10-06T21:21:27.395786+00:00,0,PERP,ICP|BITGET|HTX,ICP,BITGET,HTX,11.104773973893423,0.9740779147230346,-5.285546430636199,16.826498329130047,-11.653066504466736,33.87923526284587,21.999999999999996,45.48178920126141,-79.84930927509194,-112.64657089474348,FLAT
2026-10-06T21:21:28.217710+00:00,0,PERP,ICP|HTX|MEXC,ICP,HTX,MEXC,-17.766011430576654,-0.9469922417654131,-1.1012469102204054,17.59757238273596,-38.25779870512247,2.804165435745798,26.0,41.134894791850385,-110.29144658675244,-77.04030713781658,FLAT
2026-10-06T21:21:28.777494+00:00,0,PERP,DOT|BITGET|HTX,DOT,BITGET,HTX,11.788357170654518,0.7568868620337189,2.540368557171414,12.21845572617577,-24.191470089637292,47.79804320875325,21.999999999999996,71.9047370417448,-126.6365756885535,-145.16241169332665,FLAT
2026-10-06T21:21:29.407263+00:00,0,PERP,ICP|HTX|OKX,ICP,HTX,OKX,-14.817485662279584,-0.6082300089352689,-4.208187264889849,17.44290521929646,-35.31489111242014,5.7583308714925785,20.0,41.13402257172766,-98.24072641925795,-77.10054070811009,FLAT
2026-10-06T21:21:30.072422+00:00,0,PERP,DOT|GATE|HTX,DOT,GATE,HTX,11.788357170654518,0.7302028249572098,2.3019449877177998,12.99147559925234,-24.191470089637292,47.79804320875325,20.0,71.9047370417448,-124.39815211909989,-143.40083526278025,FLAT
2026-10-06T21:21:40.436177+00:00,1,PERP,OP|GATE|OKX,OP,GATE,OKX,-3.343357672576097,-0.5309793468938904,-0.12244232304327769,6.065989889012537,-15.698679292110995,9.036305864402738,20.0,24.74323374945738,-66.3194707185251,-59.9019819369034,FLAT
2026-10-06T21:21:40.735267+00:00,1,PERP,OP|BITGET|GATE,OP,BITGET,GATE,-5.955028260694606,-0.5292202958589675,-1.688778572261706,8.061387142207822,-19.476812590725203,7.577109656109471,21.999999999999996,27.07003856896834,-72.85807258743183,-64.33592679733951,FLAT
2026-10-06T21:21:41.364771+00:00,1,PERP,ICP|BITGET|HTX,ICP,BITGET,HTX,11.14563603089147,0.9765063496949923,-5.285546430636199,16.826498329130047,-11.802891708470042,34.11145534554238,21.999999999999996,45.86322306277153,-80.38056834060536,-113.26022483895011,FLAT
2026-10-06T21:21:42.199734+00:00,1,PERP,ICP|HTX|MEXC,ICP,HTX,MEXC,-17.691287041132764,-0.9427459521171204,-1.1012469102204054,17.59757238273596,-38.25779870512247,2.954209748893266,26.0,41.28489536803323,-110.4414471629353,-77.3403520271469,FLAT
2026-10-06T21:21:42.763082+00:00,1,PERP,DOT|BITGET|HTX,DOT,BITGET,HTX,20.100344183664465,1.4371681675675319,2.540368557171414,12.21845572617577,-15.912790811704047,56.14339042072203,21.999999999999996,71.9116239766973,-118.36478334557276,-153.5146458402479,FLAT
2026-10-06T21:21:43.402638+00:00,1,PERP,ICP|HTX|OKX,ICP,HTX,OKX,-14.7427392009436,-0.6039448018326531,-4.208187264889849,17.44290521929646,-35.31489111242014,5.908419497786532,20.0,41.28402314791052,-98.39072699544082,-77.4006299105869,FLAT
2026-10-06T21:21:43.937636+00:00,1,PERP,DOT|GATE|HTX,DOT,GATE,HTX,15.051867728217427,0.9814068188861769,2.3019449877177998,12.99147559925234,-24.191470089637292,54.35339689722652,20.0,78.42677692750885,-130.92019200486394,-156.47822883701758,FLAT
2026-10-06T21:21:54.292784+00:00,2,PERP,OP|GATE|OKX,OP,GATE,OKX,-4.582320344497237,-0.7352267483221883,-0.12244232304327769,6.065989889012537,-16.92305095769231,7.780542303050808,20.0,24.714898590839514,-67.51550722548855,-58.6178832169336,FLAT
2026-10-06T21:21:54.588679+00:00,2,PERP,OP|BITGET|GATE,OP,BITGET,GATE,-2.378522116146531,-0.08556139678163634,-1.688778572261706,8.061387142207822,-18.585210253184712,13.851725887390476,21.999999999999996,32.44463605681595,-77.34106773773895,-75.98514051646814,FLAT
2026-10-06T21:21:55.158337+00:00,2,PERP,ICP|BITGET|HTX,ICP,BITGET,HTX,11.989155585427902,1.0266367771931564,-5.285546430636199,16.826498329130047,0.0,23.98580375517545,21.999999999999996,23.95707890004249,-46.67153246940629,-81.22842908585415,FLAT
2026-10-06T21:21:56.063944+00:00,2,PERP,ICP|HTX|MEXC,ICP,HTX,MEXC,-16.233766233765266,-0.8599208455815511,-1.1012469102204054,17.59757238273596,-26.540843409021964,-5.908419497783202,26.0,20.66595636440329,-78.10555286320485,-47.85878377684049,FLAT
2026-10-06T21:21:56.635043+00:00,2,PERP,DOT|BITGET|HTX,DOT,BITGET,HTX,20.100344183664465,1.4371681675675319,2.540368557171414,12.21845572617577,-15.912790811704047,56.14339042072203,21.999999999999996,71.9116239766973,-118.36478334557276,-153.5146458402479,FLAT
2026-10-06T21:21:57.281700+00:00,2,PERP,ICP|HTX|OKX,ICP,HTX,OKX,-13.28217237308249,-0.5202106526471529,-4.208187264889849,17.44290521929646,-23.591860808022112,-2.9542097488910457,20.0,20.665082596651857,-66.04875613978412,-47.91906011265066,FLAT
2026-10-06T21:21:57.796396+00:00,2,PERP,DOT|GATE|HTX,DOT,GATE,HTX,11.594550877835896,0.7152848665360914,2.3019449877177998,12.99147559925234,-24.191470089637292,47.439551071799535,20.0,71.54801588834603,-124.04143096570112,-142.68562197242778,FLAT
2026-10-06T21:40:39.393803+00:00,0,PERP,OP|GATE|OKX,OP,GATE,OKX,-5.088410677075439,-0.8152176314620968,-0.14369137014972086,6.065520562965916,-16.882509215859763,6.726887561654404,20.0,23.62139727857675,-66.3602151242868,-56.49197621038088,FLAT
2026-10-06T21:40:39.722131+00:00,0,PERP,OP|BITGET|GATE,OP,BITGET,GATE,-1.7959249554400092,-0.014617117554992601,-1.6780951490478726,8.061083585654739,-18.01240309712071,14.444090000818033,21.999999999999996,32.46230601605029,-76.79661396412313,-76.5844911659162,FLAT
2026-10-06T21:40:40.600035+00:00,0,PERP,ICP|BITGET|HTX,ICP,BITGET,HTX,14.63806163745529,1.1629410857500775,-5.1217140639138306,16.99120956641101,-2.261485402536012,31.549862662338946,21.999999999999996,33.76192271318956,-58.901694051811745,-98.43349943944233,FLAT
2026-10-06T21:40:41.336382+00:00,0,PERP,ICP|HTX|MEXC,ICP,HTX,MEXC,-17.67565178966035,-0.9211827347253266,-1.3055310541876561,17.770763734899838,-32.36245954692629,-2.949852507375672,26.0,29.464636014133372,-92.52156450687201,-59.82031456094536,FLAT
2026-10-06T21:40:41.883210+00:00,0,PERP,DOT|BITGET|HTX,DOT,BITGET,HTX,18.174008760394322,1.4657556183693026,1.9064358692968502,11.09842096951717,-18.292732730424976,54.671113899416035,21.999999999999996,72.83147001670288,-121.03063861642471,-153.59614804682207,FLAT
2026-10-06T21:40:42.774843+00:00,0,PERP,ICP|HTX|OKX,ICP,HTX,OKX,-18.579817318499224,-0.8042479277079523,-4.412423208740533,17.615704836361502,-34.16839652112258,-2.949852507375672,20.0,31.276600502294578,-87.03257381467662,-58.73917120365944,FLAT
2026-10-06T21:40:43.308784+00:00,0,PERP,DOT|GATE|HTX,DOT,GATE,HTX,18.174008760394322,1.3833978344235698,1.6680122998432363,11.931489301072064,-18.292732730424976,54.671113899416035,20.0,72.83147001670288,-118.7922150469711,-151.8345716162757,FLAT
2026-10-06T21:40:53.647007+00:00,1,PERP,OP|GATE|OKX,OP,GATE,OKX,-6.160026317981737,-0.9918909490746415,-0.14369137014972086,6.065520562965916,-18.150226239933566,5.851133766912042,20.0,24.016135705332374,-68.02267057511622,-56.01096084239414,FLAT
2026-10-06T21:40:53.958697+00:00,1,PERP,OP|BITGET|GATE,OP,BITGET,GATE,1.1590156458729517,0.35195154159791386,-1.6780951490478726,8.061083585654739,-11.391719179386639,13.71934583414447,21.999999999999996,25.10815127296389,-62.82177530330266,-68.50559225615623,FLAT
2026-10-06T21:40:54.516319+00:00,1,PERP,ICP|BITGET|HTX,ICP,BITGET,HTX,16.69975546282787,1.284279935542633,-5.1217140639138306,16.99120956641101,0.9398000000016005,32.467532467532756,21.999999999999996,31.475167766642567,-53.41365370272713,-97.06441429808915,FLAT
2026-10-06T21:40:55.606334+00:00,1,PERP,ICP|HTX|MEXC,ICP,HTX,MEXC,-20.621593754601708,-1.086957374965231,-1.3055310541876561,17.770763734899838,-35.30450132391838,-5.899705014750234,26.0,29.465507204784192,-95.46447747451492,-56.87133324422161,FLAT
2026-10-06T21:40:56.484195+00:00,1,PERP,DOT|BITGET|HTX,DOT,BITGET,HTX,18.174008760394322,1.4657556183693026,1.9064358692968502,11.09842096951717,-18.292732730424976,54.671113899416035,21.999999999999996,72.83147001670288,-121.03063861642471,-153.59614804682207,FLAT
2026-10-06T21:40:57.375362+00:00,1,PERP,ICP|HTX|OKX,ICP,HTX,OKX,-20.621593754601708,-0.9201545266813835,-4.412423208740533,17.615704836361502,-35.30450132391838,-5.899705014750234,20.0,29.465507204784192,-86.35758531996203,-53.978225398774484,FLAT
2026-10-06T21:40:57.875622+00:00,1,PERP,DOT|GATE|HTX,DOT,GATE,HTX,18.174008760394322,1.3833978344235698,1.6680122998432363,11.931489301072064,-18.292732730424976,54.671113899416035,20.0,72.83147001670288,-118.7922150469711,-151.8345716162757,FLAT
2026-10-06T21:41:08.237901+00:00,2,PERP,OP|GATE|OKX,OP,GATE,OKX,-5.342219179732544,-0.8570621030160762,-0.14369137014972086,6.065520562965916,-15.569105885633316,4.901625842683721,20.0,20.481659431131458,-61.90707394661506,-51.5269766439649,FLAT
2026-10-06T21:41:08.566230+00:00,2,PERP,OP|BITGET|GATE,OP,BITGET,GATE,0.5943457202839397,0.281902655540724,-1.6780951490478726,8.061083585654739,-11.507095875231688,12.705039182459021,21.999999999999996,24.210692570243477,-62.03969329642729,-66.59382690175036,FLAT
2026-10-06T21:41:09.060305+00:00,2,PERP,ICP|BITGET|HTX,ICP,BITGET,HTX,16.208166082702924,1.2553479529075215,-5.1217140639138306,16.99120956641101,-0.041540253612470934,32.467532467532756,21.999999999999996,32.456463874973785,-55.37629006467242,-98.04571040642037,FLAT
2026-10-06T21:41:09.789813+00:00,2,PERP,ICP|HTX|MEXC,ICP,HTX,MEXC,-20.621593754601708,-1.086957374965231,-1.3055310541876561,17.770763734899838,-35.30450132391838,-5.899705014750234,26.0,29.465507204784192,-95.46447747451492,-56.87133324422161,FLAT
2026-10-06T21:41:10.749600+00:00,2,PERP,DOT|BITGET|HTX,DOT,BITGET,HTX,18.174008760394322,1.4657556183693026,1.9064358692968502,11.09842096951717,-18.292732730424976,54.671113899416035,21.999999999999996,72.83147001670288,-121.03063861642471,-153.59614804682207,FLAT
2026-10-06T21:41:11.280324+00:00,2,PERP,ICP|HTX|OKX,ICP,HTX,OKX,-20.621593754601708,-0.9201545266813835,-4.412423208740533,17.615704836361502,-35.30450132391838,-5.899705014750234,20.0,29.465507204784192,-86.35758531996203,-53.978225398774484,FLAT
2026-10-06T21:41:12.105947+00:00,2,PERP,DOT|GATE|HTX,DOT,GATE,HTX,18.174008760394322,1.3833978344235698,1.6680122998432363,11.931489301072064,-18.292732730424976,54.671113899416035,20.0,72.83147001670288,-118.7922150469711,-151.8345716162757,FLAT
2026-10-06T22:17:09.014347+00:00,0,PERP,OP|GATE|OKX,OP,GATE,OKX,-6.457846744319928,-0.9998265281378573,-0.3037811603969857,6.155133326362804,-15.325373109609242,2.421281027797928,20.0,17.758114471466488,-58.77970642067874,-46.483176659661396,FLAT
2026-10-06T22:17:09.237757+00:00,0,PERP,OP|BITGET|GATE,OP,BITGET,GATE,-3.643934585632058,-0.22967514479899281,-1.7852678148726515,8.092589959553854,-13.99752756673367,6.717580042738813,21.999999999999996,20.72265578037299,-60.93491553223401,-57.22550363798445,FLAT
2026-10-06T22:17:09.723990+00:00,0,PERP,ICP|BITGET|HTX,ICP,BITGET,HTX,6.60033534293003,0.7129982824386365,-5.367902876379659,16.785788288823436,-8.883624518802868,22.091217098150207,21.999999999999996,30.95440912207483,-62.47013076449803,-86.41352909660469,FLAT
2026-10-06T22:17:10.504230+00:00,0,PERP,ICP|HTX|MEXC,ICP,HTX,MEXC,-11.762563980015628,-0.6161774192890823,-0.9773466892089763,17.503428319801376,-26.450017730494935,2.963841138112766,26.0,29.448446210440316,-86.92111725172627,-65.38963403776206,FLAT
2026-10-06T22:17:10.986539+00:00,0,PERP,DOT|BITGET|HTX,DOT,BITGET,HTX,5.873090428998307,0.3505685853546314,1.9165024283747083,11.286202374982219,-21.304345094098622,33.073098572957704,21.999999999999996,54.34551668354621,-105.56636420601954,-113.5021128281292,FLAT
2026-10-06T22:17:11.509529+00:00,0,PERP,ICP|HTX|OKX,ICP,HTX,OKX,-11.762563980015628,-0.4400206353485647,-4.125304315229367,17.356594330482626,-26.450017730494935,2.963841138112766,20.0,29.448446210440316,-77.77315962570589,-62.53759166378245,FLAT
2026-10-06T22:17:11.985373+00:00,0,PERP,DOT|GATE|HTX,DOT,GATE,HTX,5.873090428998307,0.34650748024627953,1.6780788589210944,12.106554141617998,-21.304345094098622,33.073098572957704,20.0,54.34551668354621,-103.32794063656593,-111.74053639758282,FLAT
2026-10-06T22:17:22.262853+00:00,1,PERP,OP|GATE|OKX,OP,GATE,OKX,-6.506984032642604,-1.0078096676926445,-0.3037811603969857,6.155133326362804,-15.371999062240294,2.3690634252515608,20.0,17.75260722005542,-58.820825121898736,-46.42545180570397,FLAT
2026-10-06T22:17:22.510922+00:00,1,PERP,OP|BITGET|GATE,OP,BITGET,GATE,-1.2032702985809163,0.07191733662529726,-1.7852678148726515,8.092589959553854,-11.195027089475618,8.796131294754872,21.999999999999996,19.99356122662562,-57.40332050122858,-58.57496033625314,FLAT
2026-10-06T22:17:22.994066+00:00,1,PERP,ICP|BITGET|HTX,ICP,BITGET,HTX,5.714562667562539,0.6602290791026652,-5.367902876379659,16.785788288823436,-9.653220307872523,21.088862163869404,21.999999999999996,30.72452336898779,-63.00984080048065,-85.18128840923686,FLAT
2026-10-06T22:17:23.738966+00:00,1,PERP,ICP|HTX|MEXC,ICP,HTX,MEXC,-11.762563980015628,-0.6161774192890823,-0.9773466892089763,17.503428319801376,-26.450017730494935,2.963841138112766,26.0,29.448446210440316,-86.92111725172627,-65.38963403776206,FLAT
2026-10-06T22:17:24.564271+00:00,1,PERP,DOT|BITGET|HTX,DOT,BITGET,HTX,5.873090428998307,0.3505685853546314,1.9165024283747083,11.286202374982219,-21.304345094098622,33.073098572957704,21.999999999999996,54.34551668354621,-105.56636420601954,-113.5021128281292,FLAT
2026-10-06T22:17:25.058561+00:00,1,PERP,ICP|HTX|OKX,ICP,HTX,OKX,-8.802647715081546,-0.26948509084167316,-4.125304315229367,17.356594330482626,-23.494015957447047,5.927682276229973,20.0,29.44756829547169,-74.81627993768937,-65.50055488693103,FLAT
2026-10-06T22:17:25.536927+00:00,1,PERP,DOT|GATE|HTX,DOT,GATE,HTX,5.873090428998307,0.34650748024627953,1.6780788589210944,12.106554141617998,-21.304345094098622,33.073098572957704,20.0,54.34551668354621,-103.32794063656593,-111.74053639758282,FLAT
2026-10-06T22:17:35.811362+00:00,2,PERP,OP|GATE|OKX,OP,GATE,OKX,-7.300139107986325,-1.1366704142091482,-0.3037811603969857,6.155133326362804,-16.812714672671536,2.2253293189566925,20.0,19.051943444122468,-61.560876956397024,-47.58105392347615,FLAT
2026-10-06T22:17:36.033595+00:00,2,PERP,OP|BITGET|GATE,OP,BITGET,GATE,-4.824963084640865,-0.3756146406725633,-1.7852678148726515,8.092589959553854,-15.41205059681472,5.77022472401989,21.999999999999996,21.192497525028877,-62.81928030697094,-56.747990063921414,FLAT
2026-10-06T22:17:36.517463+00:00,2,PERP,ICP|BITGET|HTX,ICP,BITGET,HTX,7.3280556903210226,0.7563516439173783,-5.367902876379659,16.785788288823436,-8.883624518802868,23.549342821049812,21.999999999999996,32.40921484107704,-63.92493648350024,-89.3264605385065,FLAT
2026-10-06T22:17:37.606963+00:00,2,PERP,ICP|HTX|MEXC,ICP,HTX,MEXC,-11.762563980015628,-0.6161774192890823,-0.9773466892089763,17.503428319801376,-26.450017730494935,2.963841138112766,26.0,29.448446210440316,-86.92111725172627,-65.38963403776206,FLAT
2026-10-06T22:17:38.088739+00:00,2,PERP,DOT|BITGET|HTX,DOT,BITGET,HTX,5.873090428998307,0.3505685853546314,1.9165024283747083,11.286202374982219,-21.304345094098622,33.073098572957704,21.999999999999996,54.34551668354621,-105.56636420601954,-113.5021128281292,FLAT
2026-10-06T22:17:38.610198+00:00,2,PERP,ICP|HTX|OKX,ICP,HTX,OKX,-11.779467094585883,-0.4409945081169435,-4.125304315229367,17.356594330482626,-26.483779250866533,2.963841138112766,20.0,29.482297323458905,-77.84077225909607,-62.57144277680104,FLAT
2026-10-06T22:17:39.077473+00:00,2,PERP,DOT|GATE|HTX,DOT,GATE,HTX,5.873090428998307,0.34650748024627953,1.6780788589210944,12.106554141617998,-21.304345094098622,33.073098572957704,20.0,54.34551668354621,-103.32794063656593,-111.74053639758282,FLAT
2026-10-06T22:36:37.381683+00:00,0,PERP,OP|GATE|OKX,OP,GATE,OKX,-5.241835901563796,-0.8052282675563585,-0.29313186116216516,6.145715742716729,-13.667928730332068,3.194585787436033,20.0,16.87135187678993,-56.246148745959836,-46.35906952538813,FLAT
2026-10-06T22:36:37.688892+00:00,0,PERP,OP|BITGET|GATE,OP,BITGET,GATE,-0.07817236292062546,0.20628011097982402,-1.7427941485457912,8.069715387093137,-10.262239821078323,10.11368703667026,21.999999999999996,20.376083162695558,-56.895528835228085,-60.232564347911605,FLAT
2026-10-06T22:36:38.514195+00:00,0,PERP,ICP|BITGET|HTX,ICP,BITGET,HTX,7.1921242647143835,0.75566344764355,-5.450219549490463,16.73012483749022,-5.918910920390541,20.310377014218783,21.999999999999996,26.210435077926903,-54.67912644882698,-79.97103164163615,FLAT
2026-10-06T22:36:39.247627+00:00,0,PERP,ICP|HTX|MEXC,ICP,HTX,MEXC,-11.832569146575933,-0.6235640558951043,-0.9361944978985662,17.474346934632088,-23.640661938533203,0.0,26.0,23.668642682058227,-78.37311012269286,-56.604837179956796,FLAT
2026-10-06T22:36:39.727477+00:00,0,PERP,DOT|BITGET|HTX,DOT,BITGET,HTX,0.7079222071948443,-0.08421294545514496,1.6511831223577387,11.200901596124686,-38.434347822290384,39.88270242773151,21.999999999999996,78.3114929102258,-146.3970238548739,-144.54301221559956,FLAT
2026-10-06T22:36:40.224219+00:00,0,PERP,ICP|HTX|OKX,ICP,HTX,OKX,-11.832569146575933,-0.44974531146312785,-4.04306073667374,17.31982126630977,-23.640661938533203,0.0,20.0,23.668642682058227,-69.2662438839177,-53.711703418731965,FLAT
2026-10-06T22:36:40.697868+00:00,0,PERP,DOT|GATE|HTX,DOT,GATE,HTX,0.7079222071948443,-0.048673020910790205,1.2975469298510955,12.113994809094308,-38.434347822290384,39.88270242773151,20.0,78.3114929102258,-144.04338766236728,-142.89664840810622,FLAT
2026-10-06T22:36:51.027612+00:00,1,PERP,OP|GATE|OKX,OP,GATE,OKX,-6.3922103646019135,-0.992411422651259,-0.29313186116216516,6.145715742716729,-16.804961442666855,4.036115873624624,20.0,20.854396245291838,-63.36622582679652,-51.18364398007863,FLAT
2026-10-06T22:36:51.331162+00:00,1,PERP,OP|BITGET|GATE,OP,BITGET,GATE,-2.2658103361450355,-0.06481222230411829,-1.7427941485457912,8.069715387093137,-13.465051654532045,8.941999644307419,21.999999999999996,22.412126184820757,-62.134383690807006,-61.09691997767396,FLAT
2026-10-06T22:36:51.725055+00:00,1,PERP,ICP|BITGET|HTX,ICP,BITGET,HTX,7.169921125795842,0.7543363123630775,-5.450219549490463,16.73012483749022,-5.918910920390541,20.265900384957014,21.999999999999996,26.166048504102246,-54.634739875002325,-79.88216843854971,FLAT
2026-10-06T22:36:52.453085+00:00,1,PERP,ICP|HTX|MEXC,ICP,HTX,MEXC,-10.353498003253803,-0.538921628406682,-0.9361944978985662,17.474346934632088,-23.640661938533203,2.9612081729335493,26.0,26.629412352375407,-81.33387979301006,-62.526815023207526,FLAT
2026-10-06T22:36:52.929134+00:00,1,PERP,DOT|BITGET|HTX,DOT,BITGET,HTX,0.7079222071948443,-0.08421294545514496,1.6511831223577387,11.200901596124686,-38.434347822290384,39.88270242773151,21.999999999999996,78.3114929102258,-146.3970238548739,-144.54301221559956,FLAT
2026-10-06T22:36:53.429916+00:00,1,PERP,ICP|HTX|OKX,ICP,HTX,OKX,-14.790711433219084,-0.6205405085473656,-4.04306073667374,17.31982126630977,-26.595744680850686,-2.9612081729346595,20.0,23.66952007701601,-72.22220402119295,-50.75137264075509,FLAT
2026-10-06T22:36:53.890398+00:00,1,PERP,DOT|GATE|HTX,DOT,GATE,HTX,2.5262997590602687,0.10143250418819023,1.2975469298510955,12.113994809094308,-38.434347822290384,43.53588441867062,20.0,81.94950012477605,-147.68139487691752,-150.18783761359558,FLAT
2026-10-06T22:37:04.232123+00:00,2,PERP,OP|GATE|OKX,OP,GATE,OKX,-6.005179591933585,-0.9294357191089991,-0.29313186116216516,6.145715742716729,-15.4771860158609,3.479628333615814,20.0,18.968196447267232,-60.15225060196597,-48.74095664204521,FLAT
2026-10-06T22:37:04.546250+00:00,2,PERP,OP|BITGET|GATE,OP,BITGET,GATE,-2.620158629654812,-0.10872310100456516,-1.7427941485457912,8.069715387093137,-13.2019907608516,7.96976977708308,21.999999999999996,21.177306232011755,-60.63650284431756,-58.88987015764062,FLAT
2026-10-06T22:37:05.000300+00:00,2,PERP,ICP|BITGET|HTX,ICP,BITGET,HTX,7.40082889283622,0.7681382277273276,-5.450219549490463,16.73012483749022,-5.918910920390541,20.728457210541507,21.999999999999996,26.627659120775093,-55.09635049167517,-80.80633588080707,FLAT
2026-10-06T22:37:05.649618+00:00,2,PERP,ICP|HTX|MEXC,ICP,HTX,MEXC,-11.832569146575933,-0.6235640558951043,-0.9361944978985662,17.474346934632088,-23.640661938533203,0.0,26.0,23.668642682058227,-78.37311012269286,-56.604837179956796,FLAT
2026-10-06T22:37:06.130165+00:00,2,PERP,DOT|BITGET|HTX,DOT,BITGET,HTX,0.7079222071948443,-0.08421294545514496,1.6511831223577387,11.200901596124686,-38.434347822290384,39.88270242773151,21.999999999999996,78.3114929102258,-146.3970238548739,-144.54301221559956,FLAT
2026-10-06T22:37:06.629027+00:00,2,PERP,ICP|HTX|OKX,ICP,HTX,OKX,-14.790711433219084,-0.6205405085473656,-4.04306073667374,17.31982126630977,-26.595744680850686,-2.9612081729346595,20.0,23.66952007701601,-72.22220402119295,-50.75137264075509,FLAT
2026-10-06T22:37:07.097191+00:00,2,PERP,DOT|GATE|HTX,DOT,GATE,HTX,0.7079222071948443,-0.048673020910790205,1.2975469298510955,12.113994809094308,-38.434347822290384,39.88270242773151,20.0,78.3114929102258,-144.04338766236728,-142.89664840810622,FLAT
2026-10-06T22:53:49.333881+00:00,0,PERP,OP|GATE|OKX,OP,GATE,OKX,-2.8907133148414754,-0.41774890154408806,-0.3147823523130502,6.166218398198634,-11.55578543025948,5.787012009665915,20.0,17.347802960712944,-54.58880603865937,-49.44959732269191,FLAT
2026-10-06T22:53:49.649865+00:00,0,PERP,OP|BITGET|GATE,OP,BITGET,GATE,-8.01922014217027,-0.7681497415491693,-1.7963344378335115,8.101136233915442,-19.140737955060104,3.110839543081223,21.999999999999996,22.2694325673314,-67.61383608455799,-55.17660654824613,FLAT
2026-10-06T22:53:50.247555+00:00,0,PERP,ICP|BITGET|HTX,ICP,BITGET,HTX,14.591843699118812,1.2048124079706382,-5.5323053604253305,16.703138950436983,0.0,29.191778569315208,21.999999999999996,29.149242208036394,-51.61693684761106,-91.87332613777693,FLAT
2026-10-06T22:53:50.988877+00:00,0,PERP,ICP|HTX|MEXC,ICP,HTX,MEXC,-16.228976099142976,-0.875190434626342,-0.9358063856223447,17.47410518723273,-29.472443265545767,-2.9542097488910457,26.0,26.56130284947843,-87.09793972940184,-56.54289948620973,FLAT
2026-10-06T22:53:51.475106+00:00,0,PERP,DOT|BITGET|HTX,DOT,BITGET,HTX,18.738324876681478,1.5229978591437054,1.708861232361417,11.181541419824946,-19.274031625713395,56.78241122590633,21.999999999999996,75.91417915912015,-124.89707201719497,-158.98772915266505,FLAT
2026-10-06T22:53:52.027544+00:00,0,PERP,ICP|HTX|OKX,ICP,HTX,OKX,-16.228976099142976,-0.6973978407955034,-4.124758370818916,17.356259254426565,-29.472443265545767,-2.9542097488910457,20.0,26.56130284947843,-77.90898774420528,-53.7318514714063,FLAT
2026-10-06T22:53:52.481952+00:00,0,PERP,DOT|GATE|HTX,DOT,GATE,HTX,12.318475762875813,0.9036325591239718,1.470437662907803,12.004921680206676,-27.59130326602466,52.276972705675995,20.0,79.76998179609544,-134.8317227250279,-156.57651683886363,FLAT
2026-10-06T22:54:02.834382+00:00,1,PERP,OP|GATE|OKX,OP,GATE,OKX,-5.88870419809151,-0.9039449279653792,-0.3147823523130502,6.166218398198634,-15.007764916820099,3.2442970353829814,20.0,18.26280573082822,-58.95578829533527,-47.82188511852425,FLAT
2026-10-06T22:54:03.137560+00:00,1,PERP,OP|BITGET|GATE,OP,BITGET,GATE,-6.52505191044872,-0.5837104001310844,-1.7963344378335115,8.101136233915442,-20.8088352199165,7.778334935828468,21.999999999999996,28.605822160152453,-75.61832294223544,-66.18049153381443,FLAT
2026-10-06T22:54:03.830321+00:00,1,PERP,ICP|BITGET|HTX,ICP,BITGET,HTX,12.360375840878568,1.0712166889347343,-5.5323053604253305,16.703138950436983,-2.2271518015370972,26.955989151637993,21.999999999999996,29.14711178727254,-53.8419582283843,-89.63540629933587,FLAT
2026-10-06T22:54:04.601274+00:00,1,PERP,ICP|HTX|MEXC,ICP,HTX,MEXC,-16.228976099142976,-0.875190434626342,-0.9358063856223447,17.47410518723273,-29.472443265545767,-2.9542097488910457,26.0,26.56130284947843,-87.09793972940184,-56.54289948620973,FLAT
2026-10-06T22:54:05.152305+00:00,1,PERP,DOT|BITGET|HTX,DOT,BITGET,HTX,18.588570340207777,1.5096048455285893,1.708861232361417,11.181541419824946,-19.274031625713395,56.4827771491716,21.999999999999996,75.61623581788292,-124.59912867595773,-158.39015173469312,FLAT
2026-10-06T22:54:05.728723+00:00,1,PERP,ICP|HTX|OKX,ICP,HTX,OKX,-16.228976099142976,-0.6973978407955034,-4.124758370818916,17.356259254426565,-29.472443265545767,-2.9542097488910457,20.0,26.56130284947843,-77.90898774420528,-53.7318514714063,FLAT
2026-10-06T22:54:06.190669+00:00,1,PERP,DOT|GATE|HTX,DOT,GATE,HTX,18.588570340207777,1.42592622703435,1.470437662907803,12.004921680206676,-19.274031625713395,56.4827771491716,20.0,75.61623581788292,-122.36070510650413,-156.62857530414672,FLAT
2026-10-06T22:54:16.540278+00:00,2,PERP,OP|GATE|OKX,OP,GATE,OKX,-4.212751017154126,-0.6321489790208871,-0.3147823523130502,6.166218398198634,-13.177968773019355,4.7657847693538535,20.0,17.951306095899724,-56.81449251660603,-49.03187321756663,FLAT
2026-10-06T22:54:16.848349+00:00,2,PERP,OP|BITGET|GATE,OP,BITGET,GATE,-4.4015133177621735,-0.3215819120559989,-1.7963344378335115,8.101136233915442,-16.387705276718066,7.595650684635302,21.999999999999996,23.993911894073793,-66.58528273295835,-61.3858970165426,FLAT
2026-10-06T22:54:17.371642+00:00,2,PERP,ICP|BITGET|HTX,ICP,BITGET,HTX,11.581625276662066,1.024593681934237,-5.5323053604253305,16.703138950436983,-2.953337271117684,26.12449468085032,21.999999999999996,29.044191907218096,-54.46522381791045,-88.70099194849374,FLAT
2026-10-06T22:54:18.212169+00:00,2,PERP,ICP|HTX|MEXC,ICP,HTX,MEXC,-16.228976099142976,-0.875190434626342,-0.9358063856223447,17.47410518723273,-29.472443265545767,-2.9542097488910457,26.0,26.56130284947843,-87.09793972940184,-56.54289948620973,FLAT
2026-10-06T22:54:18.625703+00:00,2,PERP,DOT|BITGET|HTX,DOT,BITGET,HTX,18.588570340207777,1.5096048455285893,1.708861232361417,11.181541419824946,-19.274031625713395,56.4827771491716,21.999999999999996,75.61623581788292,-124.59912867595773,-158.39015173469312,FLAT
2026-10-06T22:54:19.079759+00:00,2,PERP,ICP|HTX|OKX,ICP,HTX,OKX,-16.228976099142976,-0.6973978407955034,-4.124758370818916,17.356259254426565,-29.472443265545767,-2.9542097488910457,20.0,26.56130284947843,-77.90898774420528,-53.7318514714063,FLAT
2026-10-06T22:54:19.472222+00:00,2,PERP,DOT|GATE|HTX,DOT,GATE,HTX,18.588570340207777,1.42592622703435,1.470437662907803,12.004921680206676,-19.274031625713395,56.4827771491716,20.0,75.61623581788292,-122.36070510650413,-156.62857530414672,FLAT
2026-10-06T23:10:35.967715+00:00,0,PERP,OP|GATE|OKX,OP,GATE,OKX,-2.316545679962312,-0.32038091954210846,-0.3460596814742725,6.150447415233957,-11.499366388669774,6.878836659292009,20.0,18.382452841170714,-55.535759548366215,-51.607349181936996,FLAT
2026-10-06T23:10:36.326417+00:00,0,PERP,OP|BITGET|GATE,OP,BITGET,GATE,-4.222151365077531,-0.2991069544736414,-1.7988231655330367,8.101878486272538,-15.522377815992972,7.086727632887868,21.999999999999996,22.618652074808747,-64.34220672526868,-59.504202873229644,FLAT
2026-10-06T23:10:36.858824+00:00,0,PERP,ICP|BITGET|HTX,ICP,BITGET,HTX,6.236741480420971,0.6757205858802188,-5.203669729773103,16.93068325762396,-8.215782252798398,20.697811945591393,21.999999999999996,28.895570251854338,-59.90768277487963,-82.79705192721883,FLAT
2026-10-06T23:10:37.676998+00:00,0,PERP,ICP|HTX|MEXC,ICP,HTX,MEXC,-10.6640249814971,-0.5439880797663565,-1.0997112516725194,17.581844318964603,-23.605783416936752,2.3075125702476385,26.0,25.94092523300766,-80.44699739827189,-61.348149054927816,FLAT
2026-10-06T23:10:38.187349+00:00,0,PERP,DOT|BITGET|HTX,DOT,BITGET,HTX,-5.857165139689924,-0.6822129578830348,1.7673368577555815,11.176131894511338,-52.40542332106246,40.7298187140448,21.999999999999996,93.18980874287206,-175.3625689216901,-160.1522905991613,FLAT
2026-10-06T23:10:38.753933+00:00,0,PERP,ICP|HTX|OKX,ICP,HTX,OKX,-12.141081905201467,-0.4496924949735525,-4.288321624352082,17.462511313005624,-26.556506344054263,2.3075125702476385,20.0,28.899067390281047,-77.16725210998322,-61.494901584880765,FLAT
2026-10-06T23:10:39.203086+00:00,0,PERP,DOT|GATE|HTX,DOT,GATE,HTX,-5.857165139689924,-0.6221506500479203,1.6446925771662162,12.057944030562886,-52.40542332106246,40.7298187140448,20.0,93.18980874287206,-173.23992464110074,-158.27493487975065,FLAT
2026-10-06T23:10:49.607092+00:00,1,PERP,OP|GATE|OKX,OP,GATE,OKX,-2.7689718767953675,-0.3939408032852728,-0.3460596814742725,6.150447415233957,-11.70366221680541,6.17883252805651,20.0,17.88743810901612,-55.245040644347256,-50.4123303185469,FLAT
2026-10-06T23:10:49.968945+00:00,1,PERP,OP|BITGET|GATE,OP,BITGET,GATE,-4.317352072840119,-0.31085740320277155,-1.7988231655330367,8.101878486272538,-15.468749737121978,6.84258418076622,21.999999999999996,22.32096739764001,-63.99089396922895,-58.962374743939264,FLAT
2026-10-06T23:10:50.444334+00:00,1,PERP,ICP|BITGET|HTX,ICP,BITGET,HTX,6.236741480420971,0.6757205858802188,-5.203669729773103,16.93068325762396,-8.215782252798398,20.697811945591393,21.999999999999996,28.895570251854338,-59.90768277487963,-82.79705192721883,FLAT
2026-10-06T23:10:51.533928+00:00,1,PERP,ICP|HTX|MEXC,ICP,HTX,MEXC,-10.6640249814971,-0.5439880797663565,-1.0997112516725194,17.581844318964603,-23.605783416936752,2.3075125702476385,26.0,25.94092523300766,-80.44699739827189,-61.348149054927816,FLAT
2026-10-06T23:10:52.021184+00:00,1,PERP,DOT|BITGET|HTX,DOT,BITGET,HTX,-5.857165139689924,-0.6822129578830348,1.7673368577555815,11.176131894511338,-52.40542332106246,40.7298187140448,21.999999999999996,93.18980874287206,-175.3625689216901,-160.1522905991613,FLAT
2026-10-06T23:10:52.554762+00:00,1,PERP,ICP|HTX|OKX,ICP,HTX,OKX,-10.6640249814971,-0.36510804447677353,-4.288321624352082,17.462511313005624,-23.605783416936752,2.3075125702476385,20.0,25.94092523300766,-71.25838702559233,-58.53675942760738,FLAT
2026-10-06T23:10:53.007107+00:00,1,PERP,DOT|GATE|HTX,DOT,GATE,HTX,-5.857165139689924,-0.6221506500479203,1.6446925771662162,12.057944030562886,-52.40542332106246,40.7298187140448,20.0,93.18980874287206,-173.23992464110074,-158.27493487975065,FLAT
2026-10-06T23:11:03.417333+00:00,2,PERP,OP|GATE|OKX,OP,GATE,OKX,-3.9192093435469477,-0.5809576801229762,-0.3460596814742725,6.150447415233957,-13.00624374071191,5.181740715587413,20.0,18.195104851893696,-56.85528891113133,-49.722905248955385,FLAT
2026-10-06T23:11:03.751517+00:00,2,PERP,OP|BITGET|GATE,OP,BITGET,GATE,-3.096350335215492,-0.16015139845418905,-1.7988231655330367,8.101878486272538,-18.152943353939577,11.982607525891087,21.999999999999996,30.144868189226575,-74.49898837763311,-71.92629888065069,FLAT
2026-10-06T23:11:04.244921+00:00,2,PERP,ICP|BITGET|HTX,ICP,BITGET,HTX,11.086781214004748,0.9621850870337552,-5.203669729773103,16.93068325762396,2.954209748893266,19.22537060910612,21.999999999999996,16.25313913470357,-36.0952596560372,-68.68217947358279,FLAT
2026-10-06T23:11:05.479036+00:00,2,PERP,ICP|HTX|MEXC,ICP,HTX,MEXC,-14.760147601474705,-0.776962649764075,-1.0997112516725194,17.581844318964603,-20.655060489818133,-8.860011813349722,26.0,11.812481761178633,-63.36783099932424,-36.052181199501426,FLAT
2026-10-06T23:11:05.950059+00:00,2,PERP,DOT|BITGET|HTX,DOT,BITGET,HTX,-5.857165139689924,-0.6822129578830348,1.7673368577555815,11.176131894511338,-52.40542332106246,40.7298187140448,21.999999999999996,93.18980874287206,-175.3625689216901,-160.1522905991613,FLAT
2026-10-06T23:11:06.502168+00:00,2,PERP,ICP|HTX|OKX,ICP,HTX,OKX,-12.141081905201467,-0.4496924949735525,-4.288321624352082,17.462511313005624,-26.556506344054263,2.3075125702476385,20.0,28.899067390281047,-77.16725210998322,-61.494901584880765,FLAT
2026-10-06T23:11:06.973998+00:00,2,PERP,DOT|GATE|HTX,DOT,GATE,HTX,-3.5683441319278586,-0.43233213687845595,1.6446925771662162,12.057944030562886,-52.40542332106246,45.3317669323372,20.0,97.77203803121328,-177.82215392944195,-167.45911238638428,FLAT
2026-10-06T23:48:17.068301+00:00,0,PERP,OP|GATE|OKX,OP,GATE,OKX,-1.9436118290172555,-0.25555419088877596,-0.3674040659968101,6.167802443539083,-10.745270843255383,6.869673299865209,20.0,17.618360795164346,-53.996227572422924,-50.85543816102637,FLAT
2026-10-06T23:48:17.298212+00:00,0,PERP,OP|BITGET|GATE,OP,BITGET,GATE,-5.903444008642511,-0.5066187308297434,-1.7988720606022648,8.101895366793391,-16.90781063302005,5.110634024636518,21.999999999999996,22.03144651545716,-65.14038508787493,-56.94095260069594,FLAT
2026-10-06T23:48:17.751800+00:00,0,PERP,ICP|BITGET|HTX,ICP,BITGET,HTX,5.908419497784312,0.67607770999469,-5.408992954808548,16.739810062192035,-5.906674542232038,17.730496453900457,21.999999999999996,23.623211348980114,-52.12089293640359,-74.76270075768912,FLAT
2026-10-06T23:48:18.518205+00:00,0,PERP,ICP|HTX|MEXC,ICP,HTX,MEXC,-7.381163271332758,-0.3664796123912871,-0.9768128482408477,17.475325247435702,-17.69911504424848,2.9550827423152626,26.0,20.66943803231459,-69.39174022832222,-56.6013336228707,FLAT
2026-10-06T23:48:18.989318+00:00,0,PERP,DOT|BITGET|HTX,DOT,BITGET,HTX,3.340689693847043,0.14366543665912984,1.7326146836383092,11.193193349797555,-27.310237983558807,34.017159810986186,21.999999999999996,61.30690642124929,-118.3497590884464,-121.59145154859715,FLAT
2026-10-06T23:48:19.462924+00:00,0,PERP,ICP|HTX|OKX,ICP,HTX,OKX,-10.333628579864973,-0.35818053330723126,-4.1244409580437775,17.335357576496854,-20.648967551624153,0.0,20.0,20.670311283737675,-63.19483787731805,-50.79475224178145,FLAT
2026-10-06T23:48:19.927474+00:00,0,PERP,DOT|GATE|HTX,DOT,GATE,HTX,3.340689693847043,0.14334970458075194,1.6099704030489437,12.07340674931875,-27.310237983558807,34.017159810986186,20.0,61.30690642124929,-116.22711480785705,-119.71409582918653,FLAT
2026-10-06T23:48:30.163461+00:00,1,PERP,OP|GATE|OKX,OP,GATE,OKX,-3.6623604666008447,-0.5342188617042328,-0.3674040659968101,6.167802443539083,-12.631157481021171,5.318446433144608,20.0,17.95617207595613,-56.21992549098049,-49.64202257509755,FLAT
2026-10-06T23:48:30.392716+00:00,1,PERP,OP|BITGET|GATE,OP,BITGET,GATE,-5.00327141009782,-0.3955123097033786,-1.7988720606022648,8.101895366793391,-15.56807421609574,5.569627030235225,21.999999999999996,21.148279203814777,-62.91748135930825,-56.51677829465226,FLAT
2026-10-06T23:48:30.886791+00:00,1,PERP,ICP|BITGET|HTX,ICP,BITGET,HTX,6.497436314514271,0.7112642990026676,-5.408992954808548,16.739810062192035,-5.379086355582485,18.38112267218639,21.999999999999996,23.74477884908284,-51.71487224985677,-75.53489447607777,FLAT
2026-10-06T23:48:31.726932+00:00,1,PERP,ICP|HTX|MEXC,ICP,HTX,MEXC,-10.333628579864973,-0.5354301335820418,-0.9768128482408477,17.475325247435702,-20.648967551624153,0.0,26.0,20.670311283737675,-72.34246598712099,-53.64712413197852,FLAT
2026-10-06T23:48:32.191764+00:00,1,PERP,DOT|BITGET|HTX,DOT,BITGET,HTX,3.340689693847043,0.14366543665912984,1.7326146836383092,11.193193349797555,-27.310237983558807,34.017159810986186,21.999999999999996,61.30690642124929,-118.3497590884464,-121.59145154859715,FLAT
2026-10-06T23:48:32.662173+00:00,1,PERP,ICP|HTX|OKX,ICP,HTX,OKX,-10.333628579864973,-0.35818053330723126,-4.1244409580437775,17.335357576496854,-20.648967551624153,0.0,20.0,20.670311283737675,-63.19483787731805,-50.79475224178145,FLAT
2026-10-06T23:48:33.108068+00:00,1,PERP,DOT|GATE|HTX,DOT,GATE,HTX,3.340689693847043,0.14334970458075194,1.6099704030489437,12.07340674931875,-27.310237983558807,34.017159810986186,20.0,61.30690642124929,-116.22711480785705,-119.71409582918653,FLAT
2026-10-06T23:48:43.361343+00:00,2,PERP,OP|GATE|OKX,OP,GATE,OKX,-3.9811877574558174,-0.5859110638740594,-0.3674040659968101,6.167802443539083,-12.792429888862644,4.842603647072785,20.0,17.642048236387243,-56.06707405925307,-48.85205594945683,FLAT
2026-10-06T23:48:43.588509+00:00,2,PERP,OP|BITGET|GATE,OP,BITGET,GATE,-4.6510791648157745,-0.3520419574786944,-1.7988720606022648,8.101895366793391,-15.587853466662027,6.294075806991817,21.999999999999996,21.892108256758288,-63.681089662818046,-57.98505612435237,FLAT
2026-10-06T23:48:44.045134+00:00,2,PERP,ICP|BITGET|HTX,ICP,BITGET,HTX,3.770241413483255,0.5483475818536143,-5.408992954808548,16.739810062192035,-8.384814880424418,15.933315602838505,21.999999999999996,24.308962773877482,-55.28478469949335,-73.65127133152453,FLAT
2026-10-06T23:48:44.765423+00:00,2,PERP,ICP|HTX|MEXC,ICP,HTX,MEXC,-7.381163271332758,-0.3664796123912871,-0.9768128482408477,17.475325247435702,-17.69911504424848,2.9550827423152626,26.0,20.66943803231459,-69.39174022832222,-56.6013336228707,FLAT
2026-10-06T23:48:45.231605+00:00,2,PERP,DOT|BITGET|HTX,DOT,BITGET,HTX,3.340689693847043,0.14366543665912984,1.7326146836383092,11.193193349797555,-27.310237983558807,34.017159810986186,21.999999999999996,61.30690642124929,-118.3497590884464,-121.59145154859715,FLAT
2026-10-06T23:48:45.715290+00:00,2,PERP,ICP|HTX|OKX,ICP,HTX,OKX,-10.333628579864973,-0.35818053330723126,-4.1244409580437775,17.335357576496854,-20.648967551624153,0.0,20.0,20.670311283737675,-63.19483787731805,-50.79475224178145,FLAT
2026-10-06T23:48:46.203661+00:00,2,PERP,DOT|GATE|HTX,DOT,GATE,HTX,3.340689693847043,0.14334970458075194,1.6099704030489437,12.07340674931875,-27.310237983558807,34.017159810986186,20.0,61.30690642124929,-116.22711480785705,-119.71409582918653,FLAT
2026-10-07T00:01:16.322224+00:00,0,PERP,OP|GATE|OKX,OP,GATE,OKX,-5.313008356405691,-0.8002782820040013,-0.378969028947561,6.1654045079202335,-13.711139316721077,3.096846130647979,20.0,16.81691210969571,-56.14908239746922,-46.29272726929125,FLAT
2026-10-07T00:01:16.574657+00:00,0,PERP,OP|BITGET|GATE,OP,BITGET,GATE,-4.085140479924698,-0.31777517298068875,-1.494755549144855,8.151627789176787,-14.887381535317878,6.725390860240488,21.999999999999996,21.621601943683345,-63.01422792985637,-57.84174835306869,FLAT
2026-10-07T00:01:17.035130+00:00,0,PERP,ICP|BITGET|HTX,ICP,BITGET,HTX,12.049827306364058,1.0217633315957566,-5.1629781645936506,16.846176544694856,-5.441649379799296,29.55082742316817,21.999999999999996,34.95035963131917,-63.22903084652481,-97.66416521908099,FLAT
2026-10-07T00:01:17.677601+00:00,0,PERP,ICP|HTX|MEXC,ICP,HTX,MEXC,-13.278253172028798,-0.6970490033664695,-1.0997717403067597,17.471485322989942,-29.463759575723003,2.9550827423152626,26.0,32.46187545229029,-92.82586328770653,-68.5167299349123,FLAT
2026-10-07T00:01:18.158550+00:00,0,PERP,DOT|BITGET|HTX,DOT,BITGET,HTX,21.61061157313071,1.80746177038675,1.6022586186492043,11.069862324225113,-7.52289894277558,50.768440545228,21.999999999999996,58.16562985925208,-95.29078742067686,-135.3318117858309,FLAT
2026-10-07T00:01:18.668557+00:00,0,PERP,ICP|HTX|OKX,ICP,HTX,OKX,-16.22897609914631,-0.6899829203831859,-4.247448221034949,17.364962992790243,-32.41013553329619,0.0,20.0,32.46274870371337,-86.62543601597461,-62.710196924748324,FLAT
2026-10-07T00:01:19.129574+00:00,0,PERP,DOT|GATE|HTX,DOT,GATE,HTX,13.25578822042317,0.9927949133335253,1.4780330440023224,11.863230782352085,-15.849963193655947,42.385814656531466,20.0,58.15867382503836,-101.48667006269663,-125.0664554375675,FLAT
2026-10-07T00:01:29.423445+00:00,1,PERP,OP|GATE|OKX,OP,GATE,OKX,-5.736684938665304,-0.8689966575323786,-0.378969028947561,6.1654045079202335,-15.727190543525227,4.26892923727884,20.0,20.00758608691954,-61.35580760149721,-50.655484353145944,FLAT
2026-10-07T00:01:29.669564+00:00,1,PERP,OP|BITGET|GATE,OP,BITGET,GATE,-6.876569389864251,-0.6602133929452747,-1.494755549144855,8.151627789176787,-18.255949022695226,4.5115434583409275,21.999999999999996,22.783156126529228,-67.54434960007958,-56.789455134015,FLAT
2026-10-07T00:01:30.120574+00:00,1,PERP,ICP|BITGET|HTX,ICP,BITGET,HTX,12.049627020185305,1.0217514424778775,-5.1629781645936506,16.846176544694856,-5.442049143532524,29.55082742316817,21.999999999999996,34.9507596126862,-63.229830591625074,-97.66456520044801,FLAT
2026-10-07T00:01:30.817663+00:00,1,PERP,ICP|HTX|MEXC,ICP,HTX,MEXC,-13.278253172028798,-0.6970490033664695,-1.0997717403067597,17.471485322989942,-29.463759575723003,2.9550827423152626,26.0,32.46187545229029,-92.82586328770653,-68.5167299349123,FLAT
2026-10-07T00:01:31.280230+00:00,1,PERP,DOT|BITGET|HTX,DOT,BITGET,HTX,21.61061157313071,1.80746177038675,1.6022586186492043,11.069862324225113,-7.52289894277558,50.768440545228,21.999999999999996,58.16562985925208,-95.29078742067686,-135.3318117858309,FLAT
2026-10-07T00:01:31.724608+00:00,1,PERP,ICP|HTX|OKX,ICP,HTX,OKX,-16.22897609914631,-0.6899829203831859,-4.247448221034949,17.364962992790243,-32.41013553329619,0.0,20.0,32.46274870371337,-86.62543601597461,-62.710196924748324,FLAT
2026-10-07T00:01:32.099901+00:00,1,PERP,DOT|GATE|HTX,DOT,GATE,HTX,21.360468030480195,1.6759713564752758,1.4780330440023224,11.863230782352085,-7.52289894277558,50.26794465897044,20.0,57.66765273821371,-92.66858472499162,-132.45756435318185,FLAT
2026-10-07T00:01:42.375435+00:00,2,PERP,OP|GATE|OKX,OP,GATE,OKX,-4.6519720817495,-0.693061265860615,-0.378969028947561,6.1654045079202335,-14.181996446042122,4.892693468476761,20.0,19.08355629347436,-58.88658371056892,-50.35521879089868,FLAT
2026-10-07T00:01:42.617285+00:00,2,PERP,OP|BITGET|GATE,OP,BITGET,GATE,-7.526575164819027,-0.7399527765095995,-1.494755549144855,8.151627789176787,-19.147095765417177,4.103322963850964,21.999999999999996,23.2679277277518,-68.92026794402412,-56.866006240747616,FLAT
2026-10-07T00:01:43.058785+00:00,2,PERP,ICP|BITGET|HTX,ICP,BITGET,HTX,11.816838995570844,1.0079329938823254,-5.1629781645936506,16.846176544694856,-5.906674542232038,29.55082742316817,21.999999999999996,35.41564876895581,-64.15934514659419,-98.12945435671762,FLAT
2026-10-07T00:01:43.708684+00:00,2,PERP,ICP|HTX|MEXC,ICP,HTX,MEXC,-13.278253172028798,-0.6970490033664695,-1.0997717403067597,17.471485322989942,-29.463759575723003,2.9550827423152626,26.0,32.46187545229029,-92.82586328770653,-68.5167299349123,FLAT
2026-10-07T00:01:44.145200+00:00,2,PERP,DOT|BITGET|HTX,DOT,BITGET,HTX,20.777052232574533,1.7321618871414064,1.6022586186492043,11.069862324225113,-7.590852883607724,49.168636735335,21.999999999999996,56.64179478729991,-93.83490628955683,-132.2081729039857,FLAT
2026-10-07T00:01:44.578471+00:00,2,PERP,ICP|HTX|OKX,ICP,HTX,OKX,-19.1796990262616,-0.8599068602349668,-4.247448221034949,17.364962992790243,-35.35651149086494,-2.955082742317483,20.0,32.4636224714648,-89.57268574129479,-59.755987950182266,FLAT
2026-10-07T00:01:44.956912+00:00,2,PERP,DOT|GATE|HTX,DOT,GATE,HTX,23.026021084582293,1.816367601364973,1.4780330440023224,11.863230782352085,-7.590852883607724,53.68159984591392,20.0,61.131666376454255,-96.2005523040643,-139.33523317836585,FLAT
2026-10-07T00:34:44.618228+00:00,0,PERP,OP|GATE|OKX,OP,GATE,OKX,-3.3877627597767024,-0.5024332606888269,-0.30434916386029265,6.1369615373176245,-11.429745957177717,4.664282348367799,20.0,16.099476135455923,-53.22487292877335,-47.068107647684016,FLAT
2026-10-07T00:34:44.867246+00:00,0,PERP,OP|BITGET|GATE,OP,BITGET,GATE,-4.79244058323558,-0.38593779346471935,-1.623199279868836,8.211793084360009,-14.889224189321704,5.312127744212525,21.999999999999996,20.21103495205347,-61.47705986150633,-55.14636197613483,FLAT
2026-10-07T00:34:45.318102+00:00,0,PERP,ICP|BITGET|HTX,ICP,BITGET,HTX,5.936138584157202,0.6623624439834012,-5.202502915629681,16.816535419490087,-9.183681178596137,21.06530243755733,21.999999999999996,30.231035168279053,-62.2122134312455,-84.49884052146606,FLAT
2026-10-07T00:34:46.009019+00:00,0,PERP,ICP|HTX|MEXC,ICP,HTX,MEXC,-7.516536380035577,-0.36983352450241685,-1.0603057336675148,17.45712656810773,-21.021021021022655,6.020469596628164,26.0,27.061792600862816,-79.02250788821796,-66.1425679311585,FLAT
2026-10-07T00:34:46.478409+00:00,0,PERP,DOT|BITGET|HTX,DOT,BITGET,HTX,-6.279154296470191,-0.7026932427557157,1.4863825728664446,11.051105086599286,-37.50740778868056,24.975253511900775,21.999999999999996,62.52190882401441,-129.5156991855614,-114.01077976304873,FLAT
2026-10-07T00:34:46.963205+00:00,0,PERP,ICP|HTX|OKX,ICP,HTX,OKX,-7.516536380035577,-0.1932398938787669,-4.167752031488006,17.329673916342042,-21.021021021022655,6.020469596628164,20.0,27.061792600862816,-69.91506159039747,-63.25001422897898,FLAT
2026-10-07T00:34:47.394033+00:00,0,PERP,DOT|GATE|HTX,DOT,GATE,HTX,-14.638602933612077,-1.3359148785937476,1.1300178955044964,11.803611952967715,-45.8372510932048,16.586152881346017,20.0,62.51490614426209,-135.48217513297138,-103.9710411301036,FLAT
2026-10-07T00:34:57.676517+00:00,1,PERP,OP|GATE|OKX,OP,GATE,OKX,-3.955098455042938,-0.5948789590717125,-0.30434916386029265,6.1369615373176245,-12.770208576546871,4.872035269876118,20.0,17.649216090784837,-56.11507550347141,-48.82560052452124,FLAT
2026-10-07T00:34:57.926696+00:00,1,PERP,OP|BITGET|GATE,OP,BITGET,GATE,-4.113568387477118,-0.30326739629513816,-1.623199279868836,8.211793084360009,-14.773871030177022,6.554953455408796,21.999999999999996,21.33759868540435,-62.48827043571253,-57.51575142068198,FLAT
2026-10-07T00:34:58.428208+00:00,1,PERP,ICP|BITGET|HTX,ICP,BITGET,HTX,2.8983775068058826,0.48172112866047173,-5.202502915629681,16.816535419490087,-12.24434481514991,18.050541516245744,21.999999999999996,30.286105332158492,-65.3279472316787,-81.53914976403391,FLAT
2026-10-07T00:34:59.122672+00:00,1,PERP,ICP|HTX|MEXC,ICP,HTX,MEXC,-4.509921828020902,-0.19760503430475554,-1.0603057336675148,17.45712656810773,-18.018018018018942,9.030704394945577,26.0,27.06088753959503,-76.01859982394646,-69.15189766820812,FLAT
2026-10-07T00:34:59.578151+00:00,1,PERP,DOT|BITGET|HTX,DOT,BITGET,HTX,-6.279154296470191,-0.7026932427557157,1.4863825728664446,11.051105086599286,-37.50740778868056,24.975253511900775,21.999999999999996,62.52190882401441,-129.5156991855614,-114.01077976304873,FLAT
2026-10-07T00:35:00.064462+00:00,1,PERP,ICP|HTX|OKX,ICP,HTX,OKX,-4.509921828020902,-0.01974473369693509,-4.167752031488006,17.329673916342042,-18.018018018018942,9.030704394945577,20.0,27.06088753959503,-66.91115352612596,-66.25934396602861,FLAT
2026-10-07T00:35:00.500648+00:00,1,PERP,DOT|GATE|HTX,DOT,GATE,HTX,-14.638602933612077,-1.3359148785937476,1.1300178955044964,11.803611952967715,-45.8372510932048,16.586152881346017,20.0,62.51490614426209,-135.48217513297138,-103.9710411301036,FLAT
2026-10-07T00:35:10.768396+00:00,2,PERP,OP|GATE|OKX,OP,GATE,OKX,-4.664935192328912,-0.7105447870176105,-0.30434916386029265,6.1369615373176245,-14.19806110351196,4.882378168358237,20.0,19.089333773144187,-58.98304571279586,-50.27606110536272,FLAT
2026-10-07T00:35:11.022647+00:00,2,PERP,OP|BITGET|GATE,OP,BITGET,GATE,-7.351995477535844,-0.6976303638943291,-1.623199279868836,8.211793084360009,-18.470602547562276,3.7751775455507897,21.999999999999996,22.262143912847456,-67.10954718054089,-55.660520738267074,FLAT
2026-10-07T00:35:11.478884+00:00,2,PERP,ICP|BITGET|HTX,ICP,BITGET,HTX,5.282039680352124,0.6234662690288985,-5.202502915629681,16.816535419490087,-6.006006006006315,16.575230168269783,21.999999999999996,22.569313801004864,-51.37281689138149,-72.34704688490433,FLAT
2026-10-07T00:35:12.274893+00:00,2,PERP,ICP|HTX|MEXC,ICP,HTX,MEXC,-7.505253677574375,-0.36918721524773035,-1.0603057336675148,17.45712656810773,-17.99640071985631,3.004807692310596,26.0,21.016965142840498,-69.9530601290293,-57.08207856881861,FLAT
2026-10-07T00:35:12.746092+00:00,2,PERP,DOT|BITGET|HTX,DOT,BITGET,HTX,-14.638602933612077,-1.459128782155179,1.4863825728664446,11.051105086599286,-45.8372510932048,16.586152881346017,21.999999999999996,62.51490614426209,-137.83853981033332,-105.61467645274166,FLAT
2026-10-07T00:35:13.262542+00:00,2,PERP,ICP|HTX|OKX,ICP,HTX,OKX,-4.503152206543071,-0.01935409614019218,-4.167752031488006,17.329673916342042,-14.997000599877852,6.009615384616751,20.0,21.01606279824522,-57.84531136663506,-57.19343021434997,FLAT
2026-10-07T00:35:13.693208+00:00,2,PERP,DOT|GATE|HTX,DOT,GATE,HTX,-14.638602933612077,-1.3359148785937476,1.1300178955044964,11.803611952967715,-45.8372510932048,16.586152881346017,20.0,62.51490614426209,-135.48217513297138,-103.9710411301036,FLAT
2026-10-07T01:00:59.471051+00:00,0,PERP,OP|GATE|OKX,OP,GATE,OKX,-4.121682872155752,-0.5738043303756001,-0.4878523543038533,6.332873987676724,-13.99911735058379,5.771052805536581,20.0,19.778310305981663,-59.289575302261596,-52.037215465822094,FLAT
2026-10-07T01:00:59.737239+00:00,0,PERP,OP|BITGET|GATE,OP,BITGET,GATE,-8.07053941068947,-0.782209632088574,-1.7993259531544195,8.01730533641003,-19.65794496558093,3.525779533086748,21.999999999999996,23.202446697809588,-69.0610657102361,-56.52755218405075,FLAT
2026-10-07T01:01:00.654193+00:00,0,PERP,ICP|BITGET|HTX,ICP,BITGET,HTX,21.00368936804653,1.5431564307383745,-5.078599895944366,16.901908804871425,6.130878063359546,35.88516746411585,21.999999999999996,29.691922883803866,-46.48244492449995,-98.65569024386409,FLAT
2026-10-07T01:01:01.864242+00:00,0,PERP,ICP|HTX|MEXC,ICP,HTX,MEXC,-22.37470167064437,-1.2112405350821611,-1.184048439457075,17.495000057729975,-35.75685339690104,-8.96057347670176,26.0,26.85633200377882,-93.42913696122278,-51.07980696653413,FLAT
2026-10-07T01:01:03.569217+00:00,0,PERP,DOT|BITGET|HTX,DOT,BITGET,HTX,6.333937955254054,0.423721141629712,1.63461862343697,11.090594426661388,-20.69854105192004,33.38898163605997,21.999999999999996,54.05327626445205,-104.38643593980906,-113.80763927707505,FLAT
2026-10-07T01:01:04.220219+00:00,0,PERP,ICP|HTX|OKX,ICP,HTX,OKX,-23.933945846128513,-1.1248470364505678,-4.374089603745996,17.38890320954505,-44.696066746123805,-3.091295243792258,20.0,41.70443078879973,-108.02640793117754,-68.98722514875347,FLAT
2026-10-07T01:01:04.650968+00:00,0,PERP,DOT|GATE|HTX,DOT,GATE,HTX,1.14667913785782,-0.011414211410872451,1.2806808853831835,11.739904116172397,-29.01462560104262,31.35220367278757,20.0,60.3598755410239,-116.6551820274497,-116.43139832842829,FLAT
2026-10-07T01:01:14.927404+00:00,1,PERP,OP|GATE|OKX,OP,GATE,OKX,-3.7637449670835377,-0.5172837197067737,-0.4878523543038533,6.332873987676724,-12.952076902473797,5.438146002723077,20.0,18.39713712140237,-56.86136166957231,-50.32313547842929,FLAT
2026-10-07T01:01:15.194844+00:00,1,PERP,OP|BITGET|GATE,OP,BITGET,GATE,-5.35180165397775,-0.44310096120326253,-1.7993259531544195,8.01730533641003,-19.153283979750356,8.46748174142986,21.999999999999996,27.635544243861954,-72.98950227045789,-65.90235193844623,FLAT
2026-10-07T01:01:15.660685+00:00,1,PERP,ICP|BITGET|HTX,ICP,BITGET,HTX,17.344637087086667,1.3266689130737863,-5.078599895944366,16.901908804871425,-5.725722279646961,40.43199640933359,21.999999999999996,46.07779216957605,-74.72491455327864,-119.588388474854,FLAT
2026-10-07T01:01:16.357301+00:00,1,PERP,ICP|HTX|MEXC,ICP,HTX,MEXC,-20.948440517937208,-1.129716605502236,-1.184048439457075,17.495000057729975,-41.716328963050664,-0.0999999999995449,26.0,41.703535450592085,-114.23581597418567,-74.78758389004962,FLAT
2026-10-07T01:01:16.924385+00:00,1,PERP,DOT|BITGET|HTX,DOT,BITGET,HTX,6.333937955254054,0.423721141629712,1.63461862343697,11.090594426661388,-20.69854105192004,33.38898163605997,21.999999999999996,54.05327626445205,-104.38643593980906,-113.80763927707505,FLAT
2026-10-07T01:01:17.413967+00:00,1,PERP,ICP|HTX|OKX,ICP,HTX,OKX,-23.933945846128513,-1.1248470364505678,-4.374089603745996,17.38890320954505,-44.696066746123805,-3.091295243792258,20.0,41.70443078879973,-108.02640793117754,-68.98722514875347,FLAT
2026-10-07T01:01:17.945996+00:00,1,PERP,DOT|GATE|HTX,DOT,GATE,HTX,6.333937955254054,0.43043427100138887,1.2806808853831835,11.739904116172397,-20.69854105192004,33.38898163605997,20.0,54.05327626445205,-102.03249820175527,-112.16157701512884,FLAT
2026-10-07T01:01:28.226031+00:00,2,PERP,OP|GATE|OKX,OP,GATE,OKX,-3.1522625147140104,-0.4207268557048333,-0.4878523543038533,6.332873987676724,-12.001893968562882,5.708499388894506,20.0,17.715970901403345,-55.230012515662374,-49.9123226446017,FLAT
2026-10-07T01:01:28.484227+00:00,2,PERP,OP|BITGET|GATE,OP,BITGET,GATE,-4.558164822703326,-0.34411049021918033,-1.7993259531544195,8.01730533641003,-15.593549805028584,6.485715452140273,21.999999999999996,22.089330669493542,-63.8835545213677,-58.374372074788226,FLAT
2026-10-07T01:01:28.955764+00:00,2,PERP,ICP|BITGET|HTX,ICP,BITGET,HTX,-4.403292312062934,0.03995451588798046,-5.078599895944366,16.901908804871425,-50.206566935726556,41.43618551765371,21.999999999999996,91.68310890426604,-164.81107594404824,-166.1978943178641,FLAT
2026-10-07T01:01:29.659127+00:00,2,PERP,ICP|HTX|MEXC,ICP,HTX,MEXC,-19.42908384396813,-1.042871411506494,-1.184048439457075,17.495000057729975,-53.635280095351014,14.992503748127994,26.0,68.76070357570468,-153.21193523159863,-116.93725576328976,FLAT
2026-10-07T01:01:30.134455+00:00,2,PERP,DOT|BITGET|HTX,DOT,BITGET,HTX,6.333937955254054,0.423721141629712,1.63461862343697,11.090594426661388,-20.69854105192004,33.38898163605997,21.999999999999996,54.05327626445205,-104.38643593980906,-113.80763927707505,FLAT
2026-10-07T01:01:30.617920+00:00,2,PERP,ICP|HTX|OKX,ICP,HTX,OKX,-25.395876904691363,-1.2089196798453723,-4.374089603745996,17.38890320954505,-53.635280095351014,2.995805871779389,20.0,56.77486122980752,-132.03605172141255,-90.14475670533291,FLAT
2026-10-07T01:01:31.060477+00:00,2,PERP,DOT|GATE|HTX,DOT,GATE,HTX,6.333937955254054,0.43043427100138887,1.2806808853831835,11.739904116172397,-20.69854105192004,33.38898163605997,20.0,54.05327626445205,-102.03249820175527,-112.16157701512884,FLAT
2026-10-07T01:24:04.159873+00:00,0,PERP,OP|GATE|OKX,OP,GATE,OKX,-3.0438369841900847,-0.406377071346211,-0.47829579242087167,6.313203604894118,-12.21888253663761,6.144390469655647,20.0,18.368854723725892,-56.10944146794263,-50.99154098580241,FLAT
2026-10-07T01:24:04.399475+00:00,0,PERP,OP|BITGET|GATE,OP,BITGET,GATE,-1.886451029720071,-0.024180111023584812,-1.6922730048124501,8.030485249559993,-12.756119824661738,8.99163733825814,21.999999999999996,21.75185728466755,-60.81570410451684,-60.435767627738144,FLAT
2026-10-07T01:24:04.957678+00:00,0,PERP,ICP|BITGET|HTX,ICP,BITGET,HTX,17.75843515244402,1.325915550255563,-4.911817735991456,17.09781055367056,5.991611743558778,29.531791546761887,21.999999999999996,23.49844842288567,-40.59501894333543,-85.942057705639,FLAT
2026-10-07T01:24:05.669305+00:00,0,PERP,ICP|HTX|MEXC,ICP,HTX,MEXC,-19.443613520789825,-1.0213676458934728,-1.3918660991706078,17.674093647080326,-29.886431560072204,-8.982035928144505,26.0,20.945103647198096,-81.4396691080997,-45.3549338182242,FLAT
2026-10-07T01:24:06.196827+00:00,0,PERP,DOT|BITGET|HTX,DOT,BITGET,HTX,-11.103916603658615,-1.1281006969071254,1.4138772436329672,11.096344396924126,-30.44975703856867,8.258153563156512,21.999999999999996,38.7509325090959,-98.61456679129753,-73.59520882861943,FLAT
2026-10-07T01:24:06.708910+00:00,0,PERP,ICP|HTX|OKX,ICP,HTX,OKX,-19.443613520789825,-0.8507671955807348,-4.5404231269932955,17.517354302340713,-29.886431560072204,-8.982035928144505,20.0,20.945103647198096,-72.291112080277,-42.50349084604689,FLAT
2026-10-07T01:24:07.178586+00:00,0,PERP,DOT|GATE|HTX,DOT,GATE,HTX,-11.103916603658615,-1.0426896110124557,1.1758831388146274,11.777042384213944,-30.44975703856867,8.258153563156512,20.0,38.7509325090959,-96.3765726864792,-71.83320293343778,FLAT
2026-10-07T01:24:17.459519+00:00,1,PERP,OP|GATE|OKX,OP,GATE,OKX,-1.0136329074228456,-0.0847964280111242,-0.47829579242087167,6.313203604894118,-10.642571069972018,8.62992046512856,20.0,19.274434171795757,-55.43870944934691,-54.38265042934519,FLAT
2026-10-07T01:24:17.696818+00:00,1,PERP,OP|BITGET|GATE,OP,BITGET,GATE,-3.7343635285369547,-0.25429229495644673,-1.6922730048124501,8.030485249559993,-19.042980753042336,11.596333497416733,21.999999999999996,30.65074444116968,-76.00145218939957,-71.93935094339886,FLAT
2026-10-07T01:24:18.098053+00:00,1,PERP,ICP|BITGET|HTX,ICP,BITGET,HTX,11.779761658692323,0.9762407497900618,-4.911817735991456,17.09781055367056,-7.926308412535832,31.499730314843433,21.999999999999996,39.37964554393833,-70.3941362204827,-103.7911935947732,FLAT
2026-10-07T01:24:18.812586+00:00,1,PERP,ICP|HTX|MEXC,ICP,HTX,MEXC,-15.266885942228914,-0.785048451146483,-1.3918660991706078,17.674093647080326,-32.87507471607887,2.3983208395783606,26.0,35.32723707828219,-98.81044569519045,-71.11742401703117,FLAT
2026-10-07T01:24:19.293901+00:00,1,PERP,DOT|BITGET|HTX,DOT,BITGET,HTX,-11.103916603658615,-1.1281006969071254,1.4138772436329672,11.096344396924126,-30.44975703856867,8.258153563156512,21.999999999999996,38.7509325090959,-98.61456679129753,-73.59520882861943,FLAT
2026-10-07T01:24:19.759025+00:00,1,PERP,ICP|HTX|OKX,ICP,HTX,OKX,-12.273411766224873,-0.4414472931108253,-4.5404231269932955,17.517354302340713,-29.886431560072204,5.396641679160652,20.0,35.32633851653717,-86.67234694961607,-71.26340332269112,FLAT
2026-10-07T01:24:20.224662+00:00,1,PERP,DOT|GATE|HTX,DOT,GATE,HTX,-11.103916603658615,-1.0426896110124557,1.1758831388146274,11.777042384213944,-30.44975703856867,8.258153563156512,20.0,38.7509325090959,-96.3765726864792,-71.83320293343778,FLAT
2026-10-07T01:24:30.459551+00:00,2,PERP,OP|GATE|OKX,OP,GATE,OKX,-4.504484483346394,-0.637740985860862,-0.47829579242087167,6.313203604894118,-14.084877319217037,5.089998246425864,20.0,19.18350639293407,-58.79008791973024,-50.75180043178081,FLAT
2026-10-07T01:24:30.686442+00:00,2,PERP,OP|BITGET|GATE,OP,BITGET,GATE,-6.040646822537132,-0.5414833204460389,-1.6922730048124501,8.030485249559993,-17.342724423635715,5.27018529258072,21.999999999999996,22.626574241314813,-66.27702566013808,-57.58903253870798,FLAT
2026-10-07T01:24:31.214918+00:00,2,PERP,ICP|BITGET|HTX,ICP,BITGET,HTX,12.226113782003445,1.0023465556714646,-4.911817735991456,17.09781055367056,-6.502503691263595,30.964269985007675,21.999999999999996,37.42101988309707,-67.0117058383692,-101.2971076040962,FLAT
2026-10-07T01:24:31.873821+00:00,2,PERP,ICP|HTX|MEXC,ICP,HTX,MEXC,-15.266885942228914,-0.785048451146483,-1.3918660991706078,17.674093647080326,-32.87507471607887,2.3983208395783606,26.0,35.32723707828219,-98.81044569519045,-71.11742401703117,FLAT
2026-10-07T01:24:32.351845+00:00,2,PERP,DOT|BITGET|HTX,DOT,BITGET,HTX,-11.103916603658615,-1.1281006969071254,1.4138772436329672,11.096344396924126,-30.44975703856867,8.258153563156512,21.999999999999996,38.7509325090959,-98.61456679129753,-73.59520882861943,FLAT
2026-10-07T01:24:32.860139+00:00,2,PERP,ICP|HTX|OKX,ICP,HTX,OKX,-12.223551115118081,-0.43860093570740566,-4.5404231269932955,17.517354302340713,-29.886431560072204,5.496701649174707,20.0,35.42634375472365,-86.77235218780257,-71.46346853089166,FLAT
2026-10-07T01:24:33.314378+00:00,2,PERP,DOT|GATE|HTX,DOT,GATE,HTX,-11.103916603658615,-1.0426896110124557,1.1758831388146274,11.777042384213944,-30.44975703856867,8.258153563156512,20.0,38.7509325090959,-96.3765726864792,-71.83320293343778,FLAT
2026-10-07T01:44:52.256636+00:00,0,PERP,OP|GATE|OKX,OP,GATE,OKX,1.7744708353140126,0.3376151764224296,-0.2956038153927649,6.13146207656455,-9.178228384356668,12.746009809401215,20.0,21.920332305498945,-56.80295687446285,-60.96194593029293,FLAT
2026-10-07T01:44:52.474979+00:00,0,PERP,OP|BITGET|GATE,OP,BITGET,GATE,-10.296829099851745,-1.057820952497522,-1.8109909024212643,8.021998597584368,-22.764801777133137,2.1808538365286623,21.999999999999996,24.971364421062827,-73.9251752957747,-56.96320916001275,FLAT
2026-10-07T01:44:52.923407+00:00,0,PERP,ICP|BITGET|HTX,ICP,BITGET,HTX,-3.3433029069318554,0.09448122579988662,-4.953138919353438,17.038686773933815,-17.32481239892225,10.64800000000199,21.999999999999996,27.9821642553126,-68.35383773488141,-71.58330317466803,FLAT
2026-10-07T01:44:53.728000+00:00,0,PERP,ICP|HTX|MEXC,ICP,HTX,MEXC,0.0,0.07446019918264116,-1.3091717513322627,17.582168268460244,-11.976047904193043,12.001200120013156,26.0,23.97722163944521,-66.64409779230598,-69.28759351079063,FLAT
2026-10-07T01:44:54.175205+00:00,0,PERP,DOT|BITGET|HTX,DOT,BITGET,HTX,1.5021364173617435,-0.0004481665852358366,1.5070912630214661,11.055812331736492,-30.223214706833758,33.25412511596903,21.999999999999996,63.467794916028645,-123.19810088588386,-123.2148287689762,FLAT
2026-10-07T01:44:54.607255+00:00,0,PERP,ICP|HTX|OKX,ICP,HTX,OKX,2.997152704931061,0.42578638966001403,-4.416132825609311,17.410809059584555,-8.982035928144505,15.00150015001589,20.0,23.976323616161505,-54.5422267186967,-69.3939565917867,FLAT
2026-10-07T01:44:55.056650+00:00,0,PERP,DOT|GATE|HTX,DOT,GATE,HTX,1.5021364173617435,0.01984875312727901,1.2690971582031265,11.740750548120877,-30.223214706833758,33.25412511596903,20.0,63.467794916028645,-120.96010678106553,-121.45282287379456,FLAT
2026-10-07T01:45:05.308132+00:00,1,PERP,OP|GATE|OKX,OP,GATE,OKX,1.1948525924165843,0.2430833607380721,-0.2956038153927649,6.13146207656455,-10.049680305117548,12.458799574914803,20.0,22.50577402669097,-58.25985051641575,-61.26017741699854,FLAT
2026-10-07T01:45:05.523626+00:00,1,PERP,OP|BITGET|GATE,OP,BITGET,GATE,-6.412374228645934,-0.5735956283525487,-1.8109909024212643,8.021998597584368,-20.823948041672757,8.016614398853594,21.999999999999996,28.859057432542883,-75.87201457179438,-66.68666273381774,FLAT
2026-10-07T01:45:05.977863+00:00,1,PERP,ICP|BITGET|HTX,ICP,BITGET,HTX,1.4979029358896945,0.3786114470460299,-4.953138919353438,17.038686773933815,-17.969451931716396,20.97692538207907,21.999999999999996,38.940540903361025,-79.95685391572398,-92.87060520479353,FLAT
2026-10-07T01:45:06.710041+00:00,1,PERP,ICP|HTX|MEXC,ICP,HTX,MEXC,-2.9953571963436953,-0.09590315706602552,-1.3091717513322627,17.582168268460244,-20.933014354066472,15.00150015001589,26.0,35.94518384145028,-87.56902644418449,-84.25585574279842,FLAT
2026-10-07T01:45:07.176404+00:00,1,PERP,DOT|BITGET|HTX,DOT,BITGET,HTX,1.5021364173617435,-0.0004481665852358366,1.5070912630214661,11.055812331736492,-30.223214706833758,33.25412511596903,21.999999999999996,63.467794916028645,-123.19810088588386,-123.2148287689762,FLAT
2026-10-07T01:45:07.655860+00:00,1,PERP,ICP|HTX|OKX,ICP,HTX,OKX,-2.9953571963436953,0.08160307912190251,-4.416132825609311,17.410809059584555,-20.933014354066472,15.00150015001589,20.0,35.94518384145028,-78.46206536990744,-81.36281681707548,FLAT
2026-10-07T01:45:08.038089+00:00,1,PERP,DOT|GATE|HTX,DOT,GATE,HTX,1.5021364173617435,0.01984875312727901,1.2690971582031265,11.740750548120877,-30.223214706833758,33.25412511596903,20.0,63.467794916028645,-120.96010678106553,-121.45282287379456,FLAT
2026-10-07T01:45:18.308794+00:00,2,PERP,OP|GATE|OKX,OP,GATE,OKX,1.918448345372692,0.3610969346492292,-0.2956038153927649,6.13146207656455,-9.041931709411477,12.898035439081745,20.0,21.935742075149385,-56.6820699691681,-61.1293813296239,FLAT
2026-10-07T01:45:18.521215+00:00,2,PERP,OP|BITGET|GATE,OP,BITGET,GATE,-7.773719352496267,-0.7432971194822366,-1.8109909024212643,8.021998597584368,-23.527656426729493,8.002439968697317,21.999999999999996,31.554610401858373,-81.2712759261666,-69.36804127297695,FLAT
2026-10-07T01:45:19.457830+00:00,2,PERP,ICP|BITGET|HTX,ICP,BITGET,HTX,0.7402277136425717,0.33414351167637263,-4.953138919353438,17.038686773933815,-19.48128541916283,20.97692538207907,21.999999999999996,40.4552104954744,-82.98335699528378,-94.3852747969069,FLAT
2026-10-07T01:45:20.199679+00:00,2,PERP,ICP|HTX|MEXC,ICP,HTX,MEXC,-5.990714392690721,-0.2662665133148816,-1.3091717513322627,17.582168268460244,-23.923444976076127,12.001200120013156,26.0,35.94608186473399,-90.56035508947787,-81.25645373607942,FLAT
2026-10-07T01:45:20.659966+00:00,2,PERP,DOT|BITGET|HTX,DOT,BITGET,HTX,1.5021364173617435,-0.0004481665852358366,1.5070912630214661,11.055812331736492,-30.223214706833758,33.25412511596903,21.999999999999996,63.467794916028645,-123.19810088588386,-123.2148287689762,FLAT
2026-10-07T01:45:21.208665+00:00,2,PERP,ICP|HTX|OKX,ICP,HTX,OKX,0.0,0.2536431713481031,-4.416132825609311,17.410809059584555,-17.942583732056818,18.001800180018623,20.0,35.944286356148005,-75.47073726259552,-84.36221936177594,FLAT
2026-10-07T01:45:21.648657+00:00,2,PERP,DOT|GATE|HTX,DOT,GATE,HTX,-3.287500673394561,-0.388101068404607,1.2690971582031265,11.740750548120877,-38.58011058721522,32.06016787508092,20.0,70.6634661676096,-136.51267391302795,-127.4545368844874,FLAT
2026-10-07T02:24:18.047371+00:00,0,PERP,OP|GATE|OKX,OP,GATE,OKX,0.1921931664550236,0.0692271864806733,-0.231862690772087,6.125568274329589,-11.328881738805752,11.733118447492252,20.0,23.06153987325744,-60.15855892129111,-61.02652101152178,FLAT
2026-10-07T02:24:18.415998+00:00,0,PERP,OP|BITGET|GATE,OP,BITGET,GATE,-5.814685752808524,-0.5202750577820093,-1.6298116692357403,8.043580065923914,-18.421787118244602,6.802599054762659,21.999999999999996,25.239057780777777,-70.03103322978663,-61.67146850477617,FLAT
2026-10-07T02:24:18.916963+00:00,0,PERP,ICP|BITGET|HTX,ICP,BITGET,HTX,-7.863012863942309,-0.14803906662670335,-5.292028539337974,17.366931467403486,-21.707443950617076,5.989843867779676,21.999999999999996,27.71908080417055,-72.13449621544964,-67.00095321128819,FLAT
2026-10-07T02:24:19.692306+00:00,0,PERP,ICP|HTX|MEXC,ICP,HTX,MEXC,3.0907124092083293,0.22305208468594503,-0.8861138417631809,17.82913733611071,-9.262117937635095,15.470297029700486,26.0,24.72474431850939,-65.10074841438131,-73.08115518997306,FLAT
2026-10-07T02:24:20.126552+00:00,0,PERP,DOT|BITGET|HTX,DOT,BITGET,HTX,21.576208303220046,1.6892035280711413,1.9733193411189087,11.604811756748566,-21.251016337665575,64.44140034183476,21.999999999999996,85.5079062178243,-136.7322418966088,-175.97598721854015,FLAT
2026-10-07T02:24:20.663239+00:00,0,PERP,ICP|HTX|OKX,ICP,HTX,OKX,9.264978381715583,0.7426280696146361,-3.9918991231518675,17.85130140818229,-12.330456226880004,30.940594059403193,20.0,43.230848423503254,-77.5694055272314,-104.16334160605832,FLAT
2026-10-07T02:24:21.136442+00:00,0,PERP,DOT|GATE|HTX,DOT,GATE,HTX,21.576208303220046,1.5648439835148216,1.8557510458746478,12.60218748009048,-21.251016337665575,64.44140034183476,20.0,85.5079062178243,-134.61467360136453,-174.09355551378442,FLAT
2026-10-07T02:24:31.504910+00:00,1,PERP,OP|GATE|OKX,OP,GATE,OKX,-0.6429196362522926,-0.0671051120600225,-0.231862690772087,6.125568274329589,-8.7406369495735,7.464247291051329,20.0,16.20592064069774,-50.71469489949915,-49.90203062252116,FLAT
2026-10-07T02:24:31.852964+00:00,1,PERP,OP|BITGET|GATE,OP,BITGET,GATE,-8.286801370928076,-0.8276152716990068,-1.6298116692357403,8.043580065923914,-21.42562517740476,4.871009534495041,21.999999999999996,26.318430563191075,-74.11424407136009,-60.81925176692185,FLAT
2026-10-07T02:24:32.359568+00:00,1,PERP,ICP|BITGET|HTX,ICP,BITGET,HTX,-3.08546744831828,0.1270553232251336,-5.292028539337974,17.366931467403486,-18.507094386180924,12.345679012346622,21.999999999999996,30.86229292132754,-72.07735876817048,-76.50000047301214,FLAT
2026-10-07T02:24:33.390254+00:00,1,PERP,ICP|HTX|MEXC,ICP,HTX,MEXC,1.5432098765422175,0.1362558194773173,-0.8861138417631809,17.82913733611071,-12.330456226880004,15.451174289244918,26.0,27.77730155192449,-71.22164393704132,-76.11458968293259,FLAT
2026-10-07T02:24:33.861905+00:00,1,PERP,DOT|BITGET|HTX,DOT,BITGET,HTX,24.75438540668007,1.9630707109327514,1.9733193411189087,11.604811756748566,-22.158868960050484,71.70922953791737,21.999999999999996,93.63628919188645,-145.76847749305585,-191.37219938868492,FLAT
2026-10-07T02:24:34.306132+00:00,1,PERP,ICP|HTX|OKX,ICP,HTX,OKX,7.7160493827155285,0.6558596618900268,-3.9918991231518675,17.85130140818229,-6.165228113440557,21.63164400494244,20.0,27.775398117212244,-55.948727107500936,-79.39894124530656,FLAT
2026-10-07T02:24:34.809654+00:00,1,PERP,DOT|GATE|HTX,DOT,GATE,HTX,33.645520116574176,2.5225596049037105,1.8557510458746478,12.60218748009048,-13.313265120474815,80.64597242126936,20.0,93.64414845604122,-134.81316462239067,-198.43436983143593,FLAT
2026-10-07T02:24:45.198594+00:00,2,PERP,OP|GATE|OKX,OP,GATE,OKX,-2.6317097316475024,-0.3917754130555448,-0.231862690772087,6.125568274329589,-13.180618519250675,7.933943263969123,20.0,21.120106703812915,-60.068862532291504,-55.285912658554125,FLAT
2026-10-07T02:24:45.529959+00:00,2,PERP,OP|BITGET|GATE,OP,BITGET,GATE,-7.2651156783076765,-0.7005964959490516,-1.6298116692357403,8.043580065923914,-20.642992957560224,6.123558919171046,21.999999999999996,26.78600786578762,-73.7991891541121,-62.539378454194406,FLAT
2026-10-07T02:24:45.996582+00:00,2,PERP,ICP|BITGET|HTX,ICP,BITGET,HTX,-6.559860367549852,-0.07300263898613928,-5.292028539337974,17.366931467403486,-19.964223667181535,6.8515265268365155,21.999999999999996,26.833350657744948,-69.50554578558851,-66.97690572391943,FLAT
2026-10-07T02:24:46.999258+00:00,2,PERP,ICP|HTX|MEXC,ICP,HTX,MEXC,1.542495758135587,0.1362157660303575,-0.8861138417631809,17.82913733611071,-12.326656394453517,15.441630636194859,26.0,27.76397207597345,-71.20451462866379,-76.09171655393149,FLAT
2026-10-07T02:24:47.849609+00:00,2,PERP,DOT|BITGET|HTX,DOT,BITGET,HTX,24.85422759548328,1.9716742273788628,1.9733193411189087,11.604811756748566,-21.959273016626256,71.70922953791737,21.999999999999996,93.436255570553,-145.36884792829818,-191.17216576735146,FLAT
2026-10-07T02:24:48.360680+00:00,2,PERP,ICP|HTX|OKX,ICP,HTX,OKX,9.254974548820183,0.7420676716544732,-3.9918991231518675,17.85130140818229,-3.0816640986131016,21.618282890674134,20.0,24.677079618382436,-49.76684459384367,-76.28726163220844,FLAT
2026-10-07T02:24:48.825640+00:00,2,PERP,DOT|GATE|HTX,DOT,GATE,HTX,28.466105804578756,2.1115663293173808,1.8557510458746478,12.60218748009048,-21.959273016626256,78.97258518984485,20.0,100.64529507886483,-150.46031914136574,-203.76212922283503,FLAT
2026-10-07T03:01:18.168645+00:00,0,PERP,OP|GATE|OKX,OP,GATE,OKX,-3.247740264067378,-0.48429103331889345,-0.2846324720884308,6.118444464421491,-13.908327163693057,7.430551169353983,20.0,21.34579620405295,-60.96949089565757,-55.06097984549536,FLAT
2026-10-07T03:01:18.427337+00:00,0,PERP,OP|BITGET|GATE,OP,BITGET,GATE,-4.779602210223111,-0.3737855928869839,-1.7858930490983254,8.00916145002397,-17.5316097992495,7.982747639621035,21.999999999999996,25.526553923985443,-69.27227067413662,-63.2951946127048,FLAT
2026-10-07T03:01:18.819716+00:00,0,PERP,ICP|BITGET|HTX,ICP,BITGET,HTX,10.521483800693954,0.8775407351552295,-4.77333327823484,17.429181878631848,0.48790000000131784,20.562846580409744,21.999999999999996,20.05384394665417,-42.792610668418014,-73.39002380529875,FLAT
2026-10-07T03:01:19.540334+00:00,0,PERP,ICP|HTX|MEXC,ICP,HTX,MEXC,-16.91787142417911,-0.8787282209722924,-1.3628424887269601,17.70175187754966,-24.592683676607496,-9.233610341643494,26.0,15.385095829396596,-70.61493701727713,-39.51432797648006,FLAT
2026-10-07T03:01:20.001296+00:00,0,PERP,DOT|BITGET|HTX,DOT,BITGET,HTX,12.721847343013515,0.899468767533886,2.2766279961344837,11.612653739514668,-22.31664211922668,47.79150983858615,21.999999999999996,70.0190609165639,-122.61233103192507,-143.53394275901556,FLAT
2026-10-07T03:01:20.523163+00:00,0,PERP,ICP|HTX|OKX,ICP,HTX,OKX,-13.841894801600585,-0.5485518989136495,-4.300044889685855,17.394616499936248,-21.518598217031837,-6.15574022776344,20.0,15.384146749051892,-58.60270007639787,-39.52845141097431,FLAT
2026-10-07T03:01:20.957756+00:00,0,PERP,DOT|GATE|HTX,DOT,GATE,HTX,17.727309643100764,1.1606184224970266,2.771667597196406,12.885925086151795,-21.21909694986046,56.73878633889018,20.0,77.8198752733194,-127.81063982037627,-157.78699401501316,FLAT
2026-10-07T03:01:31.221965+00:00,1,PERP,OP|GATE|OKX,OP,GATE,OKX,-1.8455544181739114,-0.25511744940436726,-0.2846324720884308,6.118444464421491,-13.865885652674104,10.197433979914905,20.0,24.067740131824383,-63.648993312410056,-60.54980658382772,FLAT
2026-10-07T03:01:31.466126+00:00,1,PERP,OP|BITGET|GATE,OP,BITGET,GATE,-6.424751942907259,-0.5791940795243988,-1.7858930490983254,8.00916145002397,-19.848207711984365,7.009581829224842,21.999999999999996,26.875051689429974,-72.937366352316,-63.670526567753136,FLAT
2026-10-07T03:01:31.913503+00:00,1,PERP,ICP|BITGET|HTX,ICP,BITGET,HTX,8.186910153538118,0.743594479765123,-4.77333327823484,17.429181878631848,-0.5972862769232368,16.97572365260358,21.999999999999996,17.55863362086846,-41.382586619556854,-67.30769055170688,FLAT
2026-10-07T03:01:32.611573+00:00,1,PERP,ICP|HTX|MEXC,ICP,HTX,MEXC,-13.841894801600585,-0.7049614297610989,-1.3628424887269601,17.70175187754966,-21.518598217031837,-6.15574022776344,26.0,15.384146749051892,-67.53990247735678,-42.59124901001542,FLAT
2026-10-07T03:01:33.171732+00:00,1,PERP,DOT|BITGET|HTX,DOT,BITGET,HTX,6.80687711001049,0.39011316581849104,2.2766279961344837,11.612653739514668,-25.342288648650957,38.98461990490043,21.999999999999996,64.28313911546758,-119.90205576025302,-128.9911310242335,FLAT
2026-10-07T03:01:33.666985+00:00,1,PERP,ICP|HTX|OKX,ICP,HTX,OKX,-10.76591817902317,-0.371716921115278,-4.300044889685855,17.394616499936248,-18.444512757456177,-3.077870113881165,20.0,15.383198253207611,-55.52766612097793,-42.6053730290123,FLAT
2026-10-07T03:01:34.105407+00:00,1,PERP,DOT|GATE|HTX,DOT,GATE,HTX,15.70577162055553,1.0037388807466456,2.771667597196406,12.885925086151795,-16.475926238561645,47.91610088346276,20.0,64.29104035159621,-109.53863418735426,-135.43547363786257,FLAT
2026-10-07T03:01:44.369860+00:00,2,PERP,OP|GATE|OKX,OP,GATE,OKX,-2.8124620465963535,-0.4131490592432685,-0.2846324720884308,6.118444464421491,-13.374468969654663,7.767742775908193,20.0,21.148143917156496,-60.23798041472273,-55.20051916515312,FLAT
2026-10-07T03:01:44.621235+00:00,2,PERP,OP|BITGET|GATE,OP,BITGET,GATE,-0.019382693071667845,0.22056121193828232,-1.7858930490983254,8.00916145002397,-14.235395395185702,14.212608250063763,21.999999999999996,28.44804981081628,-68.89755215690364,-72.44655110997836,FLAT
2026-10-07T03:01:45.075320+00:00,2,PERP,ICP|BITGET|HTX,ICP,BITGET,HTX,6.11383369362839,0.6246516358413174,-4.77333327823484,17.429181878631848,0.0,12.23138196368323,21.999999999999996,12.223907341937196,-35.450574063702355,-57.22862258385526,FLAT
2026-10-07T03:01:45.772536+00:00,2,PERP,ICP|HTX|MEXC,ICP,HTX,MEXC,-13.837638376383854,-0.7047209775591826,-1.3628424887269601,17.70175187754966,-18.444512757456177,-9.227929867732243,26.0,9.229353263512623,-58.31102353224183,-33.36426588450734,FLAT
2026-10-07T03:01:46.207237+00:00,2,PERP,DOT|BITGET|HTX,DOT,BITGET,HTX,8.992938877168122,0.5783614177851423,2.2766279961344837,11.612653739514668,-20.972106554623117,38.98461990490043,21.999999999999996,59.902844364945146,-111.15157891570274,-124.61083627371107,FLAT
2026-10-07T03:01:46.678016+00:00,2,PERP,ICP|HTX|OKX,ICP,HTX,OKX,-10.762607626076948,-0.37152660056717995,-4.300044889685855,17.394616499936248,-15.370427297879408,-6.151953245154829,20.0,9.228405351624879,-46.29878775981843,-33.37649699615591,FLAT
2026-10-07T03:01:47.124078+00:00,2,PERP,DOT|GATE|HTX,DOT,GATE,HTX,11.375015477519401,0.667654655975675,2.771667597196406,12.885925086151795,-20.972106554623117,43.76631153379718,20.0,64.664831600405,-114.40860575222452,-131.65947553700576,FLAT
2026-10-07T03:25:27.447904+00:00,0,PERP,OP|GATE|OKX,OP,GATE,OKX,-5.824633675448609,-0.8813405183902718,-0.3978620222745699,6.157406291822133,-13.76401107968217,2.1243426256334352,20.0,15.897607680278766,-55.263756737686364,-44.41981232818677,FLAT
2026-10-07T03:25:27.799904+00:00,0,PERP,OP|BITGET|GATE,OP,BITGET,GATE,-1.4191519583162115,0.04722351319393678,-1.7976718744381397,8.015496741367558,-11.522333879563362,8.692277458375308,21.999999999999996,20.217477140215355,-57.942139145340576,-58.7074264730288,FLAT
2026-10-07T03:25:38.196787+00:00,1,PERP,OP|GATE|OKX,OP,GATE,OKX,-3.8337930346832305,-0.5580159647694585,-0.3978620222745699,6.157406291822133,-12.45369052709222,4.797041341406683,20.0,17.25734104195268,-55.31316954677034,-48.452244405633934,FLAT
2026-10-07T03:25:38.543605+00:00,1,PERP,OP|BITGET|GATE,OP,BITGET,GATE,-2.6614845296268896,-0.10776782563339564,-1.7976718744381397,8.015496741367558,-15.372763537584433,10.065812396093943,21.999999999999996,25.445338085037775,-67.02042974818407,-65.30882235556986,FLAT
2026-10-07T03:25:48.892545+00:00,2,PERP,OP|GATE|OKX,OP,GATE,OKX,-4.796485161105979,-0.7143629850564474,-0.3978620222745699,6.157406291822133,-15.059521993684433,5.481354051606324,20.0,20.55072250179927,-61.21238247320913,-52.42993857568017,FLAT
2026-10-07T03:25:49.229339+00:00,2,PERP,OP|BITGET|GATE,OP,BITGET,GATE,-2.0961845415423674,-0.037241942294557934,-1.7976718744381397,8.015496741367558,-13.056059239009432,8.872629694829381,21.999999999999996,21.93328291036926,-61.19167027494055,-60.60358447963678,FLAT
2026-10-07T04:03:05.332239+00:00,0,PERP,OP|GATE|OKX,OP,GATE,OKX,-1.4373874940531994,-0.178049532614892,-0.3458304006188906,6.130637230007597,-8.993998716586571,6.127022523394476,20.0,15.12319100624876,-49.77135932221644,-47.59604393026213,FLAT
2026-10-07T04:03:05.654619+00:00,0,PERP,OP|BITGET|GATE,OP,BITGET,GATE,-2.9501520731400888,-0.1504692204733421,-1.746733341910161,7.997773414684046,-11.618327724557398,5.7251461548202265,21.999999999999996,17.34858905189032,-55.22018343453755,-52.8204685486207,FLAT
2026-10-07T04:03:06.071258+00:00,0,PERP,ICP|BITGET|HTX,ICP,BITGET,HTX,16.814495073371738,1.5394469661932073,-3.0528020603548534,12.905476817337245,0.0,33.638629829457756,21.999999999999996,33.58216036006074,-58.52935829970589,-98.27359224987335,FLAT
2026-10-07T04:03:06.839396+00:00,0,PERP,ICP|HTX|MEXC,ICP,HTX,MEXC,-21.661766981277975,-1.442246821180602,-2.933190369597318,12.985694498774988,-37.08281829419069,-6.197706848465323,26.0,30.95209927032743,-97.1017271949208,-59.68758279145943,FLAT
2026-10-07T04:03:07.268109+00:00,0,PERP,DOT|BITGET|HTX,DOT,BITGET,HTX,21.099652168505845,1.5493628480473765,2.8764725683154566,11.761724907213704,-6.766037208382203,48.990243859405865,21.999999999999996,55.6388738571751,-93.28138363387276,-129.75264514826551,FLAT
2026-10-07T04:03:07.794247+00:00,0,PERP,ICP|HTX|OKX,ICP,HTX,OKX,-21.661766981277975,-1.20848009701698,-5.750340503544603,13.166477889879394,-37.08281829419069,-6.197706848465323,20.0,30.95209927032743,-88.28457706097352,-56.504732925406714,FLAT
2026-10-07T04:03:08.287752+00:00,0,PERP,DOT|GATE|HTX,DOT,GATE,HTX,12.156234362019624,0.7373093114224025,2.7594543891381544,12.744691850905,-15.68060809401195,40.017931141673735,20.0,55.63090191680881,-100.07096439995891,-118.88937866934438,FLAT
2026-10-07T04:03:18.632282+00:00,1,PERP,OP|GATE|OKX,OP,GATE,OKX,-0.8424299572118432,-0.0810029264433148,-0.3458304006188906,6.130637230007597,-8.251256179093724,6.575536796840087,20.0,14.828036499126087,-48.73346227760092,-47.74940369658506,FLAT
2026-10-07T04:03:19.039057+00:00,1,PERP,OP|BITGET|GATE,OP,BITGET,GATE,-2.039774257357463,-0.03664031227857417,-1.746733341910161,7.997773414684046,-12.298050189041287,8.22692390415547,21.999999999999996,20.52915812204043,-59.080474969171554,-58.502815368106056,FLAT
2026-10-07T04:03:19.577557+00:00,1,PERP,ICP|BITGET|HTX,ICP,BITGET,HTX,7.730729688912863,0.8355779412025364,-3.0528020603548534,12.905476817337245,-9.287925696594979,24.75988996282652,21.999999999999996,34.02151130755901,-68.25663494379913,-89.83420333074038,FLAT
2026-10-07T04:03:20.336448+00:00,1,PERP,ICP|HTX|MEXC,ICP,HTX,MEXC,-15.47269070091395,-0.9656395607104072,-2.933190369597318,12.985694498774988,-30.902348578494276,0.0,26.0,30.950176904911988,-90.91933511380894,-65.8833672745093,FLAT
2026-10-07T04:03:20.812743+00:00,1,PERP,DOT|BITGET|HTX,DOT,BITGET,HTX,29.819959013901443,2.290776791511337,2.8764725683154566,11.761724907213704,3.573244427119704,56.09010816728155,21.999999999999996,52.360713848878376,-79.66394199007414,-133.57434944784447,FLAT
2026-10-07T04:03:21.293927+00:00,1,PERP,ICP|HTX|OKX,ICP,HTX,OKX,-12.378152560730271,-0.5033853482016047,-5.750340503544603,13.166477889879394,-27.812113720643296,3.098853424234882,20.0,30.949216615634448,-79.01098983273315,-65.79841054341394,FLAT
2026-10-07T04:03:21.691412+00:00,1,PERP,DOT|GATE|HTX,DOT,GATE,HTX,20.876740147193207,1.4215554185226178,2.7594543891381544,12.744691850905,-5.342596254188647,47.11946578711546,20.0,52.3527561250838,-86.4548067684106,-122.7127675230611,FLAT
2026-10-07T04:03:32.031775+00:00,2,PERP,OP|GATE|OKX,OP,GATE,OKX,-2.4167963136634274,-0.3378059792720716,-0.3458304006188906,6.130637230007597,-10.986431664858909,6.163197000517151,20.0,17.153768125772757,-53.794369390012776,-49.662795526908795,FLAT
2026-10-07T04:03:32.370524+00:00,2,PERP,OP|BITGET|GATE,OP,BITGET,GATE,-0.4845519420126898,0.15781659900242798,-1.746733341910161,7.997773414684046,-13.040936818081716,12.088230791365007,21.999999999999996,25.130374606324228,-64.42457808249578,-66.96533873959939,FLAT
2026-10-07T04:03:32.819840+00:00,2,PERP,ICP|BITGET|HTX,ICP,BITGET,HTX,7.505269453289554,0.8181078206626717,-3.0528020603548534,12.905476817337245,-9.287925696594979,24.308072986367613,21.999999999999996,33.570800144901035,-67.80592378114116,-88.9316751916235,FLAT
2026-10-07T04:03:33.499556+00:00,2,PERP,ICP|HTX|MEXC,ICP,HTX,MEXC,-15.47269070091395,-0.9656395607104072,-2.933190369597318,12.985694498774988,-30.902348578494276,0.0,26.0,30.950176904911988,-90.91933511380894,-65.8833672745093,FLAT
2026-10-07T04:03:33.938575+00:00,2,PERP,DOT|BITGET|HTX,DOT,BITGET,HTX,20.876740147193207,1.5304105240412331,2.8764725683154566,11.761724907213704,-5.342596254188647,47.11946578711546,21.999999999999996,52.3527561250838,-88.5718249475879,-124.5957493438838,FLAT
2026-10-07T04:03:34.405307+00:00,2,PERP,ICP|HTX|OKX,ICP,HTX,OKX,-12.378152560730271,-0.5033853482016047,-5.750340503544603,13.166477889879394,-27.812113720643296,3.098853424234882,20.0,30.949216615634448,-79.01098983273315,-65.79841054341394,FLAT
2026-10-07T04:03:34.806861+00:00,2,PERP,DOT|GATE|HTX,DOT,GATE,HTX,20.876740147193207,1.4215554185226178,2.7594543891381544,12.744691850905,-5.342596254188647,47.11946578711546,20.0,52.3527561250838,-86.4548067684106,-122.7127675230611,FLAT
2026-10-07T04:26:50.492175+00:00,0,PERP,OP|GATE|OKX,OP,GATE,OKX,-2.2126042988590555,-0.33222196623352546,-0.1517247486854112,6.203321151633336,-11.361757324140909,6.949455622091705,20.0,18.315256290119937,-55.52528886557543,-51.41643666089705,FLAT
2026-10-07T04:26:50.828382+00:00,0,PERP,OP|BITGET|GATE,OP,BITGET,GATE,-1.230879288518505,0.07811074749112551,-1.8608854355624413,8.06555009751397,-15.897565173794703,13.457742307709797,21.999999999999996,29.358904816863756,-71.39558455509602,-72.677532560136,FLAT
2026-10-07T04:26:51.291350+00:00,0,PERP,ICP|BITGET|HTX,ICP,BITGET,HTX,6.22277535780924,0.7246147149117298,-3.0953597544780553,12.859434014422963,-3.110419906685591,15.561780267663305,21.999999999999996,18.66058630308116,-46.6756464552887,-65.31772632522252,FLAT
2026-10-07T04:26:52.007898+00:00,0,PERP,ICP|HTX|MEXC,ICP,HTX,MEXC,-10.883084577113511,-0.5943300595302311,-3.0635386540151277,13.156908013838454,-18.645121193286982,-3.1113876789057304,26.0,15.550651412197988,-63.13223395146984,-47.50280238730738,FLAT
2026-10-07T04:26:52.501282+00:00,0,PERP,DOT|BITGET|HTX,DOT,BITGET,HTX,11.061131539418234,0.7073830953598832,2.7894459647447487,11.693360541030799,-13.915320735105041,36.059824644099066,21.999999999999996,49.919918402804626,-94.62468510265441,-111.19029708215893,FLAT
2026-10-07T04:26:53.014139+00:00,0,PERP,ICP|HTX|OKX,ICP,HTX,OKX,-10.883084577113511,-0.38076507030528445,-5.837528785200182,13.251099392777743,-18.645121193286982,-3.1113876789057304,20.0,15.550651412197988,-54.358243820284784,-44.276792518492435,FLAT
2026-10-07T04:26:53.482775+00:00,0,PERP,DOT|GATE|HTX,DOT,GATE,HTX,14.922987951513367,0.9504517543309704,2.7965131578965483,12.75864318031874,-13.915320735105041,43.80926394700335,20.0,57.638530912552966,-100.35036480555456,-124.65128170165977,FLAT
2026-10-07T04:27:03.845087+00:00,1,PERP,OP|GATE|OKX,OP,GATE,OKX,-3.8560246583518865,-0.5971478534028715,-0.1517247486854112,6.203321151633336,-12.465569558246514,4.764520140572159,20.0,17.236729201633302,-55.550574011194406,-48.15297409089087,FLAT
2026-10-07T04:27:04.179539+00:00,1,PERP,OP|BITGET|GATE,OP,BITGET,GATE,-1.966008446553369,-0.013033582300025569,-1.8608854355624413,8.06555009751397,-16.301215407771295,12.39205363538165,21.999999999999996,28.69889306492466,-71.13922303713352,-70.95183213586876,FLAT
2026-10-07T04:27:04.646627+00:00,1,PERP,ICP|BITGET|HTX,ICP,BITGET,HTX,12.215420563699286,1.190626298249595,-3.0953597544780553,12.859434014422963,2.637199999999673,21.800062285892707,21.999999999999996,19.139480453956192,-41.40692069947846,-72.03490249432696,FLAT
2026-10-07T04:27:05.527700+00:00,1,PERP,ICP|HTX|MEXC,ICP,HTX,MEXC,-13.992537313433084,-0.8306661905610969,-3.0635386540151277,13.156908013838454,-21.752641392169814,-6.222775357810351,26.0,15.551620691497806,-66.24072342965249,-44.39238398770258,FLAT
2026-10-07T04:27:05.995135+00:00,1,PERP,DOT|BITGET|HTX,DOT,BITGET,HTX,20.413518585888912,1.5071862839859516,2.7894459647447487,11.693360541030799,-4.337268029964703,45.18636472635728,21.999999999999996,49.42273374087425,-84.5494477355837,-119.81965250248678,FLAT
2026-10-07T04:27:06.498011+00:00,1,PERP,ICP|HTX|OKX,ICP,HTX,OKX,-13.992537313433084,-0.6154212783791836,-5.837528785200182,13.251099392777743,-21.752641392169814,-6.222775357810351,20.0,15.551620691497806,-57.46673329846743,-41.16637411888763,FLAT
2026-10-07T04:27:06.966694+00:00,1,PERP,DOT|GATE|HTX,DOT,GATE,HTX,11.494592445626672,0.6817401478197641,2.7965131578965483,12.75864318031874,-13.23020640360384,36.2414080347051,20.0,49.41480433636459,-91.44152389786498,-108.85969921317314,FLAT
2026-10-07T04:27:17.356748+00:00,2,PERP,OP|GATE|OKX,OP,GATE,OKX,-3.643825691319602,-0.5629405373788716,-0.1517247486854112,6.203321151633336,-12.769658939497663,5.494199396922639,20.0,18.27050765240857,-56.88844184322082,-49.91643179801662,FLAT
2026-10-07T04:27:17.691419+00:00,2,PERP,OP|BITGET|GATE,OP,BITGET,GATE,-6.748401047966812,-0.6059742427129479,-1.8608854355624413,8.06555009751397,-17.518869078732013,4.030916997614931,21.999999999999996,21.564334919881254,-65.22231856305082,-55.45613735305862,FLAT
2026-10-07T04:27:18.183647+00:00,2,PERP,ICP|BITGET|HTX,ICP,BITGET,HTX,9.402865870826727,0.9719110196675022,-3.0953597544780553,12.859434014422963,-6.106723342946818,24.922118380061864,21.999999999999996,30.999690120749914,-62.01105370921867,-87.01716825528983,FLAT
2026-10-07T04:27:19.178335+00:00,2,PERP,ICP|HTX|MEXC,ICP,HTX,MEXC,-14.06108633834835,-0.835876307166242,-3.0635386540151277,13.156908013838454,-27.96768178993103,-0.12000000000012001,26.0,27.886851013048858,-84.79099414896476,-62.83038966706386,FLAT
2026-10-07T04:27:19.651013+00:00,2,PERP,DOT|BITGET|HTX,DOT,BITGET,HTX,15.727330484622826,1.1064299672006497,2.7894459647447487,11.693360541030799,-11.468741806108795,42.94764169896492,21.999999999999996,54.33092466744719,-96.58911243830073,-122.48912040166736,FLAT
2026-10-07T04:27:20.145118+00:00,2,PERP,ICP|HTX|OKX,ICP,HTX,OKX,-14.06108633834835,-0.6205943604671972,-5.837528785200182,13.251099392777743,-27.96768178993103,-0.12000000000012001,20.0,27.886851013048858,-76.0170040177797,-59.604379798248914,FLAT
2026-10-07T04:27:20.602155+00:00,2,PERP,DOT|GATE|HTX,DOT,GATE,HTX,20.190667084660774,1.3633231748024854,2.7965131578965483,12.75864318031874,-11.468741806108795,51.90656020181983,20.0,63.24755064158759,-103.51280560559294,-138.35759768551088,FLAT
2026-10-07T05:08:04.904333+00:00,0,PERP,OP|GATE|OKX,OP,GATE,OKX,-4.3479585802408405,-0.6682963547423957,-0.26943978674146307,6.102859554084356,-13.360333192511398,4.676761308959332,20.0,18.044931913546918,-57.13582531931685,-48.99113300924771,FLAT
2026-10-07T05:08:05.304075+00:00,0,PERP,OP|BITGET|GATE,OP,BITGET,GATE,-7.1686845281204725,-0.6987985898637148,-1.6420709397973403,7.908736034228369,-17.715501493095196,3.386812944641271,21.999999999999996,21.117449300188355,-65.19087985348621,-54.14633318462697,FLAT
2026-10-07T05:08:06.176696+00:00,0,PERP,ICP|BITGET|HTX,ICP,BITGET,HTX,25.185500155326945,1.9357186734303968,-1.9454198530147184,14.01594166587308,-9.324704327318134,59.71816631183735,21.999999999999996,68.86941227236503,-104.24869674666844,-158.5329984372171,FLAT
2026-10-07T05:08:07.570816+00:00,0,PERP,ICP|HTX|MEXC,ICP,HTX,MEXC,-35.922010241260516,-2.238189221979669,-3.9659884279889814,14.277622954955776,-68.45052893590608,-3.189999999999582,26.0,65.49516622370713,-161.97970673162422,-98.27115465169653,FLAT
2026-10-07T05:08:08.510830+00:00,0,PERP,DOT|BITGET|HTX,DOT,BITGET,HTX,15.532922010552674,1.105950177636715,2.605024215478711,11.689403425658247,-12.500000000000844,43.59089578340081,21.999999999999996,56.00389418252201,-99.10891839800156,-124.98976575044409,FLAT
2026-10-07T05:08:09.453809+00:00,0,PERP,ICP|HTX|OKX,ICP,HTX,OKX,-35.922010241260516,-2.0211011271364923,-6.74544832849816,14.43597330238486,-68.45052893590608,-3.189999999999582,20.0,65.49516622370713,-153.20024683111507,-95.0506145522057,FLAT
2026-10-07T05:08:10.301348+00:00,0,PERP,DOT|GATE|HTX,DOT,GATE,HTX,15.532922010552674,1.0075907442431966,2.729119471214082,12.707344338455147,-12.500000000000844,43.59089578340081,20.0,56.00389418252201,-97.23301365373693,-122.86567049470872,FLAT
2026-10-07T05:08:20.711252+00:00,1,PERP,OP|GATE|OKX,OP,GATE,OKX,-4.218081997523493,-0.6470150878925912,-0.26943978674146307,6.102859554084356,-12.403090797863392,3.977529140219982,20.0,16.387525468348272,-54.5211764794702,-46.634494395309716,FLAT
2026-10-07T05:08:21.058509+00:00,1,PERP,OP|BITGET|GATE,OP,BITGET,GATE,-3.584440414501344,-0.24559796487044025,-1.6420709397973403,7.908736034228369,-16.776095949546654,9.625399190595907,21.999999999999996,26.410949463300167,-69.54497447304948,-65.6784195936934,FLAT
2026-10-07T05:08:21.586005+00:00,1,PERP,ICP|BITGET|HTX,ICP,BITGET,HTX,29.917349246304514,2.273323466870639,-1.9454198530147184,14.01594166587308,-5.91172864306766,65.76886940181659,21.999999999999996,71.46678135277843,-103.43309014283136,-167.18107060760974,FLAT
2026-10-07T05:08:22.906389+00:00,1,PERP,ICP|HTX|MEXC,ICP,HTX,MEXC,-37.63194041080942,-2.3579521667600107,-3.9659884279889814,14.277622954955776,-71.56191661481071,-3.4800000000001496,26.0,68.3383634777715,-167.93429166459322,-100.82435190576032,FLAT
2026-10-07T05:08:23.579218+00:00,1,PERP,DOT|BITGET|HTX,DOT,BITGET,HTX,15.532922010552674,1.105950177636715,2.605024215478711,11.689403425658247,-12.500000000000844,43.59089578340081,21.999999999999996,56.00389418252201,-99.10891839800156,-124.98976575044409,FLAT
2026-10-07T05:08:24.659672+00:00,1,PERP,ICP|HTX|OKX,ICP,HTX,OKX,-37.63194041080942,-2.139550374286764,-6.74544832849816,14.43597330238486,-71.56191661481071,-3.4800000000001496,20.0,68.3383634777715,-159.15483176408407,-97.6038118062695,FLAT
2026-10-07T05:08:25.151285+00:00,1,PERP,DOT|GATE|HTX,DOT,GATE,HTX,19.39242008994313,1.3113125901768734,2.729119471214082,12.707344338455147,-12.500000000000844,51.33796302459803,20.0,63.714361252437556,-104.94348072365248,-138.3232048058215,FLAT
2026-10-07T05:08:35.562632+00:00,2,PERP,OP|GATE|OKX,OP,GATE,OKX,-4.156551365206429,-0.6369328253447198,-0.26943978674146307,6.102859554084356,-12.609046003980717,4.307180279599088,20.0,16.92325305619159,-55.26285927343085,-47.499873122532144,FLAT
2026-10-07T05:08:35.902064+00:00,2,PERP,OP|BITGET|GATE,OP,BITGET,GATE,-2.1982173714374387,-0.07032052014799099,-1.6420709397973403,7.908736034228369,-16.008098590215567,11.632206168601389,21.999999999999996,27.64636676409614,-70.01239441451436,-68.92064387249486,FLAT
2026-10-07T05:08:36.750054+00:00,2,PERP,ICP|BITGET|HTX,ICP,BITGET,HTX,25.209204660523454,1.9374099265592697,-1.9454198530147184,14.01594166587308,-9.038790054631818,59.46791862285083,21.999999999999996,68.33444130861135,-103.42781151022845,-157.7477797844769,FLAT
2026-10-07T05:08:37.913113+00:00,2,PERP,ICP|HTX|MEXC,ICP,HTX,MEXC,-34.51040882391232,-2.139321124551853,-3.9659884279889814,14.277622954955776,-68.45052893590608,-0.3482581453639888,26.0,68.33738201406314,-164.82192252198024,-103.95511229668813,FLAT
2026-10-07T05:08:38.410641+00:00,2,PERP,DOT|BITGET|HTX,DOT,BITGET,HTX,15.532922010552674,1.105950177636715,2.605024215478711,11.689403425658247,-12.500000000000844,43.59089578340081,21.999999999999996,56.00389418252201,-99.10891839800156,-124.98976575044409,FLAT
2026-10-07T05:08:38.957210+00:00,2,PERP,ICP|HTX|OKX,ICP,HTX,OKX,-34.51040882391232,-1.9233175286371107,-6.74544832849816,14.43597330238486,-68.45052893590608,-0.3482581453639888,20.0,68.33738201406314,-156.04246262147106,-100.73457219719731,FLAT
2026-10-07T05:08:39.449031+00:00,2,PERP,DOT|GATE|HTX,DOT,GATE,HTX,15.532922010552674,1.0075907442431966,2.729119471214082,12.707344338455147,-12.500000000000844,43.59089578340081,20.0,56.00389418252201,-97.23301365373693,-122.86567049470872,FLAT
2026-10-07T05:31:07.767285+00:00,0,PERP,OP|GATE|OKX,OP,GATE,OKX,-2.206540769632559,-0.31545375736092773,-0.2808080585109859,6.1046434419807465,-12.092333449994497,7.6946690973289655,20.0,19.791357578649226,-57.60288297013274,-53.76683473448918,FLAT
2026-10-07T05:31:08.005490+00:00,0,PERP,OP|BITGET|GATE,OP,BITGET,GATE,-3.7439788445803313,-0.262314678513147,-1.664520697913862,7.927341917933305,-15.471282703770628,7.992945444355026,21.999999999999996,23.473012449914545,-65.2797744557713,-61.13047859218343,FLAT
2026-10-07T05:31:08.484297+00:00,0,PERP,ICP|BITGET|HTX,ICP,BITGET,HTX,26.885127504132633,2.0109498426938304,-1.8592937819491189,14.293952378034586,-8.740295366079787,62.53908692933186,21.999999999999996,71.08824920646335,-105.96925079059402,-163.48662991774432,FLAT
2026-10-07T05:31:09.196941+00:00,0,PERP,ICP|HTX|MEXC,ICP,HTX,MEXC,-35.48176759133659,-2.1355740865343846,-4.094417226351904,14.697383042290124,-68.36544437538893,-2.3900000000010024,26.0,66.20971180421216,-162.4807389532492,-99.91412903056306,FLAT
2026-10-07T05:31:09.686382+00:00,0,PERP,DOT|BITGET|HTX,DOT,BITGET,HTX,16.175742737205567,1.1544931191183625,2.6916641326506845,11.679652638252277,-11.587235082911596,43.96344271032415,21.999999999999996,55.46095457762144,-97.73985379318371,-124.73273315529491,FLAT
2026-10-07T05:31:10.212125+00:00,0,PERP,ICP|HTX|OKX,ICP,HTX,OKX,-32.36444607329858,-1.756068795855261,-6.787368867674303,14.564963095974512,-65.25792417650722,0.7371848608062059,20.0,66.208733408054,-150.6792887168869,-99.73328713653451,FLAT
2026-10-07T05:31:10.673480+00:00,0,PERP,DOT|GATE|HTX,DOT,GATE,HTX,21.056528287581866,1.4365605784209774,2.8157593883860557,12.697528508853761,-10.748208410659155,52.91528178582139,20.0,63.52967292913171,-103.09364072817694,-139.62919532656707,FLAT
2026-10-07T05:31:20.915062+00:00,1,PERP,OP|GATE|OKX,OP,GATE,OKX,-2.1912940480861565,-0.3129561960059839,-0.2808080585109859,6.1046434419807465,-11.20583176895118,6.836384746924384,20.0,18.046161389160762,-54.97118509960095,-51.16335419459613,FLAT
2026-10-07T05:31:21.150301+00:00,1,PERP,OP|BITGET|GATE,OP,BITGET,GATE,-3.759421496093429,-0.264262702412326,-1.664520697913862,7.927341917933305,-15.137391927841914,7.627890454893205,21.999999999999996,22.773840195969672,-64.24671142589773,-60.06625134877673,FLAT
2026-10-07T05:31:21.613371+00:00,1,PERP,ICP|BITGET|HTX,ICP,BITGET,HTX,27.76534176225809,2.0725293299375456,-1.8592937819491189,14.293952378034586,-6.986669814085245,62.53908692933186,21.999999999999996,69.33324382850749,-102.46061986064362,-161.73162453978847,FLAT
2026-10-07T05:31:22.336284+00:00,1,PERP,ICP|HTX|MEXC,ICP,HTX,MEXC,-35.48176759133659,-2.1355740865343846,-4.094417226351904,14.697383042290124,-68.36544437538893,-2.3900000000010024,26.0,66.20971180421216,-162.4807389532492,-99.91412903056306,FLAT
2026-10-07T05:31:22.808704+00:00,1,PERP,DOT|BITGET|HTX,DOT,BITGET,HTX,25.09883916725908,1.918479575430367,2.6916641326506845,11.679652638252277,-2.6928336893961013,52.91528178582139,21.999999999999996,55.468883982131096,-88.85338180417787,-133.6925016353018,FLAT
2026-10-07T05:31:23.312197+00:00,1,PERP,ICP|HTX|OKX,ICP,HTX,OKX,-33.92310683231648,-1.8630831939520667,-6.787368867674303,14.564963095974512,-68.36544437538893,0.7371848608062059,20.0,69.33715496628388,-156.91523047399852,-102.86170869476439,FLAT
2026-10-07T05:31:23.770214+00:00,1,PERP,DOT|GATE|HTX,DOT,GATE,HTX,25.09883916725908,1.7549147271719396,2.8157593883860557,12.697528508853761,-2.6928336893961013,52.91528178582139,20.0,55.468883982131096,-86.97747705991326,-131.56840637956645,FLAT
2026-10-07T05:31:34.066955+00:00,2,PERP,OP|GATE|OKX,OP,GATE,OKX,-1.2174692927269248,-0.15343422480249308,-0.2808080585109859,6.1046434419807465,-8.274331539659396,5.8477458282713,20.0,14.123791955704494,-48.1173154368529,-46.252345842486775,FLAT
2026-10-07T05:31:34.302472+00:00,2,PERP,OP|BITGET|GATE,OP,BITGET,GATE,-1.0389502246543891,0.0789130177221575,-1.664520697913862,7.927341917933305,-16.67199169959499,14.618408464797117,21.999999999999996,31.29363251901542,-74.30110352069654,-75.57656168172639,FLAT
2026-10-07T05:31:34.708272+00:00,2,PERP,ICP|BITGET|HTX,ICP,BITGET,HTX,30.900978204335683,2.291897378686337,-1.8592937819491189,14.293952378034586,-3.8628769631354753,65.68658116984594,21.999999999999996,69.33519878589684,-99.3387819670832,-164.8810737376919,FLAT
2026-10-07T05:31:35.417985+00:00,2,PERP,ICP|HTX|MEXC,ICP,HTX,MEXC,-38.599089109375704,-2.347674533877246,-4.094417226351904,14.697383042290124,-71.47296457427177,-5.517184860808211,26.0,66.21069081272765,-165.5892381606475,-96.78792317827134,FLAT
2026-10-07T05:31:35.940968+00:00,2,PERP,DOT|BITGET|HTX,DOT,BITGET,HTX,20.65803197535576,1.538262172614881,2.6916641326506845,11.679652638252277,-4.288467191990719,45.626745300462176,21.999999999999996,49.81230019728885,-84.79243152193025,-120.74738136510034,FLAT
2026-10-07T05:31:36.368933+00:00,2,PERP,ICP|HTX|OKX,ICP,HTX,OKX,-37.04042835035559,-2.077111990145905,-6.787368867674303,14.564963095974512,-71.47296457427177,-2.3900000000010024,20.0,69.33911237081384,-160.0247080774113,-99.73648123848713,FLAT
2026-10-07T05:31:36.819031+00:00,2,PERP,DOT|GATE|HTX,DOT,GATE,HTX,20.65803197535576,1.405176808583545,2.8157593883860557,12.697528508853761,-4.288467191990719,45.626745300462176,20.0,49.81230019728885,-82.91652677766562,-118.62328610936497,FLAT
2026-10-07T05:52:05.012509+00:00,0,PERP,OP|GATE|OKX,OP,GATE,OKX,-4.09738348836397,-0.6251767548650516,-0.2808907572266082,6.1046619239085045,-12.798144247117005,4.613886615363327,20.0,17.419161817976054,-55.936415307866454,-48.31393919056599,FLAT
2026-10-07T05:52:05.244068+00:00,0,PERP,OP|BITGET|GATE,OP,BITGET,GATE,-5.1211809706264155,-0.44703765163048803,-1.5963932833746677,7.884766919286842,-15.267792514505052,5.033795463229573,21.999999999999996,20.31198666709701,-61.98338589822738,-54.94217541370124,FLAT
2026-10-07T05:52:05.697915+00:00,0,PERP,ICP|BITGET|HTX,ICP,BITGET,HTX,28.09865750858398,2.2481444560363686,-2.16396656376066,13.461156373242893,6.2421972534321135,49.96876951905094,21.999999999999996,43.60404648662016,-63.197882669427386,-123.73678256943177,FLAT
2026-10-07T05:52:06.353990+00:00,0,PERP,ICP|HTX|MEXC,ICP,HTX,MEXC,-35.80323785803196,-2.351157152453034,-3.705493766488812,13.651892242955599,-55.93536357986317,-15.59575795383572,26.0,40.484412168630726,-124.71428198200508,-60.59414798128382,FLAT
2026-10-07T05:52:06.768155+00:00,0,PERP,DOT|BITGET|HTX,DOT,BITGET,HTX,17.493871144229622,1.266067531399286,2.7037684233067707,11.681922452095822,-3.944692992473575,38.95149178239077,21.999999999999996,42.821265339263334,-77.46972675504368,-107.06898869834734,FLAT
2026-10-07T05:52:07.315720+00:00,0,PERP,ICP|HTX|OKX,ICP,HTX,OKX,-35.80323785803196,-2.122842095203719,-6.484872843336339,13.810902412825047,-55.93536357986317,-15.59575795383572,20.0,40.484412168630726,-115.93490290515756,-57.373527058131344,FLAT
2026-10-07T05:52:07.781056+00:00,0,PERP,DOT|GATE|HTX,DOT,GATE,HTX,17.493871144229622,1.1391522914369179,2.9512764956579924,12.766154936341051,-3.944692992473575,38.95149178239077,20.0,42.821265339263334,-75.7172348273949,-104.82148062599612,FLAT
2026-10-07T05:52:18.068832+00:00,1,PERP,OP|GATE|OKX,OP,GATE,OKX,-4.169662332162982,-0.6370166969781336,-0.2808907572266082,6.1046619239085045,-12.046909517215987,3.7161983604261373,20.0,15.769678594404565,-53.535697354393946,-45.766767712057316,FLAT
2026-10-07T05:52:18.301443+00:00,1,PERP,OP|BITGET|GATE,OP,BITGET,GATE,-5.02203357076958,-0.4344631011242058,-1.5963932833746677,7.884766919286842,-14.665488394646209,4.629371339524013,21.999999999999996,19.30455126894098,-60.37364638021252,-53.530315891839656,FLAT
2026-10-07T05:52:18.730202+00:00,1,PERP,ICP|BITGET|HTX,ICP,BITGET,HTX,28.09865750858398,2.2481444560363686,-2.16396656376066,13.461156373242893,6.2421972534321135,49.96876951905094,21.999999999999996,43.60404648662016,-63.197882669427386,-123.73678256943177,FLAT
2026-10-07T05:52:19.390836+00:00,1,PERP,ICP|HTX|MEXC,ICP,HTX,MEXC,-35.80323785803196,-2.351157152453034,-3.705493766488812,13.651892242955599,-55.93536357986317,-15.59575795383572,26.0,40.484412168630726,-124.71428198200508,-60.59414798128382,FLAT
2026-10-07T05:52:19.858198+00:00,1,PERP,DOT|BITGET|HTX,DOT,BITGET,HTX,17.493871144229622,1.266067531399286,2.7037684233067707,11.681922452095822,-3.944692992473575,38.95149178239077,21.999999999999996,42.821265339263334,-77.46972675504368,-107.06898869834734,FLAT
2026-10-07T05:52:20.261042+00:00,1,PERP,ICP|HTX|OKX,ICP,HTX,OKX,-35.80323785803196,-2.122842095203719,-6.484872843336339,13.810902412825047,-55.93536357986317,-15.59575795383572,20.0,40.484412168630726,-115.93490290515756,-57.373527058131344,FLAT
2026-10-07T05:52:20.651250+00:00,1,PERP,DOT|GATE|HTX,DOT,GATE,HTX,17.493871144229622,1.1391522914369179,2.9512764956579924,12.766154936341051,-3.944692992473575,38.95149178239077,20.0,42.821265339263334,-75.7172348273949,-104.82148062599612,FLAT
2026-10-07T05:52:30.912983+00:00,2,PERP,OP|GATE|OKX,OP,GATE,OKX,-2.8235056110981205,-0.41650379424182843,-0.2808907572266082,6.1046619239085045,-10.609025119381332,4.971700021620951,20.0,15.5851195866545,-51.91325394880923,-46.83771036550206,FLAT
2026-10-07T05:52:31.142743+00:00,2,PERP,OP|BITGET|GATE,OP,BITGET,GATE,-3.896256968332068,-0.291684422443957,-1.5963932833746677,7.884766919286842,-17.567089791675762,9.795014366398291,21.999999999999996,27.372754019598386,-71.34345052789948,-66.76416166937133,FLAT
2026-10-07T05:52:31.627244+00:00,2,PERP,ICP|BITGET|HTX,ICP,BITGET,HTX,27.9012118776234,2.233476649981233,-2.16396656376066,13.461156373242893,6.2421972534321135,49.57290124921742,21.999999999999996,43.2101387645793,-62.80397494738652,-122.94700657755737,FLAT
2026-10-07T05:52:32.318744+00:00,2,PERP,ICP|HTX|MEXC,ICP,HTX,MEXC,-35.80323785803196,-2.351157152453034,-3.705493766488812,13.651892242955599,-55.93536357986317,-15.59575795383572,26.0,40.484412168630726,-124.71428198200508,-60.59414798128382,FLAT
2026-10-07T05:52:32.722026+00:00,2,PERP,DOT|BITGET|HTX,DOT,BITGET,HTX,17.08579242874375,1.2311350348723415,2.7037684233067707,11.681922452095822,-4.122628435285769,38.31306522242617,21.999999999999996,42.36330422054695,-77.1897010791395,-105.97260101966634,FLAT
2026-10-07T05:52:33.161027+00:00,2,PERP,ICP|HTX|OKX,ICP,HTX,OKX,-35.80323785803196,-2.122842095203719,-6.484872843336339,13.810902412825047,-55.93536357986317,-15.59575795383572,20.0,40.484412168630726,-115.93490290515756,-57.373527058131344,FLAT
2026-10-07T05:52:33.555880+00:00,2,PERP,DOT|GATE|HTX,DOT,GATE,HTX,17.08579242874375,1.1071866198998912,2.9512764956579924,12.766154936341051,-4.122628435285769,38.31306522242617,20.0,42.36330422054695,-75.43720915149072,-103.72509294731512,FLAT
2026-10-07T07:01:07.267617+00:00,0,PERP,OP|GATE|OKX,OP,GATE,OKX,-3.832200384545903,-0.5222311711146247,-0.5749338950118236,6.2372119277788975,-12.66324632528626,5.0107504028718,20.0,17.68076433248104,-55.769076762755475,-49.266448630364664,FLAT
2026-10-07T07:01:07.524815+00:00,0,PERP,OP|BITGET|GATE,OP,BITGET,GATE,-2.2693826470376877,-0.1451727559269722,-1.1906857178125192,7.430436395158035,-13.275099231513376,8.745407075594347,21.999999999999996,22.025500997666196,-62.10991451136705,-59.96159379107306,FLAT
2026-10-07T07:01:07.999275+00:00,0,PERP,ICP|BITGET|HTX,ICP,BITGET,HTX,20.12072434607548,1.6903398290263092,-1.8843750375744743,13.018151146758228,-3.0950170225929607,43.34365325077583,21.999999999999996,46.34541882123796,-75.55606080625644,-119.57344710958826,FLAT
2026-10-07T07:01:08.756055+00:00,0,PERP,ICP|HTX|MEXC,ICP,HTX,MEXC,-26.25888168056756,-1.6604588604161539,-3.878212579424695,13.478605001712413,-49.321824907521126,-3.095975232197956,26.0,46.34733642758968,-123.79094875568612,-79.12957377481642,FLAT
2026-10-07T07:01:09.307497+00:00,0,PERP,DOT|BITGET|HTX,DOT,BITGET,HTX,20.85424883827791,1.4709879745887793,3.2900949251899645,11.940378994599243,-4.2332455809601655,45.96388579451549,21.999999999999996,50.092657134460495,-85.61599764061063,-120.76644800378602,FLAT
2026-10-07T07:01:10.170387+00:00,0,PERP,ICP|HTX|OKX,ICP,HTX,OKX,-29.348161878282042,-1.6953512725832331,-6.493137466323857,13.480996405620191,-52.40443896424307,-6.191950464395912,20.0,46.34829612198597,-118.25959761990518,-72.64948312391391,FLAT
2026-10-07T07:01:10.652686+00:00,0,PERP,DOT|GATE|HTX,DOT,GATE,HTX,20.85424883827791,1.3803075247057583,3.172620684498527,12.809919410928805,-4.2332455809601655,45.96388579451549,20.0,50.092657134460495,-83.4985233999192,-118.88392224447746,FLAT
2026-10-07T07:01:20.977829+00:00,1,PERP,OP|GATE|OKX,OP,GATE,OKX,-3.537889967685226,-0.4750449571028968,-0.5749338950118236,6.2372119277788975,-12.815595372963617,5.752932704878866,20.0,18.575090474103746,-56.815751952055535,-50.902957073994436,FLAT
2026-10-07T07:01:21.234496+00:00,1,PERP,OP|BITGET|GATE,OP,BITGET,GATE,-4.714323333387949,-0.4742167792286831,-1.1906857178125192,7.430436395158035,-18.028668242221492,8.616714168021566,21.999999999999996,26.657939367354444,-71.49592189176342,-64.46533925318853,FLAT
2026-10-07T07:01:22.060118+00:00,1,PERP,ICP|BITGET|HTX,ICP,BITGET,HTX,18.970101167183895,1.6019537620710096,-1.8843750375744743,13.018151146758228,-5.390312809405717,43.34365325077583,21.999999999999996,48.641688742661756,-80.147626514493,-121.86971703101206,FLAT
2026-10-07T07:01:22.852856+00:00,1,PERP,ICP|HTX|MEXC,ICP,HTX,MEXC,-26.25888168056756,-1.6604588604161539,-3.878212579424695,13.478605001712413,-49.321824907521126,-3.095975232197956,26.0,46.34733642758968,-123.79094875568612,-79.12957377481642,FLAT
2026-10-07T07:01:23.340791+00:00,1,PERP,DOT|BITGET|HTX,DOT,BITGET,HTX,19.34239161381024,1.3443707855404667,3.2900949251899645,11.940378994599243,-4.237137239103683,42.9427504392077,21.999999999999996,47.088797485697114,-82.61602964999076,-114.74145299971485,FLAT
2026-10-07T07:01:23.919372+00:00,1,PERP,ICP|HTX|OKX,ICP,HTX,OKX,-29.348161878282042,-1.6953512725832331,-6.493137466323857,13.480996405620191,-52.40443896424307,-6.191950464395912,20.0,46.34829612198597,-118.25959761990518,-72.64948312391391,FLAT
2026-10-07T07:01:24.397241+00:00,1,PERP,DOT|GATE|HTX,DOT,GATE,HTX,19.34239161381024,1.2622851409600941,3.172620684498527,12.809919410928805,-4.237137239103683,42.9427504392077,20.0,47.088797485697114,-80.49855540929933,-112.85892724040629,FLAT
2026-10-07T07:01:34.674378+00:00,2,PERP,OP|GATE|OKX,OP,GATE,OKX,-2.513990942276667,-0.3108852272004411,-0.5749338950118236,6.2372119277788975,-11.532656067388958,6.517263347911584,20.0,18.054449507066582,-55.01217167944371,-51.14664674998998,FLAT
2026-10-07T07:01:34.928044+00:00,2,PERP,OP|BITGET|GATE,OP,BITGET,GATE,-3.835326128210914,-0.3559199311795128,-1.1906857178125192,7.430436395158035,-17.199422844206282,9.545896008418264,21.999999999999996,26.755569520452266,-70.76430664684602,-65.49215124668305,FLAT
2026-10-07T07:01:35.492943+00:00,2,PERP,ICP|BITGET|HTX,ICP,BITGET,HTX,22.572552001298707,1.878678989294377,-1.8843750375744743,13.018151146758228,-2.363443515939201,47.5248260223049,21.999999999999996,49.77590730098403,-78.25497577934875,-127.18510836086341,FLAT
2026-10-07T07:01:36.215110+00:00,2,PERP,ICP|HTX|MEXC,ICP,HTX,MEXC,-29.348161878282042,-1.8896576682543538,-3.878212579424695,13.478605001712413,-52.40443896424307,-6.191950464395912,26.0,46.34829612198597,-126.87452250680434,-76.03455823701475,FLAT
2026-10-07T07:01:37.119705+00:00,2,PERP,DOT|BITGET|HTX,DOT,BITGET,HTX,19.34239161381024,1.3443707855404667,3.2900949251899645,11.940378994599243,-4.237137239103683,42.9427504392077,21.999999999999996,47.088797485697114,-82.61602964999076,-114.74145299971485,FLAT
2026-10-07T07:01:38.119136+00:00,2,PERP,ICP|HTX|OKX,ICP,HTX,OKX,-32.43744207599764,-1.9245094226757355,-6.493137466323857,13.480996405620191,-55.487053020963906,-9.287925696594979,20.0,46.34925641126352,-121.34317196590357,-69.5544681809924,FLAT
2026-10-07T07:01:38.590334+00:00,2,PERP,DOT|GATE|HTX,DOT,GATE,HTX,19.34239161381024,1.2622851409600941,3.172620684498527,12.809919410928805,-4.237137239103683,42.9427504392077,20.0,47.088797485697114,-80.49855540929933,-112.85892724040629,FLAT
2026-10-07T07:26:23.153409+00:00,0,PERP,OP|GATE|OKX,OP,GATE,OKX,-3.8969618575079856,-0.537368481448174,-0.5522516052643454,6.224239730677651,-11.146643342322404,3.3609283210900287,20.0,14.513222766313023,-51.10761450337108,-44.426402692667395,FLAT
2026-10-07T07:26:23.508989+00:00,0,PERP,OP|BITGET|GATE,OP,BITGET,GATE,-1.4002980697869205,-0.021953220906562376,-1.2367793196004415,7.4485083934812994,-11.041801094292536,8.249186331394931,21.999999999999996,19.293685814604384,-57.098707589296474,-56.779651465599756,FLAT
2026-10-07T07:26:24.481016+00:00,0,PERP,ICP|BITGET|HTX,ICP,BITGET,HTX,21.688613477923724,1.769577987049189,-1.625990289156193,13.175233834117444,-9.293680297398632,52.68050821196191,21.999999999999996,61.84006449636189,-97.50775450460434,-144.14656299747998,FLAT
2026-10-07T07:26:25.208682+00:00,0,PERP,ICP|HTX|MEXC,ICP,HTX,MEXC,-30.916679548617097,-1.9812811911587764,-4.093277442987548,13.538412530904589,-61.652281134402244,0.0,26.0,61.84294715105488,-151.40195084246957,-97.93622459404243,FLAT
2026-10-07T07:26:26.192735+00:00,0,PERP,DOT|BITGET|HTX,DOT,BITGET,HTX,25.67521004629647,1.8907542007474225,3.2443991623401036,11.863419832725683,-4.432624113475114,55.80975923193954,21.999999999999996,60.08809405478302,-95.76511733059823,-140.65345412438245,FLAT
2026-10-07T07:26:26.690035+00:00,0,PERP,ICP|HTX|OKX,ICP,HTX,OKX,-30.916679548617097,-1.7927578635046437,-6.622216334591029,13.551447023934996,-61.652281134402244,0.0,20.0,61.84294715105488,-142.8730119508661,-94.46516348564592,FLAT
2026-10-07T07:26:27.151386+00:00,0,PERP,DOT|GATE|HTX,DOT,GATE,HTX,25.67521004629647,1.7603378214718053,3.251794209202364,12.738132171895309,-4.432624113475114,55.80975923193954,20.0,60.08809405478302,-93.7725123774605,-138.6460590775202,FLAT
2026-10-07T07:26:37.507102+00:00,1,PERP,OP|GATE|OKX,OP,GATE,OKX,-5.437680239149811,-0.7849036742281094,-0.5522516052643454,6.224239730677651,-13.010121969063704,2.1428070933882104,20.0,15.161168949437965,-53.61903931323732,-43.856227648090524,FLAT
2026-10-07T07:26:37.860773+00:00,1,PERP,OP|BITGET|GATE,OP,BITGET,GATE,-3.2803891431398835,-0.2743649755873196,-1.2367793196004415,7.4485083934812994,-12.874537362125293,6.321701251523759,21.999999999999996,19.202534506257305,-58.84029254878215,-54.7610150773815,FLAT
2026-10-07T07:26:38.336530+00:00,1,PERP,ICP|BITGET|HTX,ICP,BITGET,HTX,19.908314467980137,1.6344533257066725,-1.625990289156193,13.175233834117444,-12.387736141220573,52.22291019522763,21.999999999999996,64.48226768719142,-103.2440135392558,-146.33116817157526,FLAT
2026-10-07T07:26:39.082978+00:00,1,PERP,ICP|HTX|MEXC,ICP,HTX,MEXC,-27.825011593756166,-1.7529185269392102,-4.093277442987548,13.538412530904589,-58.56966707768252,3.100775193796146,26.0,61.84198567035015,-148.3183753050451,-101.03603830713384,FLAT
2026-10-07T07:26:39.552716+00:00,1,PERP,DOT|BITGET|HTX,DOT,BITGET,HTX,25.67521004629647,1.8907542007474225,3.2443991623401036,11.863419832725683,-4.432624113475114,55.80975923193954,21.999999999999996,60.08809405478302,-95.76511733059823,-140.65345412438245,FLAT
2026-10-07T07:26:40.034166+00:00,1,PERP,ICP|HTX|OKX,ICP,HTX,OKX,-27.825011593756166,-1.5646148504817299,-6.622216334591029,13.551447023934996,-58.56966707768252,3.100775193796146,20.0,61.84198567035015,-139.78943641344162,-97.56497719873732,FLAT
2026-10-07T07:26:40.496415+00:00,1,PERP,DOT|GATE|HTX,DOT,GATE,HTX,25.67521004629647,1.7603378214718053,3.251794209202364,12.738132171895309,-4.432624113475114,55.80975923193954,20.0,60.08809405478302,-93.7725123774605,-138.6460590775202,FLAT
2026-10-07T07:26:50.905161+00:00,2,PERP,OP|GATE|OKX,OP,GATE,OKX,-2.5729779824112953,-0.32465432961833357,-0.5522516052643454,6.224239730677651,-10.951019829926745,5.815711431309545,20.0,16.771039651169,-53.1698078758314,-49.139002687742895,FLAT
2026-10-07T07:26:51.263615+00:00,2,PERP,OP|BITGET|GATE,OP,BITGET,GATE,-6.883280256282376,-0.7580713665602599,-1.2367793196004415,7.4485083934812994,-17.356086469292322,3.5981883274560644,21.999999999999996,20.968704562788332,-65.08801171248021,-53.80367220984484,FLAT
2026-10-07T07:26:51.811585+00:00,2,PERP,ICP|BITGET|HTX,ICP,BITGET,HTX,19.400151588424563,1.5958837727140205,-1.625990289156193,13.175233834117444,-12.387736141220573,51.20306575767009,21.999999999999996,63.467670106056964,-102.22941595812134,-144.29672615288325,FLAT
2026-10-07T07:26:52.589638+00:00,2,PERP,ICP|HTX|MEXC,ICP,HTX,MEXC,-27.825011593756166,-1.7529185269392102,-4.093277442987548,13.538412530904589,-58.56966707768252,3.100775193796146,26.0,61.84198567035015,-148.3183753050451,-101.03603830713384,FLAT
2026-10-07T07:26:53.095745+00:00,2,PERP,DOT|BITGET|HTX,DOT,BITGET,HTX,25.67521004629647,1.8907542007474225,3.2443991623401036,11.863419832725683,-4.432624113475114,55.80975923193954,21.999999999999996,60.08809405478302,-95.76511733059823,-140.65345412438245,FLAT
2026-10-07T07:26:53.646475+00:00,2,PERP,ICP|HTX|OKX,ICP,HTX,OKX,-27.825011593756166,-1.5646148504817299,-6.622216334591029,13.551447023934996,-58.56966707768252,3.100775193796146,20.0,61.84198567035015,-139.78943641344162,-97.56497719873732,FLAT
2026-10-07T07:26:54.096951+00:00,2,PERP,DOT|GATE|HTX,DOT,GATE,HTX,25.67521004629647,1.7603378214718053,3.251794209202364,12.738132171895309,-4.432624113475114,55.80975923193954,20.0,60.08809405478302,-93.7725123774605,-138.6460590775202,FLAT
2026-10-07T07:48:23.033211+00:00,0,PERP,OP|GATE|OKX,OP,GATE,OKX,-2.537952792907028,-0.31472255455758286,-0.5749565309863073,6.23722778521602,-10.963031825662606,5.897998838038099,20.0,16.86530398719385,-53.25337928187015,-49.33825935621826,FLAT
2026-10-07T07:48:26.166298+00:00,0,PERP,OP|BITGET|GATE,OP,BITGET,GATE,-8.1145655537318,-0.9234471585957602,-1.2364481194233734,7.448306457261329,-18.480292448378457,2.259706870095801,21.999999999999996,20.75683907058175,-66.00068339953683,-52.252994060100924,FLAT
2026-10-07T07:48:26.644438+00:00,0,PERP,ICP|BITGET|HTX,ICP,BITGET,HTX,19.440921159099567,1.624114382335427,-1.7557869095214302,13.05124090960932,-0.7549318125765758,39.649834125268235,21.999999999999996,40.326363551032514,-67.32550845408765,-109.73198458582218,FLAT
2026-10-07T07:48:27.404924+00:00,0,PERP,ICP|HTX|MEXC,ICP,HTX,MEXC,-27.705094659071783,-1.7359293493147567,-4.134859740907083,13.577876845891712,-46.097111247692666,-9.250693802034249,26.0,36.94867848703376,-110.91092999381934,-63.83284442590659,FLAT
2026-10-07T07:48:27.899218+00:00,0,PERP,DOT|BITGET|HTX,DOT,BITGET,HTX,8.985106119141495,0.4730773257385843,3.3673096834807414,11.875006748400086,-11.967901684725168,29.956672831603637,21.999999999999996,41.88693044927679,-85.2221418174827,-96.47629359739969,FLAT
2026-10-07T07:48:28.378971+00:00,0,PERP,ICP|HTX|OKX,ICP,HTX,OKX,-30.78343851008136,-1.77451866266257,-6.6635601867117025,13.592349762712034,-49.170251997540106,-12.334258402711962,20.0,36.949631674043296,-105.45632348487169,-57.278933458043035,FLAT
2026-10-07T07:48:28.825875+00:00,0,PERP,DOT|GATE|HTX,DOT,GATE,HTX,8.985106119141495,0.4501212476583761,3.251467029465574,12.737988085440309,-11.967901684725168,29.956672831603637,20.0,41.88693044927679,-83.10629916346753,-94.59213625141486,FLAT
2026-10-07T07:48:39.181702+00:00,1,PERP,OP|GATE|OKX,OP,GATE,OKX,-2.776680358433925,-0.35299718132249736,-0.5749565309863073,6.23722778521602,-11.188571617989362,5.645863443908272,20.0,16.83910400208368,-53.452719089086735,-49.05992397697826,FLAT
2026-10-07T07:48:39.499268+00:00,1,PERP,OP|BITGET|GATE,OP,BITGET,GATE,-6.419088717561916,-0.6958146295237361,-1.2364481194233734,7.448306457261329,-16.240734369048493,3.4106539212719333,21.999999999999996,19.664007454948436,-62.66829370457355,-52.31110949564374,FLAT
2026-10-07T07:48:39.978447+00:00,1,PERP,ICP|BITGET|HTX,ICP,BITGET,HTX,21.591623686276762,1.7889035040804468,-1.7557869095214302,13.05124090960932,0.4524999999988566,42.748391049380885,21.999999999999996,42.204756766757185,-67.9964698572369,-114.7089347256595,FLAT
2026-10-07T07:48:40.688831+00:00,1,PERP,ICP|HTX|MEXC,ICP,HTX,MEXC,-27.705094659071783,-1.7359293493147567,-4.134859740907083,13.577876845891712,-46.097111247692666,-9.250693802034249,26.0,36.94867848703376,-110.91092999381934,-63.83284442590659,FLAT
2026-10-07T07:48:41.182814+00:00,1,PERP,DOT|BITGET|HTX,DOT,BITGET,HTX,8.985106119141495,0.4730773257385843,3.3673096834807414,11.875006748400086,-11.967901684725168,29.956672831603637,21.999999999999996,41.88693044927679,-85.2221418174827,-96.47629359739969,FLAT
2026-10-07T07:48:41.679892+00:00,1,PERP,ICP|HTX|OKX,ICP,HTX,OKX,-30.78343851008136,-1.77451866266257,-6.6635601867117025,13.592349762712034,-49.170251997540106,-12.334258402711962,20.0,36.949631674043296,-105.45632348487169,-57.278933458043035,FLAT
2026-10-07T07:48:42.134028+00:00,1,PERP,DOT|GATE|HTX,DOT,GATE,HTX,8.985106119141495,0.4501212476583761,3.251467029465574,12.737988085440309,-11.967901684725168,29.956672831603637,20.0,41.88693044927679,-83.10629916346753,-94.59213625141486,FLAT
2026-10-07T07:48:52.486545+00:00,2,PERP,OP|GATE|OKX,OP,GATE,OKX,-2.337776458297691,-0.2826287555971199,-0.5749565309863073,6.23722778521602,-10.394345272882743,5.729368669655788,20.0,16.127477248694703,-51.946865990591135,-48.4318024493368,FLAT
2026-10-07T07:48:52.795040+00:00,2,PERP,OP|BITGET|GATE,OP,BITGET,GATE,-7.616517871221751,-0.8565799203359132,-1.2364481194233734,7.448306457261329,-18.283778670662443,3.0595370426467206,21.999999999999996,21.359580652635007,-66.40691120387407,-53.6555658147051,FLAT
2026-10-07T07:48:53.320334+00:00,2,PERP,ICP|BITGET|HTX,ICP,BITGET,HTX,21.364795726237507,1.7715237038292504,-1.7557869095214302,13.05124090960932,0.0,42.748391049380885,21.999999999999996,42.6572464461656,-68.90145953664417,-115.16142440506792,FLAT
2026-10-07T07:48:54.057048+00:00,2,PERP,ICP|HTX|MEXC,ICP,HTX,MEXC,-27.705094659071783,-1.7359293493147567,-4.134859740907083,13.577876845891712,-46.097111247692666,-9.250693802034249,26.0,36.94867848703376,-110.91092999381934,-63.83284442590659,FLAT
2026-10-07T07:48:54.536456+00:00,2,PERP,DOT|BITGET|HTX,DOT,BITGET,HTX,8.985106119141495,0.4730773257385843,3.3673096834807414,11.875006748400086,-11.967901684725168,29.956672831603637,21.999999999999996,41.88693044927679,-85.2221418174827,-96.47629359739969,FLAT
2026-10-07T07:48:55.081382+00:00,2,PERP,ICP|HTX|OKX,ICP,HTX,OKX,-30.78343851008136,-1.77451866266257,-6.6635601867117025,13.592349762712034,-49.170251997540106,-12.334258402711962,20.0,36.949631674043296,-105.45632348487169,-57.278933458043035,FLAT
2026-10-07T07:48:55.662124+00:00,2,PERP,DOT|GATE|HTX,DOT,GATE,HTX,8.985106119141495,0.4501212476583761,3.251467029465574,12.737988085440309,-11.967901684725168,29.956672831603637,20.0,41.88693044927679,-83.10629916346753,-94.59213625141486,FLAT
2026-10-07T08:04:38.801332+00:00,0,PERP,OP|GATE|OKX,OP,GATE,OKX,-3.6130691097013834,-0.48146291209441017,-0.6097170977360634,6.237971682804078,-12.523223903008196,5.308962834307263,20.0,17.838624044674418,-55.75213084994655,-49.75730397671774,FLAT
2026-10-07T08:04:39.132697+00:00,0,PERP,OP|BITGET|GATE,OP,BITGET,GATE,-4.560257409910173,-0.4596266159203857,-1.1545965189205563,7.409625058744487,-15.293210899404164,6.181595709342513,21.999999999999996,21.48460045138659,-63.62321483187019,-56.82079267964966,FLAT
2026-10-07T08:04:39.616523+00:00,0,PERP,ICP|BITGET|HTX,ICP,BITGET,HTX,26.57503025878638,1.972503371795013,-1.0288977171737472,13.99436288458157,-9.285051067779992,62.457322846625196,21.999999999999996,71.5522168051852,-107.80837015579144,-163.03843736898415,FLAT
2026-10-07T08:04:40.320819+00:00,0,PERP,ICP|HTX|MEXC,ICP,HTX,MEXC,-34.224017908133234,-1.9746774249678862,-4.777101638446678,14.912266630163884,-68.22507536142774,0.0,26.0,68.45863969477978,-163.90661341776084,-105.23574133322646,FLAT
2026-10-07T08:04:40.786154+00:00,0,PERP,DOT|BITGET|HTX,DOT,BITGET,HTX,16.980788525964297,1.1482797127624134,3.3406814265286084,11.878732113643043,-12.761990973321202,46.74991238264647,21.999999999999996,59.411007119212655,-103.51367951906246,-130.8202380753305,FLAT
2026-10-07T08:04:41.302259+00:00,0,PERP,ICP|HTX|OKX,ICP,HTX,OKX,-35.90245783108293,-1.888242891450648,-7.391418125484192,15.099243765030169,-71.30278683482149,-0.26999271019678694,20.0,71.28797685900686,-161.19934556834414,-104.40940227429427,FLAT
2026-10-07T08:04:41.758700+00:00,0,PERP,DOT|GATE|HTX,DOT,GATE,HTX,17.272208281522428,1.1025137761806767,3.2248387725134404,12.741219032810475,-12.761990973321202,47.33444637844863,20.0,59.99280345019403,-101.97963319602867,-130.10241105612923,FLAT
2026-10-07T08:04:52.157005+00:00,1,PERP,OP|GATE|OKX,OP,GATE,OKX,-3.6290545190331702,-0.4840255093847847,-0.6097170977360634,6.237971682804078,-13.396590977120537,6.152212596672868,20.0,19.555890869088504,-58.34276474847297,-52.317820563497435,FLAT
2026-10-07T08:04:52.493766+00:00,1,PERP,OP|BITGET|GATE,OP,BITGET,GATE,-2.557300914356464,-0.1893084176749946,-1.1545965189205563,7.409625058744487,-13.721254315268716,8.615917178174115,21.999999999999996,22.342881397869885,-62.90953919421804,-60.11339509496455,FLAT
2026-10-07T08:04:52.957093+00:00,1,PERP,ICP|BITGET|HTX,ICP,BITGET,HTX,32.552381855373014,2.399629039886144,-1.0288977171737472,13.99436288458157,-3.0969340353048658,68.22212129811378,21.999999999999996,71.08764227709104,-101.15567859522216,-168.33866129237856,FLAT
2026-10-07T08:04:53.663748+00:00,1,PERP,ICP|HTX|MEXC,ICP,HTX,MEXC,-34.224017908133234,-1.9746774249678862,-4.777101638446678,14.912266630163884,-68.22507536142774,0.0,26.0,68.45863969477978,-163.90661341776084,-105.23574133322646,FLAT
2026-10-07T08:04:54.128299+00:00,1,PERP,DOT|BITGET|HTX,DOT,BITGET,HTX,16.619330518401476,1.1178507070314334,3.3406814265286084,11.878732113643043,-12.761990973321202,46.02667620984935,21.999999999999996,58.691114959139995,-102.7937873589898,-129.37710974246073,FLAT
2026-10-07T08:04:54.649339+00:00,1,PERP,ICP|HTX|OKX,ICP,HTX,OKX,-34.105493809245544,-1.7692326913504848,-7.391418125484192,15.099243765030169,-68.22507536142774,0.23782541439754112,20.0,68.69646227501832,-155.53011951096187,-102.32570581490005,FLAT
2026-10-07T08:04:55.097651+00:00,1,PERP,DOT|GATE|HTX,DOT,GATE,HTX,16.619330518401476,1.05127238699808,3.2248387725134404,12.741219032810475,-12.761990973321202,46.02667620984935,20.0,58.691114959139995,-100.67794470497464,-127.4929523964759,FLAT
2026-10-07T08:05:05.450097+00:00,2,PERP,OP|GATE|OKX,OP,GATE,OKX,-3.541571829310808,-0.4700012889857852,-0.6097170977360634,6.237971682804078,-12.343188056839205,5.270931991530059,20.0,17.620353693384576,-55.35382465248772,-49.501002782650694,FLAT
2026-10-07T08:05:05.785391+00:00,2,PERP,OP|BITGET|GATE,OP,BITGET,GATE,-5.988508881923371,-0.6523828567139254,-1.1545965189205563,7.409625058744487,-17.525760157012236,5.55830893651077,21.999999999999996,23.097897325266963,-67.46906096335863,-57.81080278069828,FLAT
2026-10-07T08:05:06.259025+00:00,2,PERP,ICP|BITGET|HTX,ICP,BITGET,HTX,26.57503025878638,1.972503371795013,-1.0288977171737472,13.99436288458157,-9.285051067779992,62.457322846625196,21.999999999999996,71.5522168051852,-107.80837015579144,-163.03843736898415,FLAT
2026-10-07T08:05:07.021262+00:00,2,PERP,ICP|HTX|MEXC,ICP,HTX,MEXC,-34.224017908133234,-1.9746774249678862,-4.777101638446678,14.912266630163884,-68.22507536142774,0.0,26.0,68.45863969477978,-163.90661341776084,-105.23574133322646,FLAT
2026-10-07T08:05:07.492143+00:00,2,PERP,DOT|BITGET|HTX,DOT,BITGET,HTX,16.619330518401476,1.1178507070314334,3.3406814265286084,11.878732113643043,-12.761990973321202,46.02667620984935,21.999999999999996,58.691114959139995,-102.7937873589898,-129.37710974246073,FLAT
2026-10-07T08:05:07.999919+00:00,2,PERP,ICP|HTX|OKX,ICP,HTX,OKX,-34.224017908133234,-1.777082362548071,-7.391418125484192,15.099243765030169,-68.22507536142774,0.0,20.0,68.45863969477978,-155.29229693072332,-101.85005782026397,FLAT
2026-10-07T08:05:08.445686+00:00,2,PERP,DOT|GATE|HTX,DOT,GATE,HTX,16.619330518401476,1.05127238699808,3.2248387725134404,12.741219032810475,-12.761990973321202,46.02667620984935,20.0,58.691114959139995,-100.67794470497464,-127.4929523964759,FLAT
2026-10-07T08:30:15.408470+00:00,0,PERP,OP|GATE|OKX,OP,GATE,OKX,-0.927925479938807,-0.052896157374743985,-0.598264587524763,6.232227609248707,-11.64369301599244,9.80623541361858,20.0,21.451903234030016,-58.497331662497686,-57.85640323517336,FLAT
2026-10-07T08:30:15.742934+00:00,0,PERP,OP|BITGET|GATE,OP,BITGET,GATE,-1.3422216329839198,-0.03306711917362594,-1.0970235705859113,7.41516250963817,-13.910394771727841,11.23666550633562,21.999999999999996,25.150431458641943,-65.96380265978387,-65.48412053556348,FLAT
2026-10-07T08:30:16.157186+00:00,0,PERP,ICP|BITGET|HTX,ICP,BITGET,HTX,31.104199066871452,2.295998646574386,-1.0282555336263897,13.994979765532197,0.0,62.227753578092404,21.999999999999996,62.0347933017442,-89.00653776811781,-153.29080241346298,FLAT
2026-10-07T08:30:17.090563+00:00,0,PERP,ICP|HTX|MEXC,ICP,HTX,MEXC,-35.6589147286801,-2.0512978902643018,-4.9069816683751375,14.991451610347388,-64.9350649350633,-6.218905472635816,26.0,58.92582527925334,-150.9539085459415,-89.61390147499266,FLAT
2026-10-07T08:30:17.505616+00:00,0,PERP,DOT|BITGET|HTX,DOT,BITGET,HTX,23.327218594808574,1.6696599096061178,3.5252651346954735,11.85987238849407,-4.378719856397151,51.07677361744667,21.999999999999996,55.32639807057594,-91.23038306166856,-130.87790655332714,FLAT
2026-10-07T08:30:17.952371+00:00,0,PERP,ICP|HTX|OKX,ICP,HTX,OKX,-35.6589147286801,-1.8606426964717107,-7.478325108107926,15.145621281297217,-64.9350649350633,-6.218905472635816,20.0,58.92582527925334,-142.3825651062087,-86.18524491472544,FLAT
2026-10-07T08:30:18.416238+00:00,0,PERP,DOT|GATE|HTX,DOT,GATE,HTX,28.77424170595999,1.9932561806288935,3.4094224806803055,12.725318236453086,4.482646526708933,53.087391095665296,20.0,48.465279842893565,-73.39205579686494,-124.14324845787856,FLAT
2026-10-07T08:30:28.791035+00:00,1,PERP,OP|GATE|OKX,OP,GATE,OKX,-2.448803395580512,-0.2969305558271854,-0.598264587524763,6.232227609248707,-11.676636227204717,6.792293532089655,20.0,18.473444016472765,-55.551815656152726,-51.86400213608719,FLAT
2026-10-07T08:30:29.129018+00:00,1,PERP,OP|BITGET|GATE,OP,BITGET,GATE,-1.4514320662861735,-0.04779510836608164,-1.0970235705859113,7.41516250963817,-14.898748304353893,12.01277348098051,21.999999999999996,26.915417775873802,-68.71714250964177,-68.02521482744022,FLAT
2026-10-07T08:30:29.599359+00:00,1,PERP,ICP|BITGET|HTX,ICP,BITGET,HTX,33.988274053551315,2.5020779003495837,-1.0282555336263897,13.994979765532197,3.1104199066889215,64.88388888888919,21.999999999999996,61.56421772537324,-85.42554228505793,-155.47636214788884,FLAT
2026-10-07T08:30:30.262720+00:00,1,PERP,ICP|HTX|MEXC,ICP,HTX,MEXC,-38.75968992247847,-2.2581341109581103,-4.9069816683751375,14.991451610347388,-68.0272108843516,-9.32835820895539,26.0,58.92679395529581,-154.04702317127226,-86.50541741471555,FLAT
2026-10-07T08:30:30.681558+00:00,1,PERP,DOT|BITGET|HTX,DOT,BITGET,HTX,23.352262150169167,1.671771530586533,3.5252651346954735,11.85987238849407,-4.378719856397151,51.127039054401635,21.999999999999996,55.376407916490926,-91.28039290758355,-130.97818183619708,FLAT
2026-10-07T08:30:31.187307+00:00,1,PERP,ICP|HTX|OKX,ICP,HTX,OKX,-38.75968992247847,-2.0653734986097123,-7.478325108107926,15.145621281297217,-68.0272108843516,-9.32835820895539,20.0,58.92679395529581,-145.4756797315395,-83.07676085444834,FLAT
2026-10-07T08:30:31.646841+00:00,1,PERP,DOT|GATE|HTX,DOT,GATE,HTX,19.88742359191109,1.2948989412325833,3.4094224806803055,12.725318236453086,-4.378719856397151,44.17507957873879,20.0,48.45742057873879,-82.24556291581625,-115.22307767679727,FLAT
2026-10-07T08:30:42.002301+00:00,2,PERP,OP|GATE|OKX,OP,GATE,OKX,-1.256693244279239,-0.1056490067495865,-0.598264587524763,6.232227609248707,-9.567484349597422,7.065028519153138,20.0,16.634596143732743,-51.603815905805405,-50.29788925041065,FLAT
2026-10-07T08:30:42.339192+00:00,2,PERP,OP|BITGET|GATE,OP,BITGET,GATE,-5.049544567278241,-0.5330322823747793,-1.0970235705859113,7.41516250963817,-15.570669348466959,5.480311437793262,21.999999999999996,21.06161231985444,-63.53525809773548,-55.638947328233606,FLAT
2026-10-07T08:30:42.773714+00:00,2,PERP,ICP|BITGET|HTX,ICP,BITGET,HTX,30.872346712282894,2.2794318234368793,-1.0282555336263897,13.994979765532197,0.0,61.762476166769,21.999999999999996,61.572382652221435,-88.54412711859504,-152.36311435261683,FLAT
2026-10-07T08:30:43.428585+00:00,2,PERP,ICP|HTX|MEXC,ICP,HTX,MEXC,-38.75968992247847,-2.2581341109581103,-4.9069816683751375,14.991451610347388,-68.0272108843516,-9.32835820895539,26.0,58.92679395529581,-154.04702317127226,-86.50541741471555,FLAT
2026-10-07T08:30:43.884892+00:00,2,PERP,DOT|BITGET|HTX,DOT,BITGET,HTX,19.88742359191109,1.3796234833934191,3.5252651346954735,11.85987238849407,-4.378719856397151,44.17507957873879,21.999999999999996,48.45742057873879,-84.36140556983142,-117.1072350227821,FLAT
2026-10-07T08:30:44.385706+00:00,2,PERP,ICP|HTX|OKX,ICP,HTX,OKX,-40.67369283592637,-2.1917468495538186,-7.478325108107926,15.145621281297217,-71.11935683364212,-10.057624002403065,20.0,61.310630257125574,-150.95166198265977,-84.73133136283045,FLAT
2026-10-07T08:30:44.776171+00:00,2,PERP,DOT|GATE|HTX,DOT,GATE,HTX,19.88742359191109,1.2948989412325833,3.4094224806803055,12.725318236453086,-4.378719856397151,44.17507957873879,20.0,48.45742057873879,-82.24556291581625,-115.22307767679727,FLAT
2026-10-07T08:52:57.583780+00:00,0,PERP,OP|GATE|OKX,OP,GATE,OKX,-3.667600265109261,-0.47976687946134633,-0.6562999989363926,6.276590559051882,-10.931990215201637,3.6038151076001057,20.0,14.541135034356477,-50.816825250621726,-44.801250140892975,FLAT
2026-10-07T08:52:57.915366+00:00,0,PERP,OP|BITGET|GATE,OP,BITGET,GATE,-6.590523126187575,-0.7428574966136081,-1.0737793720305082,7.4263822863815845,-15.578964859883637,2.4054089756231356,21.999999999999996,17.996231173592836,-60.50141666144596,-49.47541952124648,FLAT
2026-10-07T08:52:58.336563+00:00,0,PERP,ICP|BITGET|HTX,ICP,BITGET,HTX,49.87531172069737,3.660236949764355,-1.1144677746021774,13.93073186111141,-3.1162355874114755,102.89990645463209,21.999999999999996,105.4899970916403,-135.4917649044496,-237.50437132087455,FLAT
2026-10-07T08:52:58.781771+00:00,0,PERP,ICP|HTX|OKX,ICP,HTX,OKX,-54.28039702233267,-3.0985045307204007,-7.435729063427319,15.118476508412268,-104.93827160493852,-3.1172069825435855,20.0,102.37424833784155,-225.87679087935277,-132.69277041872527,FLAT
2026-10-07T08:52:59.447105+00:00,0,PERP,ICP|HTX|MEXC,ICP,HTX,MEXC,-54.28039702233267,-3.293265067788109,-4.9076262491269365,14.992042777281364,-104.93827160493852,-3.1172069825435855,26.0,102.37424833784155,-234.40489369365315,-136.1646676044249,FLAT
2026-10-07T08:52:59.874076+00:00,0,PERP,DOT|BITGET|HTX,DOT,BITGET,HTX,20.928693154120825,1.4260683530607026,3.7234099176248114,12.064837705408115,-4.448398576514245,46.32838247311977,21.999999999999996,50.670723789842135,-86.84253228398119,-121.27569634533708,FLAT
2026-10-07T08:53:00.325587+00:00,0,PERP,DOT|GATE|HTX,DOT,GATE,HTX,20.928693154120825,1.340817257774814,3.6075672636096434,12.918334538188208,-4.448398576514245,46.32838247311977,20.0,50.670723789842135,-84.72668962996602,-119.39153899935225,FLAT
2026-10-07T08:53:10.633387+00:00,1,PERP,OP|GATE|OKX,OP,GATE,OKX,-1.9346586423296674,-0.20367086738670095,-0.6562999989363926,6.276590559051882,-9.887225843953074,6.027011142342165,20.0,15.917311236197513,-51.14823708121419,-48.60062237747607,FLAT
2026-10-07T08:53:10.953787+00:00,1,PERP,OP|BITGET|GATE,OP,BITGET,GATE,-5.111199421170554,-0.5436590648644389,-1.0737793720305082,7.4263822863815845,-15.830373885620252,5.619146140505293,21.999999999999996,21.460483088996178,-64.21707760258592,-56.15340860153197,FLAT
2026-10-07T08:53:11.415079+00:00,1,PERP,ICP|BITGET|HTX,ICP,BITGET,HTX,49.84024846676371,3.6577199783458227,-1.1144677746021774,13.93073186111141,-3.1162355874114755,102.8293882132858,21.999999999999996,105.42019685474436,-135.42196466755365,-237.3640528426323,FLAT
2026-10-07T08:53:11.929729+00:00,1,PERP,ICP|HTX|OKX,ICP,HTX,OKX,-54.28039702233267,-3.0985045307204007,-7.435729063427319,15.118476508412268,-104.93827160493852,-3.1172069825435855,20.0,102.37424833784155,-225.87679087935277,-132.69277041872527,FLAT
2026-10-07T08:53:12.597563+00:00,1,PERP,ICP|HTX|MEXC,ICP,HTX,MEXC,-54.28039702233267,-3.293265067788109,-4.9076262491269365,14.992042777281364,-104.93827160493852,-3.1172069825435855,26.0,102.37424833784155,-234.40489369365315,-136.1646676044249,FLAT
2026-10-07T08:53:13.086886+00:00,1,PERP,DOT|BITGET|HTX,DOT,BITGET,HTX,12.01724033673246,0.6874382085877461,3.7234099176248114,12.064837705408115,-13.333333333334085,37.39036789796479,21.999999999999996,50.662808488315655,-95.71955173927455,-112.32976646865563,FLAT
2026-10-07T08:53:13.537340+00:00,1,PERP,DOT|GATE|HTX,DOT,GATE,HTX,12.01724033673246,0.650987404627336,3.6075672636096434,12.918334538188208,-13.333333333334085,37.39036789796479,20.0,50.662808488315655,-93.60370908525937,-110.44560912267079,FLAT
2026-10-07T08:53:23.881970+00:00,2,PERP,OP|GATE|OKX,OP,GATE,OKX,-1.8510326518927922,-0.19034739349588412,-0.6562999989363926,6.276590559051882,-8.785151494981047,5.089148170329683,20.0,13.87686566984737,-48.00571716589202,-45.622313839113446,FLAT
2026-10-07T08:53:24.202560+00:00,2,PERP,OP|BITGET|GATE,OP,BITGET,GATE,1.5740003013720028,0.35653694777576683,-1.0737793720305082,7.4263822863815845,-8.620366662185353,11.780396485123745,21.999999999999996,20.39754548005833,-55.94413277021317,-61.25172133721258,FLAT
2026-10-07T08:53:24.633934+00:00,2,PERP,ICP|BITGET|HTX,ICP,BITGET,HTX,14.023060143346644,1.0866283314379388,-1.1144677746021774,13.93073186111141,-6.230529595016021,34.289276807981665,21.999999999999996,40.46306087452764,-73.57912269494149,-103.86680545711148,FLAT
2026-10-07T08:53:25.078796+00:00,2,PERP,ICP|HTX|OKX,ICP,HTX,OKX,-18.67123074529409,-0.7431636167582811,-7.435729063427319,15.118476508412268,-37.27865796831487,0.0,20.0,37.34828260695442,-93.19121151184197,-70.78401167038174,FLAT
2026-10-07T08:53:25.735334+00:00,2,PERP,ICP|HTX|MEXC,ICP,HTX,MEXC,-18.67123074529409,-0.9180606472804519,-4.9076262491269365,14.992042777281364,-37.27865796831487,0.0,26.0,37.34828260695442,-101.71931432614235,-74.25590885608136,FLAT
2026-10-07T08:53:26.437470+00:00,2,PERP,DOT|BITGET|HTX,DOT,BITGET,HTX,6.765967187403188,0.25218385394563053,3.7234099176248114,12.064837705408115,-22.202486678507547,35.76017079008231,21.999999999999996,57.92345520961455,-111.8493518057469,-117.96021608207204,FLAT
2026-10-07T08:53:26.856697+00:00,2,PERP,DOT|GATE|HTX,DOT,GATE,HTX,10.608242051619587,0.5419177501027764,3.6075672636096434,12.918334538188208,-22.202486678507547,43.47337569892584,20.0,65.60622064233549,-117.41627458445268,-131.47202907765168,FLAT
2026-10-07T09:11:38.385502+00:00,0,PERP,OP|GATE|OKX,OP,GATE,OKX,-2.1861426407054907,-0.2802839092282958,-0.44332258962344173,6.2180524593100825,-9.980237853904894,5.617060981466526,20.0,15.600704052737358,-51.13761931701881,-47.66108762382733,FLAT
2026-10-07T09:11:38.724083+00:00,0,PERP,OP|BITGET|GATE,OP,BITGET,GATE,-3.9564701173167016,-0.3624796114405908,-1.2496808142589535,7.467424974056456,-16.96442401066256,9.070183691632927,21.999999999999996,26.04489885708436,-69.75964205348797,-64.36476336297623,FLAT
2026-10-07T09:11:39.202772+00:00,0,PERP,ICP|BITGET|HTX,ICP,BITGET,HTX,39.14290920202124,2.7578807916256425,-0.7175102888858703,14.453278623189236,3.60023762128181,74.71564511278173,21.999999999999996,70.83811379604538,-94.5203658858777,-174.27126919771297,FLAT
2026-10-07T09:11:39.676252+00:00,0,PERP,DOT|BITGET|HTX,DOT,BITGET,HTX,20.20199827677871,1.421085946042798,3.2906179634477954,11.900321975896597,-4.464285714287364,44.89032541707516,21.999999999999996,49.25509614952315,-85.0099998272583,-118.85480360315051,FLAT
2026-10-07T09:11:40.129384+00:00,0,PERP,DOT|GATE|HTX,DOT,GATE,HTX,20.20199827677871,1.3026960511601429,3.662991121532208,12.695983180817464,-4.464285714287364,44.89032541707516,20.0,49.25509614952315,-83.38237298534273,-116.48243044506611,FLAT
2026-10-07T09:11:50.485712+00:00,1,PERP,OP|GATE|OKX,OP,GATE,OKX,-1.4246903447701076,-0.15782558310155403,-0.44332258962344173,6.2180524593100825,-7.956242732874985,5.114528726244405,20.0,13.072629407104147,-46.58554955035569,-44.630480722971996,FLAT
2026-10-07T09:11:50.828465+00:00,1,PERP,OP|BITGET|GATE,OP,BITGET,GATE,-3.719198346374686,-0.3307053690790871,-1.2496808142589535,7.467424974056456,-16.753214822106123,9.3335555118923,21.999999999999996,26.096462667551776,-69.59999667539894,-64.67969899370303,FLAT
2026-10-07T09:11:51.321524+00:00,1,PERP,ICP|BITGET|HTX,ICP,BITGET,HTX,37.22941296083748,2.625488945382971,-0.7175102888858703,14.453278623189236,3.129890453834605,71.34797519574133,21.999999999999996,67.96504953828439,-92.11764879556391,-168.03053502291158,FLAT
2026-10-07T09:11:51.798949+00:00,1,PERP,DOT|BITGET|HTX,DOT,BITGET,HTX,17.211237718663952,1.169768329244499,3.2906179634477954,11.900321975896597,-4.464285714287364,38.90613159257539,21.999999999999996,43.29589106814112,-79.05079474587627,-106.91140469726872,FLAT
2026-10-07T09:11:52.255094+00:00,1,PERP,DOT|GATE|HTX,DOT,GATE,HTX,26.167170877107182,1.7725432867284237,3.662991121532208,12.695983180817464,4.468275245754771,47.88547518076225,20.0,43.303877263202345,-68.49859313897977,-113.52636132243238,FLAT
2026-10-07T09:12:02.653493+00:00,2,PERP,OP|GATE|OKX,OP,GATE,OKX,-0.7825046784604162,-0.054547961931252026,-0.44332258962344173,6.2180524593100825,-7.980442234896135,6.423091155465244,20.0,14.404656489607845,-47.94177613488054,-47.27107023469653,FLAT
2026-10-07T09:12:03.013288+00:00,2,PERP,OP|BITGET|GATE,OP,BITGET,GATE,-4.345390039752761,-0.4145618116350697,-1.2496808142589535,7.467424974056456,-13.815738700240221,5.132844006796589,21.999999999999996,18.956816901897305,-59.522874787878564,-53.33934172295284,FLAT
2026-10-07T09:12:04.140600+00:00,2,PERP,ICP|BITGET|HTX,ICP,BITGET,HTX,35.80199760407466,2.5267282839457357,-0.7175102888858703,14.453278623189236,2.7365000000001416,68.87914840325581,21.999999999999996,65.90668724428339,-90.45267695539738,-163.5033459364251,FLAT
2026-10-07T09:12:04.618621+00:00,2,PERP,DOT|BITGET|HTX,DOT,BITGET,HTX,19.957106457721974,1.4005073583749388,3.2906179634477954,11.900321975896597,-4.464285714287364,44.40032293014929,21.999999999999996,48.76727353014462,-84.52217720787978,-117.8769784968461,FLAT
2026-10-07T09:12:05.093308+00:00,2,PERP,DOT|GATE|HTX,DOT,GATE,HTX,25.33220744231457,1.7067773335997072,3.662991121532208,12.695983180817464,-2.6750848214285305,53.38458082185804,20.0,55.9179768118797,-88.25605275484044,-131.63956651220553,FLAT
2026-10-07T09:56:34.478546+00:00,0,PERP,OP|GATE|OKX,OP,GATE,OKX,0.9236860895556198,0.23210686253280488,-0.524408710303829,6.238914196924194,-7.096980887635329,8.954378220904502,20.0,16.049870342959107,-48.62244252029061,-51.52865727416744,FLAT
2026-10-07T09:56:34.796423+00:00,0,PERP,OP|BITGET|GATE,OP,BITGET,GATE,-1.8673832244353594,-0.08114919304681438,-1.261303121712724,7.468713858596132,-12.742389493747286,9.017711914351967,21.999999999999996,21.764160933390244,-61.245247305424805,-60.043175969454936,FLAT
2026-10-07T09:56:35.211552+00:00,0,PERP,ICP|BITGET|HTX,ICP,BITGET,HTX,25.941235398936335,1.9426938041426756,-1.151945349532998,13.946191978733234,-7.21302120601508,59.114751207274274,21.999999999999996,66.15614959613234,-100.21722545261441,-154.4228461529396,FLAT
2026-10-07T09:56:35.688018+00:00,0,PERP,DOT|BITGET|HTX,DOT,BITGET,HTX,21.350706784086793,1.4545663625574305,3.7014012042478615,12.133723172869045,-5.3306040801337495,48.05596855572914,21.999999999999996,53.27282065339453,-90.30482593777614,-125.62738800487581,FLAT
2026-10-07T09:56:36.069863+00:00,0,PERP,DOT|GATE|HTX,DOT,GATE,HTX,21.350706784086793,1.3101204389316357,4.074699945791966,13.186579130375904,-5.3306040801337495,48.05596855572914,20.0,53.27282065339453,-88.67812467932025,-123.25408926333171,FLAT
2026-10-07T09:56:46.377894+00:00,1,PERP,OP|GATE|OKX,OP,GATE,OKX,2.516006802184556,0.4873308746556124,-0.524408710303829,6.238914196924194,-6.152278688861257,11.196174178425,20.0,17.344080946866818,-48.971950925424245,-55.064663835595645,FLAT
2026-10-07T09:56:46.684247+00:00,1,PERP,OP|BITGET|GATE,OP,BITGET,GATE,0.2876004435425905,0.20738558131700288,-1.261303121712724,7.468713858596132,-14.803068456381574,15.402986161003884,21.999999999999996,30.20516569036083,-71.74693102502968,-74.86945497307744,FLAT
2026-10-07T09:56:47.082362+00:00,1,PERP,ICP|BITGET|HTX,ICP,BITGET,HTX,21.815481745735,1.6468600984621025,-1.151945349532998,13.946191978733234,-10.776799498903866,54.42620965517398,21.999999999999996,65.06107007664697,-102.68592422601785,-148.63922508135394,FLAT
2026-10-07T09:56:47.563392+00:00,1,PERP,DOT|BITGET|HTX,DOT,BITGET,HTX,12.366976881099667,0.7141728514317844,3.7014012042478615,12.133723172869045,-14.286401029883766,39.04425916689158,21.999999999999996,53.26477705548714,-99.25257928961875,-116.60763501813085,FLAT
2026-10-07T09:56:47.951422+00:00,1,PERP,DOT|GATE|HTX,DOT,GATE,HTX,21.24622487498007,1.3021970868572492,4.074699945791966,13.186579130375904,-5.538915917185916,48.05596855572914,20.0,53.481245721567824,-89.09486158454571,-123.462514331505,FLAT
2026-10-07T09:56:58.278385+00:00,2,PERP,OP|GATE|OKX,OP,GATE,OKX,0.7460424350202999,0.20363337356850741,-0.524408710303829,6.238914196924194,-7.228499644285069,8.730545073676321,20.0,15.957847978074332,-48.661938912055575,-51.21280176205448,FLAT
2026-10-07T09:56:58.609482+00:00,2,PERP,OP|BITGET|GATE,OP,BITGET,GATE,-8.892685172998682,-1.0217799470925777,-1.261303121712724,7.468713858596132,-20.08168650258435,2.305648100981994,21.999999999999996,22.40725678165043,-69.22764016252205,-53.97420800434515,FLAT
2026-10-07T09:56:59.069881+00:00,2,PERP,ICP|BITGET|HTX,ICP,BITGET,HTX,23.22615673366224,1.7480113654228902,-1.151945349532998,13.946191978733234,-9.485918665832482,55.95750169278935,21.999999999999996,65.29176700339254,-101.62574031969203,-150.40121404571488,FLAT
2026-10-07T09:56:59.472645+00:00,2,PERP,DOT|BITGET|HTX,DOT,BITGET,HTX,21.350706784086793,1.4545663625574305,3.7014012042478615,12.133723172869045,-5.3306040801337495,48.05596855572914,21.999999999999996,53.27282065339453,-90.30482593777614,-125.62738800487581,FLAT
2026-10-07T09:56:59.918336+00:00,2,PERP,DOT|GATE|HTX,DOT,GATE,HTX,21.350706784086793,1.3101204389316357,4.074699945791966,13.186579130375904,-5.3306040801337495,48.05596855572914,20.0,53.27282065339453,-88.67812467932025,-123.25408926333171,FLAT
2026-10-07T10:17:47.292991+00:00,0,PERP,OP|GATE|OKX,OP,GATE,OKX,1.7759806220718488,0.35948472699530126,-0.4676468710193714,6.241231753694355,-6.11851756640025,9.68051865396058,20.0,15.796224461467872,-47.447095156848754,-51.944389986447824,FLAT
2026-10-07T10:17:47.692871+00:00,0,PERP,OP|BITGET|GATE,OP,BITGET,GATE,-3.7692249587384374,-0.3571925341370106,-1.1255470649040094,7.4012686189582455,-14.442239084367925,6.912698193708433,21.999999999999996,21.362985751244484,-62.679677770708395,-57.40123100985692,FLAT
2026-10-07T10:17:48.144818+00:00,0,PERP,ICP|BITGET|HTX,ICP,BITGET,HTX,27.068607399349798,1.9994272537847106,-0.9364743474513875,14.006551973216549,-8.937638885407884,63.09577331166327,21.999999999999996,71.8389480934911,-107.8401126314476,-163.87119575260576,FLAT
2026-10-07T10:17:48.649422+00:00,0,PERP,DOT|BITGET|HTX,DOT,BITGET,HTX,15.616965417306616,1.0049656467352595,3.6450043329292843,11.912806296682433,-14.28238218639133,45.54308056586187,21.999999999999996,59.732167256688115,-105.65955377600872,-129.6302434896207,FLAT
2026-10-07T10:17:49.115326+00:00,0,PERP,DOT|GATE|HTX,DOT,GATE,HTX,15.616965417306616,0.9205225024736043,3.8933141443464447,12.735866034188929,-14.28238218639133,45.54308056586187,20.0,59.732167256688115,-103.9078635874259,-127.38193367820354,FLAT
2026-10-07T10:17:59.494846+00:00,1,PERP,OP|GATE|OKX,OP,GATE,OKX,1.772941670690198,0.35899781167127853,-0.4676468710193714,6.241231753694355,-5.368608705079714,8.923112553018697,20.0,14.28918266962608,-45.19014450368642,-49.679942093664145,FLAT
2026-10-07T10:17:59.806191+00:00,1,PERP,OP|BITGET|GATE,OP,BITGET,GATE,-3.162891502731524,-0.27526962507601543,-1.1255470649040094,7.4012686189582455,-13.359110245759753,7.041838274306489,21.999999999999996,20.40739960844604,-60.64096278930178,-56.57478494765653,FLAT
2026-10-07T10:18:00.272465+00:00,1,PERP,ICP|BITGET|HTX,ICP,BITGET,HTX,23.929262164885667,1.775293202772926,-0.9364743474513875,14.006551973216549,-12.06473195617952,59.94416173217276,21.999999999999996,71.83698700960551,-110.96524461833364,-160.71762308922965,FLAT
2026-10-07T10:18:00.725970+00:00,1,PERP,DOT|BITGET|HTX,DOT,BITGET,HTX,12.805777040538757,0.7689852818441808,3.6450043329292843,11.912806296682433,-19.883896809275157,45.54308056586187,21.999999999999996,65.34326557257856,-116.87216671478299,-135.24134180551115,FLAT
2026-10-07T10:18:01.177396+00:00,1,PERP,DOT|GATE|HTX,DOT,GATE,HTX,15.616965417306616,0.9205225024736043,3.8933141443464447,12.735866034188929,-14.28238218639133,45.54308056586187,20.0,59.732167256688115,-103.9078635874259,-127.38193367820354,FLAT
2026-10-07T10:18:11.525064+00:00,2,PERP,OP|GATE|OKX,OP,GATE,OKX,-0.056320525226860596,0.06590467427347743,-0.4676468710193714,6.241231753694355,-8.189563613354434,8.087670403476022,20.0,16.277318594756085,-49.99923533709114,-50.832635869251476,FLAT
2026-10-07T10:18:11.834002+00:00,2,PERP,OP|BITGET|GATE,OP,BITGET,GATE,-2.313374673083013,-0.16048973079242115,-1.1255470649040094,7.4012686189582455,-13.08126085263761,8.463499725317458,21.999999999999996,21.549742090933698,-61.50545587866729,-59.13878888115516,FLAT
2026-10-07T10:18:12.281060+00:00,2,PERP,ICP|BITGET|HTX,ICP,BITGET,HTX,27.07036256572204,1.9995525641662806,-0.9364743474513875,14.006551973216549,-8.934142172822845,63.09577331166327,21.999999999999996,71.8354482537826,-107.83311607915405,-163.86769591289726,FLAT
2026-10-07T10:18:12.730773+00:00,2,PERP,DOT|BITGET|HTX,DOT,BITGET,HTX,15.616965417306616,1.0049656467352595,3.6450043329292843,11.912806296682433,-14.28238218639133,45.54308056586187,21.999999999999996,59.732167256688115,-105.65955377600872,-129.6302434896207,FLAT
2026-10-07T10:18:13.476824+00:00,2,PERP,DOT|GATE|HTX,DOT,GATE,HTX,15.616965417306616,0.9205225024736043,3.8933141443464447,12.735866034188929,-14.28238218639133,45.54308056586187,20.0,59.732167256688115,-103.9078635874259,-127.38193367820354,FLAT
2026-10-07T10:39:10.132800+00:00,0,PERP,OP|GATE|OKX,OP,GATE,OKX,-0.606079867249143,-0.029676065377758395,-0.42131876055297013,6.225930032983669,-8.045903043161218,6.842470536929657,20.0,14.889270873117738,-48.513855155725985,-48.15306017060036,FLAT
2026-10-07T10:39:10.442117+00:00,0,PERP,OP|BITGET|GATE,OP,BITGET,GATE,-4.423001060904763,-0.4471764984211784,-1.1140020469208805,7.399760554650757,-14.363993684786136,5.526296485800497,21.999999999999996,19.899088071743876,-61.14907970960913,-54.53938660446525,FLAT
2026-10-07T10:39:10.864658+00:00,0,PERP,ICP|BITGET|HTX,ICP,BITGET,HTX,17.265108568629284,1.2049791781841412,-0.45798350432935425,14.708214377336112,-9.292704072939584,43.83956144368373,21.999999999999996,53.040684986665866,-89.8754055552761,-125.33822993467895,FLAT
2026-10-07T10:39:11.285095+00:00,0,PERP,DOT|BITGET|HTX,DOT,BITGET,HTX,15.039836368184734,0.9167475156654671,3.9688039501901975,12.076424783063713,-14.86075612652793,44.96726961019881,21.999999999999996,59.738168467248784,-106.56772854396691,-128.7366341272574,FLAT
2026-10-07T10:39:11.675918+00:00,0,PERP,DOT|GATE|HTX,DOT,GATE,HTX,15.039836368184734,0.8171246542484407,4.342057964974536,13.091978497515285,-14.86075612652793,44.96726961019881,20.0,59.738168467248784,-104.94098255875124,-126.36338011247307,FLAT
2026-10-07T10:39:22.031868+00:00,1,PERP,OP|GATE|OKX,OP,GATE,OKX,-0.35631016090498235,0.010441588534337179,-0.42131876055297013,6.225930032983669,-8.808687322259257,8.107646596611229,20.0,16.91692875974764,-51.30429732145393,-51.44589411691184,FLAT
2026-10-07T10:39:22.331629+00:00,1,PERP,OP|BITGET|GATE,OP,BITGET,GATE,-0.1403786438469723,0.13157498758010283,-1.1140020469208805,7.399760554650757,-11.156205892866033,10.884651468370254,21.999999999999996,22.041162929562066,-60.083366775507216,-62.0398164448532,FLAT
2026-10-07T10:39:22.760771+00:00,1,PERP,ICP|BITGET|HTX,ICP,BITGET,HTX,21.745631848422153,1.5096064541298133,-0.45798350432935425,14.708214377336112,6.419108243955751,37.08512902323102,21.999999999999996,30.599474799303124,-51.72238305101802,-96.14258732686349,FLAT
2026-10-07T10:39:23.177254+00:00,1,PERP,DOT|BITGET|HTX,DOT,BITGET,HTX,6.924089021191904,0.2447152302183237,3.9688039501901975,12.076424783063713,-22.08413596728076,35.95833035494378,21.999999999999996,58.00229335666817,-112.05523327413911,-117.99181976142175,FLAT
2026-10-07T10:39:23.570910+00:00,1,PERP,DOT|GATE|HTX,DOT,GATE,HTX,15.902935220404313,0.8830504310424818,4.342057964974536,13.091978497515285,-13.135332501780228,44.96726961019881,20.0,58.010336954575564,-101.48772742133033,-124.63554859979985,FLAT
2026-10-07T10:39:33.931354+00:00,2,PERP,OP|GATE|OKX,OP,GATE,OKX,0.27429547614366,0.11172856633650106,-0.42131876055297013,6.225930032983669,-7.053757321457965,7.611387065562525,20.0,14.664736568914645,-47.29717512981964,-48.697442395030144,FLAT
2026-10-07T10:39:34.234477+00:00,2,PERP,OP|BITGET|GATE,OP,BITGET,GATE,-1.6055147080396015,-0.06642277915463154,-1.1140020469208805,7.399760554650757,-12.053291741638272,8.850990627173871,21.999999999999996,20.90763547605315,-59.84692517077053,-58.8726281501479,FLAT
2026-10-07T10:39:34.657206+00:00,2,PERP,ICP|BITGET|HTX,ICP,BITGET,HTX,19.472318540703082,1.3550456590939441,-0.45798350432935425,14.708214377336112,1.8458665050569145,37.111827989981805,21.999999999999996,35.197419114665145,-60.89356910527887,-100.76723060897629,FLAT
2026-10-07T10:39:35.093430+00:00,2,PERP,DOT|BITGET|HTX,DOT,BITGET,HTX,6.924089021191904,0.2447152302183237,3.9688039501901975,12.076424783063713,-22.08413596728076,35.95833035494378,21.999999999999996,58.00229335666817,-112.05523327413911,-117.99181976142175,FLAT
2026-10-07T10:39:35.473696+00:00,2,PERP,DOT|GATE|HTX,DOT,GATE,HTX,15.902935220404313,0.8830504310424818,4.342057964974536,13.091978497515285,-13.135332501780228,44.96726961019881,20.0,58.010336954575564,-101.48772742133033,-124.63554859979985,FLAT
2026-10-07T10:58:34.873362+00:00,0,PERP,OP|GATE|OKX,OP,GATE,OKX,-0.11219322576971891,0.04591849655100069,-0.39814833973272284,6.227449403649349,-9.174293983130744,8.963247834810062,20.0,18.13773549915053,-52.91388114254855,-53.49913167369331,FLAT
2026-10-07T10:58:35.222960+00:00,0,PERP,OP|BITGET|GATE,OP,BITGET,GATE,-5.783066095991218,-0.6325675828726895,-1.102360320407031,7.399534693712286,-17.288160889114003,5.731608293129131,21.999999999999996,23.03308538124399,-67.21888594995096,-57.86705399478015,FLAT
2026-10-07T10:58:35.762256+00:00,0,PERP,ICP|BITGET|HTX,ICP,BITGET,HTX,26.968298343950092,1.979787151100574,-0.8495057257300938,14.050906459422228,-12.975335981304514,66.93622971092105,21.999999999999996,79.69663005509888,-119.8224603106733,-175.48236549175004,FLAT
2026-10-07T10:58:36.283309+00:00,0,PERP,DOT|BITGET|HTX,DOT,BITGET,HTX,22.606974583383455,1.525371716505716,4.031085963144847,12.177942215155134,-6.81027484017438,52.0506308735702,21.999999999999996,58.72812733858031,-97.56948814189954,-134.74767224900566,FLAT
2026-10-07T10:58:36.836417+00:00,0,PERP,DOT|GATE|HTX,DOT,GATE,HTX,22.606974583383455,1.4123319952380864,4.279395774562008,12.976820514309628,-6.81027484017438,52.0506308735702,20.0,58.72812733858031,-95.8177979533167,-132.4993624375885,FLAT
2026-10-07T10:58:47.202145+00:00,1,PERP,OP|GATE|OKX,OP,GATE,OKX,-1.4148248486844928,-0.16325728930948635,-0.39814833973272284,6.227449403649349,-9.853054377976234,7.034834344010754,20.0,16.89027066389514,-52.345176702138644,-50.32325334763861,FLAT
2026-10-07T10:58:47.546675+00:00,1,PERP,OP|BITGET|GATE,OP,BITGET,GATE,-2.8710446774682374,-0.23902642940023464,-1.102360320407031,7.399534693712286,-17.238233683815054,11.517920612125199,21.999999999999996,28.764396191989263,-72.90026955539729,-69.38467712452149,FLAT
2026-10-07T10:58:48.028097+00:00,1,PERP,ICP|BITGET|HTX,ICP,BITGET,HTX,31.068109350622652,2.2715698213868256,-0.8495057257300938,14.050906459422228,-7.2012484349059935,69.35866050573614,21.999999999999996,76.32278261824545,-110.67452532742135,-174.5309488497117,FLAT
2026-10-07T10:58:48.679325+00:00,1,PERP,DOT|BITGET|HTX,DOT,BITGET,HTX,22.606974583383455,1.525371716505716,4.031085963144847,12.177942215155134,-6.81027484017438,52.0506308735702,21.999999999999996,58.72812733858031,-97.56948814189954,-134.74767224900566,FLAT
2026-10-07T10:58:49.065338+00:00,1,PERP,DOT|GATE|HTX,DOT,GATE,HTX,22.606974583383455,1.4123319952380864,4.279395774562008,12.976820514309628,-6.81027484017438,52.0506308735702,20.0,58.72812733858031,-95.8177979533167,-132.4993624375885,FLAT
2026-10-07T10:58:59.453726+00:00,2,PERP,OP|GATE|OKX,OP,GATE,OKX,-1.365904032740728,-0.1554016147350616,-0.39814833973272284,6.227449403649349,-8.69611640159862,5.974173304978958,20.0,14.672287166544843,-48.970255228410736,-47.04460881125652,FLAT
2026-10-07T10:58:59.794294+00:00,2,PERP,OP|BITGET|GATE,OP,BITGET,GATE,-0.911743262785869,0.0257606816524744,-1.102360320407031,7.399534693712286,-11.795602677289185,9.981186034562217,21.999999999999996,21.7787705990448,-60.47201295592695,-60.86231695401405,FLAT
2026-10-07T10:59:00.208380+00:00,2,PERP,ICP|BITGET|HTX,ICP,BITGET,HTX,33.484173311870705,2.443520575469876,-0.8495057257300938,14.050906459422228,-5.168313456889173,72.16096015273621,21.999999999999996,77.07119943361349,-109.39000716477257,-178.0816653120798,FLAT
2026-10-07T10:59:00.685137+00:00,2,PERP,DOT|BITGET|HTX,DOT,BITGET,HTX,22.606974583383455,1.525371716505716,4.031085963144847,12.177942215155134,-6.81027484017438,52.0506308735702,21.999999999999996,58.72812733858031,-97.56948814189954,-134.74767224900566,FLAT
2026-10-07T10:59:01.087039+00:00,2,PERP,DOT|GATE|HTX,DOT,GATE,HTX,22.606974583383455,1.4123319952380864,4.279395774562008,12.976820514309628,-6.81027484017438,52.0506308735702,20.0,58.72812733858031,-95.8177979533167,-132.4993624375885,FLAT
2026-10-07T11:21:38.436166+00:00,0,PERP,OP|GATE|OKX,OP,GATE,OKX,0.6628660945229292,0.16468800275836876,-0.3650759528992427,6.241754288139463,-7.655501453007751,8.99194778147594,20.0,16.646338909598573,-49.93676440970708,-52.00336264397375,FLAT
2026-10-07T11:21:38.779718+00:00,0,PERP,OP|BITGET|GATE,OP,BITGET,GATE,0.7652342496999864,0.24116570936208023,-1.0169053739377605,7.3896891409304235,-9.89440410761766,11.433815256647328,21.999999999999996,21.326583631504974,-58.204082365184874,-61.77730426209006,FLAT
2026-10-07T11:21:39.350362+00:00,0,PERP,ICP|BITGET|HTX,ICP,BITGET,HTX,42.49799420382061,3.0192817341430827,-0.7668247415923115,14.329507066584537,-5.160336978400348,90.18150984276829,21.999999999999996,94.93837113410059,-127.33188337090863,-213.8867057184612,FLAT
2026-10-07T11:21:39.901636+00:00,0,PERP,DOT|BITGET|HTX,DOT,BITGET,HTX,2.5936217943201,-0.15423669705888537,4.49323246523203,12.316204295963919,-22.28903831089535,27.49865839243748,21.999999999999996,49.77477695185068,-104.55704772797806,-100.78020287905613,FLAT
2026-10-07T11:21:40.454692+00:00,0,PERP,DOT|GATE|HTX,DOT,GATE,HTX,8.763598920278337,0.32275260260548905,4.616542164832322,12.849026536015565,-18.956482849690204,36.52430975012777,20.0,55.43218430375777,-105.0052093182803,-113.33995188905321,FLAT
2026-10-07T11:21:50.859971+00:00,1,PERP,OP|GATE|OKX,OP,GATE,OKX,1.4856693283227251,0.29651043533365945,-0.3650759528992427,6.241754288139463,-6.500011870177458,9.481567725988516,20.0,15.97919908360044,-48.114135000878655,-51.8258427624882,FLAT
2026-10-07T11:21:51.225285+00:00,1,PERP,OP|BITGET|GATE,OP,BITGET,GATE,2.396372095856414,0.46189730104998894,-1.0169053739377605,7.3896891409304235,-8.187708756176582,12.989332210346927,21.999999999999996,21.17196365327198,-56.342767035510796,-63.178201237556664,FLAT
2026-10-07T11:21:51.798024+00:00,1,PERP,ICP|BITGET|HTX,ICP,BITGET,HTX,48.47821072725189,3.4366175500677456,-0.7668247415923115,14.329507066584537,3.1650867052013254,93.81986200063031,21.999999999999996,90.21740846459133,-114.2854970177977,-212.80409520681394,FLAT
2026-10-07T11:21:52.372983+00:00,1,PERP,DOT|BITGET|HTX,DOT,BITGET,HTX,11.592806339346673,0.5764417107339807,4.49323246523203,12.316204295963919,-13.316276654700143,36.52430975012777,21.999999999999996,49.78286400902312,-95.59237312895529,-109.81394129391886,FLAT
2026-10-07T11:21:52.904421+00:00,1,PERP,DOT|GATE|HTX,DOT,GATE,HTX,11.592806339346673,0.5429410667773175,4.616542164832322,12.849026536015565,-13.316276654700143,36.52430975012777,20.0,49.78286400902312,-93.71568282855557,-107.69063159431856,FLAT
2026-10-07T11:22:03.289630+00:00,2,PERP,OP|GATE|OKX,OP,GATE,OKX,3.3886059539445235,0.6013825174080444,-0.3650759528992427,6.241754288139463,-5.221903891338142,12.010864223201967,20.0,17.226922579820627,-48.08375051825952,-55.602862755921834,FLAT
2026-10-07T11:22:03.633817+00:00,2,PERP,OP|BITGET|GATE,OP,BITGET,GATE,0.12024972082524954,0.1538840231403608,-1.0169053739377605,7.3896891409304235,-11.214509092490887,11.465464747806298,21.999999999999996,22.679696296923662,-60.877300015476784,-63.16206641866772,FLAT
2026-10-07T11:22:04.192018+00:00,2,PERP,ICP|BITGET|HTX,ICP,BITGET,HTX,30.169153937247284,2.158900409838958,-0.7668247415923115,14.329507066584537,-2.853985621316113,63.20974961787407,21.999999999999996,65.8650214296737,-95.9521823093975,-157.8415957891401,FLAT
2026-10-07T11:22:04.766941+00:00,2,PERP,DOT|BITGET|HTX,DOT,BITGET,HTX,6.3601468557505925,0.15158196029034365,4.49323246523203,12.316204295963919,-22.28903831089535,35.03509567812202,21.999999999999996,57.287686599865864,-112.06995737599324,-115.82954981275586,FLAT
2026-10-07T11:22:05.301949+00:00,2,PERP,DOT|GATE|HTX,DOT,GATE,HTX,6.3601468557505925,0.13569936103960728,4.616542164832322,12.849026536015565,-22.28903831089535,35.03509567812202,20.0,57.287686599865864,-110.19326707559354,-113.70624011315556,FLAT
2026-10-07T11:42:11.043978+00:00,0,PERP,OP|GATE|OKX,OP,GATE,OKX,-0.149305510479536,0.03648254290760434,-0.3767940781229199,6.2355458121305105,-9.335993258603459,9.050237748797763,20.0,18.38649653945151,-53.34569571993205,-53.813528366372196,FLAT
2026-10-07T11:42:11.341412+00:00,0,PERP,OP|BITGET|GATE,OP,BITGET,GATE,-3.2714392282762184,-0.29056611685987044,-1.1098268807131157,7.4393131963337975,-14.440881947167528,7.9073581327593345,21.999999999999996,22.355549646420883,-63.686604712875294,-59.37273465989333,FLAT
2026-10-07T11:42:12.416697+00:00,0,PERP,DOT|BITGET|HTX,DOT,BITGET,HTX,-1.0442239257368868,-0.43590859341218574,4.318383575251506,12.3021376087386,-27.517219742155817,25.45255715197703,21.999999999999996,52.975298021096066,-112.81090133850338,-102.1094715978216,FLAT
2026-10-07T11:42:12.937385+00:00,0,PERP,DOT|GATE|HTX,DOT,GATE,HTX,7.943601490960628,0.27279327447038537,4.441693274851798,12.83722343561296,-18.55721724416948,34.46825189761693,20.0,52.98337055279137,-101.98228107181265,-109.00992917555651,FLAT
2026-10-07T11:42:23.285016+00:00,1,PERP,OP|GATE|OKX,OP,GATE,OKX,1.5103012175199382,0.30263514253583695,-0.3767940781229199,6.2355458121305105,-7.393037909240174,10.425573701016155,20.0,17.815912878840976,-50.83215670995823,-54.61828065798005,FLAT
2026-10-07T11:42:23.585278+00:00,1,PERP,OP|BITGET|GATE,OP,BITGET,GATE,1.130921998930834,0.30120372949860796,-1.1098268807131157,7.4393131963337975,-9.748737043306921,12.019692983418206,21.999999999999996,21.7659646517752,-58.404874814368995,-62.89548451590652,FLAT
2026-10-07T11:42:24.189029+00:00,1,PERP,DOT|BITGET|HTX,DOT,BITGET,HTX,5.832920847121947,0.12311171603174212,4.318383575251506,12.3021376087386,-24.70249811450831,36.39577504591651,21.999999999999996,61.06264348443705,-118.08352517419686,-121.14003495510205,FLAT
2026-10-07T11:42:24.728547+00:00,1,PERP,DOT|GATE|HTX,DOT,GATE,HTX,5.832920847121947,0.10837449229173754,4.441693274851798,12.83722343561296,-24.70249811450831,36.39577504591651,20.0,61.06264348443705,-116.20683487379715,-119.01672525550175,FLAT
2026-10-07T11:42:35.099320+00:00,2,PERP,OP|GATE|OKX,OP,GATE,OKX,0.6222012120349341,0.16020975873746734,-0.3767940781229199,6.2355458121305105,-8.41466344465247,9.672193236411886,20.0,18.085721857468183,-52.123591223997735,-54.13470917200299,FLAT
2026-10-07T11:42:35.397549+00:00,2,PERP,OP|BITGET|GATE,OP,BITGET,GATE,2.192271908096899,0.44387145717125304,-1.1098268807131157,7.4393131963337975,-9.249259152798173,13.643385490820226,21.999999999999996,22.887623043212013,-59.02705531529706,-65.64083541474535,FLAT
2026-10-07T11:42:35.950718+00:00,2,PERP,DOT|BITGET|HTX,DOT,BITGET,HTX,5.706527791033977,0.11283764333740086,4.318383575251506,12.3021376087386,-24.70249811450831,36.142875373041946,21.999999999999996,60.810659447359434,-117.83154113711925,-120.63515124514987,FLAT
2026-10-07T11:42:36.475671+00:00,2,PERP,DOT|GATE|HTX,DOT,GATE,HTX,5.706527791033977,0.098528667240712,4.441693274851798,12.83722343561296,-24.70249811450831,36.142875373041946,20.0,60.810659447359434,-115.95485083671953,-118.51184154554957,FLAT
2026-10-07T12:30:14.558443+00:00,0,PERP,OP|GATE|OKX,OP,GATE,OKX,1.9867890138836053,0.418651229226144,-0.5983865910602009,6.175010186217236,-13.661925014646359,17.678729460610665,20.0,31.334369377382917,-70.39790780096907,-75.61148542905377,FLAT
2026-10-07T12:30:14.812037+00:00,0,PERP,OP|BITGET|GATE,OP,BITGET,GATE,-2.418829079906537,-0.22158885807101394,-0.7689150947603873,7.445834594343149,-20.364385305401413,15.541681775774752,21.999999999999996,35.91474801636578,-83.5102182270068,-80.22534488690091,FLAT
2026-10-07T12:30:15.221151+00:00,0,PERP,DOT|BITGET|HTX,DOT,BITGET,HTX,10.135989323996064,0.4644923579355965,4.4017989905845,12.34506926851664,-20.02208052534926,40.32125310467593,21.999999999999996,60.282219381778255,-112.70609889771201,-124.20167349586967,FLAT
2026-10-07T12:30:15.662460+00:00,0,PERP,DOT|GATE|HTX,DOT,GATE,HTX,10.135989323996064,0.43841445536197715,4.524894501713373,12.798608151845468,-20.02208052534926,40.32125310467593,20.0,60.282219381778255,-110.82919440884088,-122.0785779847408,FLAT
2026-10-07T12:30:25.908424+00:00,1,PERP,OP|GATE|OKX,OP,GATE,OKX,0.8669413288697747,0.23729967655771986,-0.5983865910602009,6.175010186217236,-12.301821867064522,14.066030787971417,20.0,26.36553203917818,-64.0689673151825,-67.0299494182098,FLAT
2026-10-07T12:30:26.143016+00:00,1,PERP,OP|BITGET|GATE,OP,BITGET,GATE,-2.7161320909696585,-0.2615176272769526,-0.7689150947603873,7.445834594343149,-18.371513842713185,12.952295812231895,21.999999999999996,31.332314491799373,-76.93491323975216,-73.05352539879165,FLAT
2026-10-07T12:30:26.596442+00:00,1,PERP,DOT|BITGET|HTX,DOT,BITGET,HTX,13.719752404195429,0.7547915050889429,4.4017989905845,12.34506926851664,-12.857782980336685,40.32125310467593,21.999999999999996,53.106164941546915,-98.3657469124681,-117.02561905563834,FLAT
2026-10-07T12:30:26.995360+00:00,1,PERP,DOT|GATE|HTX,DOT,GATE,HTX,13.719752404195429,0.7184263939791159,4.524894501713373,12.798608151845468,-12.857782980336685,40.32125310467593,20.0,53.106164941546915,-96.48884242359698,-114.90252354450948,FLAT
2026-10-07T12:30:37.256494+00:00,2,PERP,OP|GATE|OKX,OP,GATE,OKX,-3.3071981906895864,-0.4386732196289352,-0.5983865910602009,6.175010186217236,-10.351024879842186,3.745545545548179,20.0,14.101228340430882,-49.85386662921286,-44.44516047703926,FLAT
2026-10-07T12:30:37.486604+00:00,2,PERP,OP|BITGET|GATE,OP,BITGET,GATE,-1.7303026315462766,-0.12911749846233325,-0.7689150947603873,7.445834594343149,-12.565792621939131,9.114216933836516,21.999999999999996,21.68375774132797,-61.48063526850671,-59.56688976992487,FLAT
2026-10-07T12:30:37.948331+00:00,2,PERP,DOT|BITGET|HTX,DOT,BITGET,HTX,5.319040186226864,0.07430020647851562,4.4017989905845,12.34506926851664,-21.84710990834615,32.50966428989255,21.999999999999996,54.32786596864207,-108.57677486757272,-110.43573126795012,FLAT
2026-10-07T12:30:38.328093+00:00,2,PERP,DOT|GATE|HTX,DOT,GATE,HTX,5.319040186226864,0.062049378736466855,4.524894501713373,12.798608151845468,-21.84710990834615,32.50966428989255,20.0,54.32786596864207,-106.6998703787016,-108.31263575682125,FLAT
2026-10-07T12:58:47.741534+00:00,0,PERP,OP|GATE|OKX,OP,GATE,OKX,-1.4897797874113827,-0.15614530006653388,-0.5289826322583957,6.153224943328996,-9.37839543436847,6.408184952131357,20.0,15.788927052239083,-50.638339854349155,-48.72609463662884,FLAT
2026-10-07T12:58:48.041582+00:00,0,PERP,OP|BITGET|GATE,OP,BITGET,GATE,1.4332177968090498,0.315748780326918,-0.9079490221715028,7.41465039566129,-8.665042142175228,11.539921096945793,21.999999999999996,20.20206431495121,-55.959157434954925,-60.6499344340685,FLAT
2026-10-07T12:58:48.454707+00:00,0,PERP,DOT|BITGET|HTX,DOT,BITGET,HTX,9.431213344843759,0.3897508548384108,4.565912890327314,12.483103998664939,-13.562915319436097,32.44617002421846,21.999999999999996,45.96572465936566,-92.09455286912907,-101.84598179325681,FLAT
2026-10-07T12:58:48.853096+00:00,0,PERP,DOT|GATE|HTX,DOT,GATE,HTX,9.431213344843759,0.3701102302297893,4.688293194523836,12.814885304238144,-13.562915319436097,32.44617002421846,20.0,45.96572465936566,-90.2169331733256,-99.72360148906029,FLAT
2026-10-07T12:58:59.190915+00:00,1,PERP,OP|GATE|OKX,OP,GATE,OKX,-1.139513016047422,-0.09922120341966881,-0.5289826322583957,6.153224943328996,-9.621625362417063,7.353486459733549,20.0,16.97703939533436,-52.069682125493024,-50.8595084873263,FLAT
2026-10-07T12:58:59.501598+00:00,1,PERP,OP|BITGET|GATE,OP,BITGET,GATE,0.24281794357428055,0.1552017835418321,-0.9079490221715028,7.41465039566129,-10.328505859626969,10.822980646276736,21.999999999999996,21.150969228771302,-58.57152606622677,-60.88189889721954,FLAT
2026-10-07T12:58:59.955088+00:00,1,PERP,DOT|BITGET|HTX,DOT,BITGET,HTX,9.601158009773236,0.40336482977186117,4.565912890327314,12.483103998664939,-13.223179785655237,32.44617002421846,21.999999999999996,45.62553465403933,-91.41462733002189,-101.50579178793048,FLAT
2026-10-07T12:59:00.347008+00:00,1,PERP,DOT|GATE|HTX,DOT,GATE,HTX,11.722689740758518,0.5489238786950565,4.688293194523836,12.814885304238144,-13.223179785655237,36.70174632019352,20.0,49.86644715626687,-93.77792013644594,-107.87990028193656,FLAT
2026-10-07T12:59:10.692466+00:00,2,PERP,OP|GATE|OKX,OP,GATE,OKX,-0.1826755838152394,0.05628057671101464,-0.5289826322583957,6.153224943328996,-7.076295630689122,6.717947286913883,20.0,13.794491354205595,-46.34180435263632,-47.04142127337788,FLAT
2026-10-07T12:59:11.011132+00:00,2,PERP,OP|BITGET|GATE,OP,BITGET,GATE,2.086217435575133,0.40381761755061074,-0.9079490221715028,7.41465039566129,-7.28632859559375,11.466600043692488,21.999999999999996,18.749013912522827,-53.12739348594508,-59.123562978386815,FLAT
2026-10-07T12:59:11.416210+00:00,2,PERP,DOT|BITGET|HTX,DOT,BITGET,HTX,9.601158009773236,0.40336482977186117,4.565912890327314,12.483103998664939,-13.223179785655237,32.44617002421846,21.999999999999996,45.62553465403933,-91.41462733002189,-101.50579178793048,FLAT
2026-10-07T12:59:11.798959+00:00,2,PERP,DOT|GATE|HTX,DOT,GATE,HTX,11.722689740758518,0.5489238786950565,4.688293194523836,12.814885304238144,-13.223179785655237,36.70174632019352,20.0,49.86644715626687,-93.77792013644594,-107.87990028193656,FLAT
2026-10-07T13:24:19.572722+00:00,0,PERP,OP|GATE|OKX,OP,GATE,OKX,0.36573129919892367,0.14641685778683275,-0.5328280823306861,6.136994025905241,-7.411756481872089,8.152356626420776,20.0,15.563538536406352,-48.442466935947756,-50.24872324515782,FLAT
2026-10-07T13:24:19.815660+00:00,0,PERP,OP|BITGET|GATE,OP,BITGET,GATE,2.505980248037609,0.4594138108993023,-0.8781974851957018,7.3662951634144065,-7.5525930232778204,12.572984846488389,21.999999999999996,20.120532171959564,-54.79492771004168,-61.57171450364365,FLAT
2026-10-07T13:24:20.329125+00:00,0,PERP,DOT|BITGET|HTX,DOT,BITGET,HTX,17.93056470049459,1.0404780954057082,4.748472395621098,12.669264603531579,-13.160730993752034,49.05007391170501,21.999999999999996,62.09944429982315,-108.00864768919628,-134.40104581590705,FLAT
2026-10-07T13:24:20.813076+00:00,0,PERP,DOT|GATE|HTX,DOT,GATE,HTX,17.93056470049459,0.9869879695601327,4.996805858858993,13.104272028158293,-13.160730993752034,49.05007391170501,20.0,62.09944429982315,-106.25698115243418,-132.15271235266917,FLAT
2026-10-07T13:24:31.066035+00:00,1,PERP,OP|GATE|OKX,OP,GATE,OKX,-0.29944656647407086,0.03802863663732998,-0.5328280823306861,6.136994025905241,-7.507439417097084,6.9173475811168395,20.0,14.425213586162707,-47.399824920929106,-47.87538924961023,FLAT
2026-10-07T13:24:31.312948+00:00,1,PERP,OP|BITGET|GATE,OP,BITGET,GATE,-0.6535148830655313,0.03050143893854319,-0.8781974851957018,7.3662951634144065,-13.289275663632694,11.998792755683052,21.999999999999996,25.289710312340883,-65.70078849077787,-66.16670055321964,FLAT
2026-10-07T13:24:31.780758+00:00,1,PERP,DOT|BITGET|HTX,DOT,BITGET,HTX,17.93056470049459,1.0404780954057082,4.748472395621098,12.669264603531579,-13.160730993752034,49.05007391170501,21.999999999999996,62.09944429982315,-108.00864768919628,-134.40104581590705,FLAT
2026-10-07T13:24:32.251977+00:00,1,PERP,DOT|GATE|HTX,DOT,GATE,HTX,17.93056470049459,0.9869879695601327,4.996805858858993,13.104272028158293,-13.160730993752034,49.05007391170501,20.0,62.09944429982315,-106.25698115243418,-132.15271235266917,FLAT
2026-10-07T13:24:42.517070+00:00,2,PERP,OP|GATE|OKX,OP,GATE,OKX,-1.1223301928586782,-0.09605714264012782,-0.5328280823306861,6.136994025905241,-7.8983396100751335,5.661857348873145,20.0,13.561714098859344,-46.927225626603786,-45.75639953006317,FLAT
2026-10-07T13:24:42.766989+00:00,2,PERP,OP|BITGET|GATE,OP,BITGET,GATE,-0.4790328965975643,0.054187970987184524,-0.8781974851957018,7.3662951634144065,-13.216455238862501,12.275069432314822,21.999999999999996,25.492734942751767,-65.83099269641856,-66.64600186026229,FLAT
2026-10-07T13:24:43.741347+00:00,2,PERP,DOT|BITGET|HTX,DOT,BITGET,HTX,13.321779654518195,0.6767012551389348,4.748472395621098,12.669264603531579,-20.90173840763154,47.576353540683684,21.999999999999996,68.38697424382985,-122.03718504708249,-139.21485538889243,FLAT
2026-10-07T13:24:44.190941+00:00,2,PERP,DOT|GATE|HTX,DOT,GATE,HTX,17.865029100823104,0.9819868829274176,4.996805858858993,13.104272028158293,-20.90173840763154,56.702217622011105,20.0,77.46549978592914,-129.36404405241967,-155.17091154908127,FLAT
2026-10-07T13:46:16.065991+00:00,0,PERP,OP|GATE|OKX,OP,GATE,OKX,0.21653022832968105,0.12612683977710037,-0.5560475304294358,6.125403285489963,-9.65115136025707,10.099779452930058,20.0,19.750490884983332,-54.84559471481097,-56.406317868342825,FLAT
2026-10-07T13:46:16.297445+00:00,0,PERP,OP|BITGET|GATE,OP,BITGET,GATE,-0.06203914989511006,0.11082206413768234,-0.8784025875804692,7.366434148628844,-15.518242392115189,15.417709737763907,21.999999999999996,30.936126134163086,-73.5759659386978,-75.23223845950746,FLAT
2026-10-07T13:46:16.812059+00:00,0,PERP,DOT|BITGET|HTX,DOT,BITGET,HTX,1.2649304920775428,-0.24658061572360138,4.3202095894197265,12.390589131981589,-27.492717928626618,30.048746017801164,21.999999999999996,57.534174373729115,-117.34710189177545,-111.26271080211055,FLAT
2026-10-07T13:46:17.256309+00:00,0,PERP,DOT|GATE|HTX,DOT,GATE,HTX,1.2649304920775428,-0.2572240211871631,4.5685430526576205,12.843328338204778,-27.492717928626618,30.048746017801164,20.0,57.534174373729115,-115.59543535501335,-109.01437733887266,FLAT
2026-10-07T13:46:27.513509+00:00,1,PERP,OP|GATE|OKX,OP,GATE,OKX,-1.5708728080743306,-0.16567485116430505,-0.5560475304294358,6.125403285489963,-11.57328023366877,8.447076854922742,20.0,20.023490458484453,-57.04072316172379,-55.026614843836626,FLAT
2026-10-07T13:46:27.745828+00:00,1,PERP,OP|BITGET|GATE,OP,BITGET,GATE,-0.34823259517313687,0.07197104891055271,-0.8784025875804692,7.366434148628844,-15.73246797083816,15.059507212444867,21.999999999999996,30.79302955530911,-73.6470949385668,-74.73093935533444,FLAT
2026-10-07T13:46:28.207599+00:00,1,PERP,DOT|BITGET|HTX,DOT,BITGET,HTX,0.9800825161976334,-0.26956967401984355,4.3202095894197265,12.390589131981589,-28.062154927677163,30.048746017801164,21.999999999999996,58.10519413968318,-118.48755865678007,-111.83373056806462,FLAT
2026-10-07T13:46:28.597894+00:00,1,PERP,DOT|GATE|HTX,DOT,GATE,HTX,4.995281524657891,0.03322647064397321,4.5685430526576205,12.843328338204778,-28.062154927677163,38.109388298153135,20.0,66.13845667143327,-124.76915465176806,-125.6793019169288,FLAT
2026-10-07T13:46:38.863272+00:00,2,PERP,OP|GATE|OKX,OP,GATE,OKX,-1.755419717303086,-0.19580297508161768,-0.5560475304294358,6.125403285489963,-11.415306831910055,7.919503166418096,20.0,19.338192970245185,-56.19745227172581,-53.81374366709272,FLAT
2026-10-07T13:46:39.124167+00:00,2,PERP,OP|BITGET|GATE,OP,BITGET,GATE,0.21965329010775747,0.1490620638878057,-0.8784025875804692,7.366434148628844,-11.543176003344646,11.992367314057617,21.999999999999996,23.53502221139221,-62.19979562715638,-64.40579211303029,FLAT
2026-10-07T13:46:39.531122+00:00,2,PERP,DOT|BITGET|HTX,DOT,BITGET,HTX,5.862479300962065,0.12447105582425907,4.3202095894197265,12.390589131981589,-27.043232823545928,38.798160197901495,21.999999999999996,65.80280262384379,-125.16624503680944,-128.28075323232557,FLAT
2026-10-07T13:46:39.923250+00:00,2,PERP,DOT|GATE|HTX,DOT,GATE,HTX,5.862479300962065,0.10074773565162227,4.5685430526576205,12.843328338204778,-27.043232823545928,38.798160197901495,20.0,65.80280262384379,-123.41457850004734,-126.03241976908767,FLAT
2026-10-07T14:27:46.237358+00:00,0,PERP,OP|GATE|OKX,OP,GATE,OKX,-1.3479123080584188,-0.09546628177104804,-0.7604721531459986,6.153378386740234,-10.523323134600249,7.840386072268668,20.0,18.36617576188819,-54.129026743342436,-52.967033987302855,FLAT
2026-10-07T14:27:46.528626+00:00,0,PERP,OP|BITGET|GATE,OP,BITGET,GATE,-0.5844532926158053,0.01867492577063116,-0.7200891648662111,7.262993915815802,-14.297430924374854,13.147549392300562,21.999999999999996,27.446571252268296,-69.02391301177694,-69.31420980943507,FLAT
2026-10-07T14:27:46.990259+00:00,0,PERP,DOT|BITGET|HTX,DOT,BITGET,HTX,10.507144808260538,0.4728049462794743,4.6459629508824625,12.396617047896829,-26.14904674235308,47.19662990251949,21.999999999999996,73.26867707206031,-132.06368676529587,-143.81934402369734,FLAT
2026-10-07T14:27:47.377001+00:00,0,PERP,DOT|GATE|HTX,DOT,GATE,HTX,10.507144808260538,0.4199393708772389,5.03010576350464,13.04245189803126,-26.14904674235308,47.19662990251949,20.0,73.26867707206031,-130.44782957791804,-141.43520121107517,FLAT
2026-10-07T14:27:47.834602+00:00,0,PERP,OP|GATE|HTX,OP,GATE,HTX,38.56649480857621,0.487092512540968,33.73962865365232,9.909547017555349,14.481770899887891,62.68432708106842,20.0,48.01734736262117,-93.27520511638559,-102.96204579003727,FLAT
2026-10-07T14:27:58.182883+00:00,1,PERP,OP|GATE|OKX,OP,GATE,OKX,-1.3878258160093804,-0.10195271986121494,-0.7604721531459986,6.153378386740234,-9.760350176195587,6.994935152078163,20.0,16.757604737886595,-51.757482760936185,-50.513012043110756,FLAT
2026-10-07T14:27:58.474769+00:00,1,PERP,OP|BITGET|GATE,OP,BITGET,GATE,0.12828616549498406,0.11680793625804697,-0.7200891648662111,7.262993915815802,-14.006956635299606,14.2862680663991,21.999999999999996,28.292843468376166,-69.57971093880955,-71.29920069964147,FLAT
2026-10-07T14:27:59.024055+00:00,1,PERP,DOT|BITGET|HTX,DOT,BITGET,HTX,10.507144808260538,0.4728049462794743,4.6459629508824625,12.396617047896829,-26.14904674235308,47.19662990251949,21.999999999999996,73.26867707206031,-132.06368676529587,-143.81934402369734,FLAT
2026-10-07T14:27:59.418356+00:00,1,PERP,DOT|GATE|HTX,DOT,GATE,HTX,10.507144808260538,0.4199393708772389,5.03010576350464,13.04245189803126,-26.14904674235308,47.19662990251949,20.0,73.26867707206031,-130.44782957791804,-141.43520121107517,FLAT
2026-10-07T14:27:59.806486+00:00,1,PERP,OP|GATE|HTX,OP,GATE,HTX,40.11216549707042,0.6430704483392407,33.73962865365232,9.909547017555349,17.16558560890258,63.08653074810877,20.0,45.73746544878257,-88.31150849353232,-101.08436754323903,FLAT
2026-10-07T14:28:10.137416+00:00,2,PERP,OP|GATE|OKX,OP,GATE,OKX,-0.5716737881733547,0.03068206651804169,-0.7604721531459986,6.153378386740234,-8.817810433005002,7.684888296148884,20.0,16.503635612560643,-50.560973892419646,-50.948996061855524,FLAT
2026-10-07T14:28:10.466977+00:00,2,PERP,OP|BITGET|GATE,OP,BITGET,GATE,-1.8851343267589638,-0.16040839017581515,-0.7200891648662111,7.262993915815802,-12.389035866440246,8.627579210855885,21.999999999999996,21.02057404310782,-60.68952074468185,-58.36824241882991,FLAT
2026-10-07T14:28:10.930267+00:00,2,PERP,DOT|BITGET|HTX,DOT,BITGET,HTX,1.851893489777101,-0.22538967286880854,4.6459629508824625,12.396617047896829,-25.345789845391266,29.09247833679851,21.999999999999996,54.42815485795796,-112.4199076542317,-106.87467024387401,FLAT
2026-10-07T14:28:11.321197+00:00,2,PERP,DOT|GATE|HTX,DOT,GATE,HTX,-1.4834701968324815,-0.49941345471401255,5.03010576350464,13.04245189803126,-25.345789845391266,22.400542469587226,20.0,47.75340653453441,-104.12930214343031,-91.12384324061699,FLAT
2026-10-07T14:28:11.781364+00:00,2,PERP,OP|GATE|HTX,OP,GATE,HTX,42.85558900180453,0.9199169580610245,33.73962865365232,9.909547017555349,16.54968735414597,69.19474871899256,20.0,52.42038968677036,-95.61033098627671,-113.8755097521106,FLAT
2026-10-07T15:40:43.065295+00:00,0,PERP,OP|GATE|OKX,OP,GATE,OKX,-3.029206207426638,-0.41177851395317505,-0.5564002614552588,6.0051844916137895,-13.021358504716751,6.979380400715662,20.0,20.006785869596932,-58.471744112858424,-53.542566531767854,FLAT
2026-10-07T15:40:43.287684+00:00,0,PERP,OP|BITGET|GATE,OP,BITGET,GATE,4.579848776016249,0.7037906305633402,-0.5732993442199913,7.321990228985386,-11.78379512534522,20.970195813139192,21.999999999999996,32.738975212834994,-71.94947099396022,-82.28247037019418,FLAT
2026-10-07T15:40:43.913954+00:00,0,PERP,DOT|BITGET|HTX,DOT,BITGET,HTX,11.033495339853872,0.5664603003872553,3.972059835350998,12.465896550341462,-17.424140674096034,39.51702547210001,21.999999999999996,56.878397617284136,-106.27459812673116,-120.42336325403315,FLAT
2026-10-07T15:40:44.479137+00:00,0,PERP,DOT|GATE|HTX,DOT,GATE,HTX,11.033495339853872,0.5180281895425308,4.356122684146412,12.889979330283605,-17.424140674096034,39.51702547210001,20.0,56.878397617284136,-104.65866097552657,-118.03930040523773,FLAT
2026-10-07T15:40:45.222858+00:00,0,PERP,OP|GATE|HTX,OP,GATE,HTX,29.309941471651335,-0.4343568325990746,33.6996014330858,10.10611467803539,6.697519523841677,51.959355977537754,20.0,45.12953182598362,-98.13161373522775,-89.38928637043557,FLAT
2026-10-07T15:40:55.458314+00:00,1,PERP,OP|GATE|OKX,OP,GATE,OKX,-3.2872896298186127,-0.4547552822360458,-0.5564002614552588,6.0051844916137895,-12.457787922840469,5.896037945769539,20.0,18.359852316184067,-56.261239977569275,-50.81229052340886,FLAT
2026-10-07T15:40:55.675628+00:00,1,PERP,OP|BITGET|GATE,OP,BITGET,GATE,6.502780888617554,0.9664148696655778,-0.5732993442199913,7.321990228985386,-4.938445157145477,17.95419164050127,21.999999999999996,22.877755363536785,-55.24290117646226,-69.40524634825803,FLAT
2026-10-07T15:40:56.173176+00:00,1,PERP,DOT|BITGET|HTX,DOT,BITGET,HTX,11.033495339853872,0.5664603003872553,3.972059835350998,12.465896550341462,-17.424140674096034,39.51702547210001,21.999999999999996,56.878397617284136,-106.27459812673116,-120.42336325403315,FLAT
2026-10-07T15:40:56.765887+00:00,1,PERP,DOT|GATE|HTX,DOT,GATE,HTX,11.033495339853872,0.5180281895425308,4.356122684146412,12.889979330283605,-17.424140674096034,39.51702547210001,20.0,56.878397617284136,-104.65866097552657,-118.03930040523773,FLAT
2026-10-07T15:40:57.301252+00:00,1,PERP,OP|GATE|HTX,OP,GATE,HTX,31.055313362300385,-0.26165229220409586,33.6996014330858,10.10611467803539,9.719736678264201,52.420379096593805,20.0,42.56842447705269,-92.54828923187429,-87.28920214056069,FLAT
2026-10-07T15:41:07.557466+00:00,2,PERP,OP|GATE|OKX,OP,GATE,OKX,-3.6683651477154022,-0.5182130358536007,-0.5564002614552588,6.0051844916137895,-11.71173696578709,4.3852909010944074,20.0,16.10292843853442,-53.25826514286625,-47.04461960108409,FLAT
2026-10-07T15:41:07.791181+00:00,2,PERP,OP|BITGET|GATE,OP,BITGET,GATE,6.770109916258704,1.002925301840546,-0.5732993442199913,7.321990228985386,-3.8284887678596835,17.37762997974457,21.999999999999996,21.191767934570365,-52.44695735821006,-67.14269725853492,FLAT
2026-10-07T15:41:08.829715+00:00,2,PERP,DOT|BITGET|HTX,DOT,BITGET,HTX,11.033495339853872,0.5664603003872553,3.972059835350998,12.465896550341462,-17.424140674096034,39.51702547210001,21.999999999999996,56.878397617284136,-106.27459812673116,-120.42336325403315,FLAT
2026-10-07T15:41:09.324762+00:00,2,PERP,DOT|GATE|HTX,DOT,GATE,HTX,7.419394812258062,0.2376475593653456,4.356122684146412,12.889979330283605,-24.625920878512673,39.51702547210001,20.0,64.0953488126905,-119.07739237534959,-125.2562516006441,FLAT
2026-10-07T15:41:09.895733+00:00,2,PERP,OP|GATE|HTX,OP,GATE,HTX,30.94580595886187,-0.2724880492608129,33.6996014330858,10.10611467803539,10.127725159956302,51.79050469254376,20.0,41.53423149978991,-91.10610777291942,-85.62513475924787,FLAT
2026-10-07T16:29:14.523158+00:00,0,PERP,OP|GATE|OKX,OP,GATE,OKX,-3.0348270125690746,-0.36413325824333115,-0.81755752600403,6.089170479130911,-11.536600941269848,5.478395296043548,20.0,17.02015385664563,-53.73919727191145,-49.31610667869322,FLAT
2026-10-07T16:29:14.779090+00:00,0,PERP,OP|BITGET|GATE,OP,BITGET,GATE,0.016951674222109858,0.0576202987705885,-0.4095285823258835,7.401562741734418,-10.882287108714417,10.925295919799183,21.999999999999996,21.80754225921531,-60.28030078560384,-61.14236676134038,FLAT
2026-10-07T16:29:15.182785+00:00,0,PERP,DOT|BITGET|HTX,DOT,BITGET,HTX,4.914477295319131,0.04975517583205296,4.307493140931346,12.199417331709187,-22.438392010949435,32.292145213828064,21.999999999999996,54.70364200777165,-109.44952715965243,-110.68829408066837,FLAT
2026-10-07T16:29:15.623261+00:00,0,PERP,DOT|GATE|HTX,DOT,GATE,HTX,4.914477295319131,0.037092983853368205,4.439934278043033,12.793336312657063,-22.438392010949435,32.292145213828064,20.0,54.70364200777165,-107.58196829676412,-108.55585294355669,FLAT
2026-10-07T16:29:16.064236+00:00,0,PERP,OP|GATE|HTX,OP,GATE,HTX,27.73113028278651,-0.5392646477409149,33.31166245201908,10.348410919593023,5.347697480393432,50.14561364092618,20.0,44.67400856344283,-98.63797353506848,-87.50795975234993,FLAT
2026-10-07T16:29:26.368270+00:00,1,PERP,OP|GATE|OKX,OP,GATE,OKX,-2.4454873284174283,-0.2673483700272008,-0.81755752600403,6.089170479130911,-11.364248432038648,6.484719505639447,20.0,17.853326606451294,-54.40001751248591,-51.15560363809477,FLAT
2026-10-07T16:29:26.618818+00:00,1,PERP,OP|BITGET|GATE,OP,BITGET,GATE,-0.3563518036098223,0.00718453393851799,-0.4095285823258835,7.401562741734418,-11.525134310748086,10.821753560379399,21.999999999999996,22.34768034536183,-61.463286073784026,-61.578962488067106,FLAT
2026-10-07T16:29:27.043546+00:00,1,PERP,DOT|BITGET|HTX,DOT,BITGET,HTX,4.995700555385785,0.05641313808206432,4.307493140931346,12.199417331709187,-22.438392010949435,32.45466537246111,21.999999999999996,54.86563688443443,-109.61152203631521,-111.01280911596419,FLAT
2026-10-07T16:29:27.421187+00:00,1,PERP,DOT|GATE|HTX,DOT,GATE,HTX,4.995700555385785,0.0434418562726992,4.439934278043033,12.793336312657063,-22.438392010949435,32.45466537246111,20.0,54.86563688443443,-107.74396317342689,-108.88036797885249,FLAT
2026-10-07T16:29:27.795762+00:00,1,PERP,OP|GATE|HTX,OP,GATE,HTX,28.71292336741771,-0.4443908461244431,33.31166245201908,10.348410919593023,5.496884137752289,51.96256486802664,20.0,46.332621928063645,-100.14740024233043,-90.98352434407121,FLAT
2026-10-07T16:29:38.083235+00:00,2,PERP,OP|GATE|OKX,OP,GATE,OKX,-4.418574492788263,-0.5913805466813266,-0.81755752600403,6.089170479130911,-13.400554889214655,4.575050387705115,20.0,17.98354389653153,-56.56654125974215,-49.37615181024067,FLAT
2026-10-07T16:29:38.331195+00:00,2,PERP,OP|BITGET|GATE,OP,BITGET,GATE,2.546296407179849,0.3993514738230929,-0.4095285823258835,7.401562741734418,-10.689906756653489,15.80041722100356,21.999999999999996,26.48356835693708,-64.76394653126468,-70.69351416026652,FLAT
2026-10-07T16:29:38.900741+00:00,2,PERP,DOT|BITGET|HTX,DOT,BITGET,HTX,5.0874559220281945,0.06393442898863211,4.307493140931346,12.199417331709187,-22.438392010949435,32.6382592928387,21.999999999999996,55.04863424635469,-109.79451939823547,-111.37940039826204,FLAT
2026-10-07T16:29:39.338924+00:00,2,PERP,DOT|GATE|HTX,DOT,GATE,HTX,5.0874559220281945,0.0506139781023764,4.439934278043033,12.793336312657063,-22.438392010949435,32.6382592928387,20.0,55.04863424635469,-107.92696053534715,-109.24695926115035,FLAT
2026-10-07T16:29:39.775278+00:00,2,PERP,OP|GATE|HTX,OP,GATE,HTX,32.86001574975606,-0.04364406339990813,33.31166245201908,10.348410919593023,12.353178207851201,53.392486468424316,20.0,40.90487875406637,-87.86336299823425,-86.98570277047162,FLAT
2026-10-07T17:18:35.884528+00:00,0,PERP,OP|GATE|OKX,OP,GATE,OKX,-3.5544597815773127,-0.4669279873442192,-0.730414674098336,6.048138436810153,-12.799263778945358,5.704308010925363,20.0,18.51014060707028,-56.5789897119173,-50.944863292093984,FLAT
2026-10-07T17:18:36.191050+00:00,0,PERP,OP|BITGET|GATE,OP,BITGET,GATE,-0.7687089662677948,-0.033161938933575996,-0.5259631524165111,7.320012690980109,-14.132416772203449,12.610579258538479,21.999999999999996,26.74504286904487,-68.3514964888318,-67.88158527999985,FLAT
2026-10-07T17:18:36.610754+00:00,0,PERP,DOT|BITGET|HTX,DOT,BITGET,HTX,16.07423862049595,0.9136065756929436,4.757706982047505,12.386657385719001,-0.4397712828474454,32.60328860571926,21.999999999999996,32.99002409089626,-66.18750235579121,-88.835605714568,FLAT
2026-10-07T17:18:37.006749+00:00,0,PERP,DOT|GATE|HTX,DOT,GATE,HTX,16.07423862049595,0.8910163641521035,4.646619351312538,12.825375300551302,-0.4397712828474454,32.60328860571926,20.0,32.99002409089626,-64.07641472505625,-86.94669334530298,FLAT
2026-10-07T17:18:37.401863+00:00,0,PERP,OP|GATE|HTX,OP,GATE,HTX,38.85772405763932,0.533086342706587,33.535590410307,9.983624079189063,15.369211913893732,62.38259392280732,20.0,46.831377816087084,-90.99775631250036,-101.67838132858739,FLAT
2026-10-07T17:18:47.739020+00:00,1,PERP,OP|GATE|OKX,OP,GATE,OKX,-2.347262243114212,-0.2673297884809358,-0.730414674098336,6.048138436810153,-11.603976514011904,6.923433163306125,20.0,18.531749014362827,-55.4053108542764,-52.18559685176729,FLAT
2026-10-07T17:18:48.053380+00:00,1,PERP,OP|BITGET|GATE,OP,BITGET,GATE,-1.2683717944639294,-0.1014217697958682,-0.5259631524165111,7.320012690980109,-14.603552870017245,12.081219668012011,21.999999999999996,26.68814980573627,-68.765739523337,-67.2953326261648,FLAT
2026-10-07T17:18:48.501716+00:00,1,PERP,DOT|BITGET|HTX,DOT,BITGET,HTX,7.056248913210883,0.1855659569476302,4.757706982047505,12.386657385719001,-9.530280581682149,23.657870791629065,21.999999999999996,33.16474264209379,-75.45273020582344,-80.06490645167534,FLAT
2026-10-07T17:18:48.891849+00:00,1,PERP,DOT|GATE|HTX,DOT,GATE,HTX,7.056248913210883,0.18787984799125268,4.646619351312538,12.825375300551302,-9.530280581682149,23.657870791629065,20.0,33.16474264209379,-73.34164257508849,-78.17599408241031,FLAT
2026-10-07T17:18:49.346478+00:00,1,PERP,OP|GATE|HTX,OP,GATE,HTX,38.26939244177208,0.4741566783682009,33.535590410307,9.983624079189063,14.652325053283732,61.922358754173956,20.0,47.08979664689302,-91.97306200391628,-101.47656499075998,FLAT
2026-10-07T17:18:59.685585+00:00,2,PERP,OP|GATE|OKX,OP,GATE,OKX,-4.013828533909747,-0.542880076922167,-0.730414674098336,6.048138436810153,-13.262038465186032,5.24804203248852,20.0,18.51750302418346,-57.04912681527115,-50.49595973077031,FLAT
2026-10-07T17:18:59.993716+00:00,2,PERP,OP|BITGET|GATE,OP,BITGET,GATE,2.530024204090431,0.41748388773596,-0.5259631524165111,7.320012690980109,-12.414237811330109,17.497028656425773,21.999999999999996,29.90368347169776,-69.79195813061136,-75.92667528054005,FLAT
2026-10-07T17:19:00.443631+00:00,2,PERP,DOT|BITGET|HTX,DOT,BITGET,HTX,14.712660644433662,0.8036836212054723,4.757706982047505,12.386657385719001,-3.131897395748373,32.57345577109216,21.999999999999996,35.65289089451725,-71.54249527231312,-91.4686396835619,FLAT
2026-10-07T17:19:00.834402+00:00,2,PERP,DOT|GATE|HTX,DOT,GATE,HTX,5.370580858794494,0.05644758851234836,4.646619351312538,12.825375300551302,-21.64418753721864,32.409930481738236,20.0,54.025092227968244,-106.31589911649942,-107.78840335839394,FLAT
2026-10-07T17:19:01.287485+00:00,2,PERP,OP|GATE|HTX,OP,GATE,HTX,39.457572138090754,0.5931695425239584,33.535590410307,9.983624079189063,17.802039222925004,61.1439850896911,20.0,43.17157929508947,-84.90513048247146,-96.77997397447356,FLAT
2026-10-07T17:40:10.033212+00:00,0,PERP,OP|GATE|OKX,OP,GATE,OKX,-0.8186260293285841,-0.02809283460942385,-0.64924444344734,6.02935190542945,-15.183418529322035,13.575143185571292,20.0,28.760886959439585,-69.29506104531428,-68.98527458845822,FLAT
2026-10-07T17:40:10.354116+00:00,0,PERP,OP|BITGET|GATE,OP,BITGET,GATE,-0.10040576258529832,0.08487493130696215,-0.7231186888802408,7.336829811888901,-13.341191194474744,13.151441311269885,21.999999999999996,26.492893891025922,-67.11096639662041,-68.36745389117604,FLAT
2026-10-07T17:40:10.752308+00:00,0,PERP,DOT|BITGET|HTX,DOT,BITGET,HTX,16.05120053874254,0.956218488682146,4.441510042297021,12.141252897594477,-17.52977290821356,49.66281356001634,21.999999999999996,67.0848931893248,-117.05617613983539,-140.30619670704414,FLAT
2026-10-07T17:40:11.207706+00:00,0,PERP,DOT|GATE|HTX,DOT,GATE,HTX,6.924957986997882,0.18320017930253937,4.583880294867334,12.778795856222711,-26.62127584727836,40.501771797427644,20.0,67.07658346081604,-124.28173960296174,-128.99447496337635,FLAT
2026-10-07T17:40:11.650939+00:00,0,PERP,OP|GATE|HTX,OP,GATE,HTX,36.68694855687438,0.33663998347064616,33.23405562440352,10.256930554928987,3.474250248876043,69.95889673158784,20.0,66.24157356019283,-122.00137893572031,-128.96641466737717,FLAT
2026-10-07T17:40:21.983481+00:00,1,PERP,OP|GATE|OKX,OP,GATE,OKX,0.49549517870728366,0.18986113932473941,-0.64924444344734,6.02935190542945,-11.244170509896456,12.254427357518693,20.0,23.49741778510523,-60.09234385155435,-62.401089586071265,FLAT
2026-10-07T17:40:22.300990+00:00,1,PERP,OP|BITGET|GATE,OP,BITGET,GATE,-4.919368079739916,-0.5719431278152179,-0.7231186888802408,7.336829811888901,-17.279003280725735,7.450584012065331,21.999999999999996,24.741754368374433,-69.29763896021993,-60.91545706932,FLAT
2026-10-07T17:40:22.711828+00:00,1,PERP,DOT|BITGET|HTX,DOT,BITGET,HTX,6.924957986997882,0.20454626599474765,4.441510042297021,12.141252897594477,-26.62127584727836,40.501771797427644,21.999999999999996,67.07658346081604,-126.13936935039142,-131.13684521594666,FLAT
2026-10-07T17:40:23.109006+00:00,1,PERP,DOT|GATE|HTX,DOT,GATE,HTX,6.924957986997882,0.18320017930253937,4.583880294867334,12.778795856222711,-26.62127584727836,40.501771797427644,20.0,67.07658346081604,-124.28173960296174,-128.99447496337635,FLAT
2026-10-07T17:40:23.503986+00:00,1,PERP,OP|GATE|HTX,OP,GATE,HTX,36.43506950169684,0.3120830213435605,33.23405562440352,10.256930554928987,6.580183225743941,66.32536991978854,20.0,59.52827402207247,-112.18214642073205,-118.6195883174575,FLAT
2026-10-07T17:40:33.844828+00:00,2,PERP,OP|GATE|OKX,OP,GATE,OKX,-0.5634863225179032,0.014223439313968612,-0.64924444344734,6.02935190542945,-11.857226228682016,10.748475480868436,20.0,22.606960892655252,-59.81494267788993,-60.00468081697103,FLAT
2026-10-07T17:40:34.163203+00:00,2,PERP,OP|BITGET|GATE,OP,BITGET,GATE,-2.120790905425496,-0.19050083651666685,-0.7231186888802408,7.336829811888901,-14.357052822302485,10.125684919561895,21.999999999999996,24.487926857999625,-66.12186099142187,-63.336730466441765,FLAT
2026-10-07T17:40:34.569948+00:00,2,PERP,DOT|BITGET|HTX,DOT,BITGET,HTX,6.924957986997882,0.20454626599474765,4.441510042297021,12.141252897594477,-26.62127584727836,40.501771797427644,21.999999999999996,67.07658346081604,-126.13936935039142,-131.13684521594666,FLAT
2026-10-07T17:40:34.957369+00:00,2,PERP,DOT|GATE|HTX,DOT,GATE,HTX,6.924957986997882,0.18320017930253937,4.583880294867334,12.778795856222711,-26.62127584727836,40.501771797427644,20.0,67.07658346081604,-124.28173960296174,-128.99447496337635,FLAT
2026-10-07T17:40:35.415020+00:00,2,PERP,OP|GATE|HTX,OP,GATE,HTX,30.77968392408925,-0.23928910185852945,33.23405562440352,10.256930554928987,-1.1930101763202305,62.80398316070857,20.0,63.80057556927183,-124.22764136999558,-119.37050310557689,FLAT
2026-10-07T17:59:59.367963+00:00,0,PERP,OP|GATE|OKX,OP,GATE,OKX,-4.727200641526652,-0.675851208744058,-0.4293360989876538,6.3591874763763,-12.01890884298229,2.571135860418572,20.0,14.596941959483484,-52.186514703478124,-43.597413918889714,FLAT
2026-10-07T17:59:59.610804+00:00,0,PERP,OP|BITGET|GATE,OP,BITGET,GATE,-3.8117345494925736,-0.39265298981928626,-0.8498358618600395,7.543298445265148,-12.608742292569142,4.995031475478751,21.999999999999996,17.610481006637485,-57.36938743734659,-51.455348343976276,FLAT
2026-10-07T18:00:00.014948+00:00,0,PERP,DOT|BITGET|HTX,DOT,BITGET,HTX,4.04101135835111,-0.03612970693903775,4.479631166880576,12.140142992844005,-24.768379665927043,32.876712328766544,21.999999999999996,57.62179495371455,-114.86980578652216,-114.0188761156005,FLAT
2026-10-07T18:00:00.397202+00:00,0,PERP,DOT|GATE|HTX,DOT,GATE,HTX,4.04101135835111,-0.035625725797922086,4.495243325230976,12.750111238613968,-24.768379665927043,32.876712328766544,20.0,57.62179495371455,-112.88541794487257,-112.00326395725013,FLAT
2026-10-07T18:00:00.911197+00:00,0,PERP,OP|GATE|HTX,OP,GATE,HTX,29.32148236840515,-0.3712630841243215,33.17563820012979,10.381198660823584,4.832871520206172,53.83181364658984,20.0,48.85568040092374,-103.19844708084736,-95.5118558473838,FLAT
2026-10-07T18:00:11.166622+00:00,1,PERP,OP|GATE|OKX,OP,GATE,OKX,-1.7160772287616588,-0.20234363816983073,-0.4293360989876538,6.3591874763763,-7.7905673537315145,4.362711403933517,20.0,12.155363191518118,-45.51659444626198,-42.94741069443929,FLAT
2026-10-07T18:00:11.476752+00:00,1,PERP,OP|BITGET|GATE,OP,BITGET,GATE,1.6666490534467115,0.3336053761582671,-0.8498358618600395,7.543298445265148,-7.332893232920856,10.675999389295754,21.999999999999996,18.00588633118959,-52.4889437022504,-57.531721582345384,FLAT
2026-10-07T18:00:11.870261+00:00,1,PERP,DOT|BITGET|HTX,DOT,BITGET,HTX,12.065977485056223,0.6248976080963305,4.479631166880576,12.140142992844005,-17.343440982252602,41.50227841897003,21.999999999999996,58.77478959172515,-108.59786174085833,-123.79743684381461,FLAT
2026-10-07T18:00:12.252423+00:00,1,PERP,DOT|GATE|HTX,DOT,GATE,HTX,7.17430025283905,0.21012027875447048,4.495243325230976,12.750111238613968,-26.451704266029495,40.85962227315054,20.0,67.26301775763326,-124.20996534889373,-129.62739670555283,FLAT
2026-10-07T18:00:12.661040+00:00,1,PERP,OP|GATE|HTX,OP,GATE,HTX,35.560926056599214,0.2297699846040891,33.17563820012979,10.381198660823584,11.363230543723901,59.778602100701846,20.0,48.24380387698166,-96.05621153338754,-100.84676777755371,FLAT
2026-10-07T18:00:22.913428+00:00,2,PERP,OP|GATE|OKX,OP,GATE,OKX,-0.37807591836469534,0.008060806638172649,-0.4293360989876538,6.3591874763763,-7.144948260573436,6.394488509144924,20.0,13.539946289484032,-46.25555845106982,-46.36377089761661,FLAT
2026-10-07T18:00:23.176286+00:00,2,PERP,OP|BITGET|GATE,OP,BITGET,GATE,-1.8728935696143978,-0.13562471578948612,-0.8498358618600395,7.543298445265148,-13.382137669591954,9.653202593651322,21.999999999999996,23.03964301463167,-63.57194482236358,-61.54268147014302,FLAT
2026-10-07T18:00:23.652699+00:00,2,PERP,DOT|BITGET|HTX,DOT,BITGET,HTX,6.554525747093365,0.17091187323212198,4.479631166880576,12.140142992844005,-19.74364424098818,32.876712328766544,21.999999999999996,52.58587805911302,-104.80915346698177,-108.98295922099898,FLAT
2026-10-07T18:00:24.100410+00:00,2,PERP,DOT|GATE|HTX,DOT,GATE,HTX,1.8395965438067208,-0.20828420487670535,4.495243325230976,12.750111238613968,-28.841416671032682,32.57572602739734,20.0,61.40579704741685,-120.7424570436805,-115.48627974958322,FLAT
2026-10-07T18:00:24.483882+00:00,2,PERP,OP|GATE|HTX,OP,GATE,HTX,30.070594022737485,-0.29910266423376286,33.17563820012979,10.381198660823584,7.502372760876952,52.65803281393033,20.0,45.02027323844398,-96.69353867769681,-90.50266785224451,FLAT
2026-10-07T18:26:59.586995+00:00,0,PERP,OP|GATE|OKX,OP,GATE,OKX,0.5248180107297884,0.2213214747486568,-0.8200826193586875,6.07668384469157,-6.464665835057559,7.519953007184554,20.0,13.983882659276524,-45.6284658749754,-48.323918285819765,FLAT
2026-10-07T18:26:59.923714+00:00,0,PERP,OP|BITGET|GATE,OP,BITGET,GATE,-1.8965288384120704,-0.18462225793359466,-0.5483490600618726,7.302368595422087,-10.080213929868354,6.29394769295244,21.999999999999996,16.377264801463955,-53.909129671270435,-51.21956155447826,FLAT
2026-10-07T18:27:00.368819+00:00,0,PERP,DOT|BITGET|HTX,DOT,BITGET,HTX,4.424024212872357,0.01090816877494116,4.291539770386491,12.145433868810036,-24.38966902395201,33.28068866619071,21.999999999999996,57.64482346204483,-114.32603225638333,-114.63397235784905,FLAT
2026-10-07T18:27:00.752763+00:00,0,PERP,DOT|GATE|HTX,DOT,GATE,HTX,2.102728473165616,-0.19128055033881758,4.537664063406977,12.729655921254565,-27.660596348350055,31.916162492531264,20.0,59.564191962478105,-117.76245237423514,-112.94269039160238,FLAT
2026-10-07T18:27:01.142201+00:00,0,PERP,OP|GATE|HTX,OP,GATE,HTX,31.285198858550523,-0.14424680134117565,32.836684050265454,10.755768428066043,7.508573000083452,55.085907025249625,20.0,47.428939455130354,-98.75705050531235,-95.67816243011453,FLAT
2026-10-07T18:27:11.488785+00:00,1,PERP,OP|GATE|OKX,OP,GATE,OKX,0.8919254980477298,0.2817339458760854,-0.8200826193586875,6.07668384469157,-4.733214005326891,6.521108362957939,20.0,11.253317203563375,-41.16644858953158,-44.59450818588,FLAT
2026-10-07T18:27:11.834701+00:00,1,PERP,OP|BITGET|GATE,OP,BITGET,GATE,2.697745711681687,0.44452628340050687,-0.5483490600618726,7.302368595422087,-5.0415078220189535,10.443421862422753,21.999999999999996,15.480750707676664,-47.973909469633746,-54.47252163016129,FLAT
2026-10-07T18:27:12.274030+00:00,1,PERP,DOT|BITGET|HTX,DOT,BITGET,HTX,7.3241126306777815,0.2496883102775818,4.291539770386491,12.145433868810036,-18.594833254121923,33.26664263366253,21.999999999999996,51.823509041141904,-102.70988206565032,-108.79861190441794,FLAT
2026-10-07T18:27:12.664877+00:00,1,PERP,DOT|GATE|HTX,DOT,GATE,HTX,4.967448564023869,0.03376246013839897,4.537664063406977,12.729655921254565,-23.29271168955205,33.26664263366253,20.0,56.53124577888788,-110.36162153184691,-111.26022434914343,FLAT
2026-10-07T18:27:13.116035+00:00,1,PERP,OP|GATE|HTX,OP,GATE,HTX,42.85633578086312,0.9315607525030422,32.836684050265454,10.755768428066043,28.530931459833653,57.1919182160352,20.0,28.53867683004456,-58.84442942047637,-78.89391099581431,FLAT
2026-10-07T18:27:23.443832+00:00,2,PERP,OP|GATE|OKX,OP,GATE,OKX,2.6276959876581074,0.5673783094752713,-0.8200826193586875,6.07668384469157,-1.6538502240515118,6.911153731332664,20.0,8.562753497469064,-35.396521102161884,-42.293989848160415,FLAT
2026-10-07T18:27:23.782750+00:00,2,PERP,OP|BITGET|GATE,OP,BITGET,GATE,-3.3616029325556074,-0.38525224189003354,-0.5483490600618726,7.302368595422087,-9.73283145037862,3.0149085276520715,21.999999999999996,12.752024512964583,-49.93650690328133,-44.31528210067852,FLAT
2026-10-07T18:27:24.244108+00:00,2,PERP,DOT|BITGET|HTX,DOT,BITGET,HTX,-1.7693213653524609,-0.4990238472504047,4.291539770386491,12.145433868810036,-27.660596348350055,24.145491140357134,21.999999999999996,51.81524457662243,-111.76738069535898,-99.66919594659308,FLAT
2026-10-07T18:27:24.691343+00:00,2,PERP,DOT|GATE|HTX,DOT,GATE,HTX,0.23128885357603934,-0.3382947061939538,4.537664063406977,12.729655921254565,-27.660596348350055,28.159709912560782,20.0,55.81899131618207,-114.0172517279391,-105.44103716533587,FLAT
2026-10-07T18:27:25.137599+00:00,2,PERP,OP|GATE|HTX,OP,GATE,HTX,42.695678110948876,0.9166238680778416,32.836684050265454,10.755768428066043,27.745016238893694,57.65353400272622,20.0,29.781362486779646,-60.873030298151406,-80.5982124392404,FLAT
2026-10-07T19:13:42.447304+00:00,0,PERP,OP|GATE|OKX,OP,GATE,OKX,-0.13028683509941352,0.10086252723057086,-0.7391889574698891,6.036950878481664,-7.056287654189086,6.801831073308673,20.0,13.858296582723888,-46.17539527944309,-47.39931661350245,FLAT
2026-10-07T19:13:42.805272+00:00,0,PERP,OP|BITGET|GATE,OP,BITGET,GATE,0.7034002934358519,0.20258041905715563,-0.7514870158536715,7.181776580682482,-7.858772811412118,9.272714493446799,21.999999999999996,17.130279383807448,-52.237565179365895,-55.154480893107916,FLAT
2026-10-07T19:13:43.240289+00:00,0,PERP,DOT|BITGET|HTX,DOT,BITGET,HTX,5.02756631081569,0.04421143100197401,4.487871896668885,12.207123857237459,-23.019588065654737,33.100125718428245,21.999999999999996,56.091501908858284,-111.5989618711819,-112.70375573061764,FLAT
2026-10-07T19:13:43.642173+00:00,0,PERP,DOT|GATE|HTX,DOT,GATE,HTX,5.02756631081569,0.042099127890813506,4.481813916116362,12.963508320523117,-23.019588065654737,33.100125718428245,20.0,56.091501908858284,-109.59290389062937,-110.70981371117016,FLAT
2026-10-07T19:13:44.110333+00:00,0,PERP,OP|GATE|HTX,OP,GATE,HTX,29.164586242662605,-0.38499573550849564,33.20148012551088,10.485554801058804,9.616035632569186,48.73040226078152,20.0,39.00061532619792,-88.5860598191396,-80.52953746146855,FLAT
2026-10-07T19:13:54.489343+00:00,1,PERP,OP|GATE|OKX,OP,GATE,OKX,1.9081563592715511,0.43852358086558857,-0.7391889574698891,6.036950878481664,-4.746019070078766,8.568357926190817,20.0,13.311834162716833,-43.318664275325716,-48.61938104637754,FLAT
2026-10-07T19:13:54.841984+00:00,1,PERP,OP|BITGET|GATE,OP,BITGET,GATE,-0.7581373567933092,-0.0009260022036226722,-0.7514870158536715,7.181776580682482,-9.379398317169718,7.870313979696508,21.999999999999996,17.251017163683148,-53.87892846499919,-53.872818159233326,FLAT
2026-10-07T19:13:55.287873+00:00,1,PERP,DOT|BITGET|HTX,DOT,BITGET,HTX,2.296339127716429,-0.17952900245647316,4.487871896668885,12.207123857237459,-27.180679670071317,31.80005812368769,21.999999999999996,58.96718484137291,-118.63573640811312,-114.27937106839173,FLAT
2026-10-07T19:13:55.690391+00:00,1,PERP,DOT|GATE|HTX,DOT,GATE,HTX,2.3775473604903397,-0.1623223053202861,4.481813916116362,12.963508320523117,-27.180679670071317,31.96254814742172,20.0,59.1291574599621,-116.79165104614978,-112.60989169126746,FLAT
2026-10-07T19:13:56.215743+00:00,1,PERP,OP|GATE|HTX,OP,GATE,HTX,30.647905669267672,-0.2435326031566161,33.20148012551088,10.485554801058804,11.053413682415858,50.25987238675089,20.0,39.08665849342107,-87.23472493651609,-82.14505075466109,FLAT
2026-10-07T19:14:06.596051+00:00,2,PERP,OP|GATE|OKX,OP,GATE,OKX,1.6103420409319114,0.389191670711875,-0.7391889574698891,6.036950878481664,-4.987406138425854,8.213641495573576,20.0,13.198919822041749,-43.44713700299771,-48.151750275085206,FLAT
2026-10-07T19:14:06.940956+00:00,2,PERP,OP|BITGET|GATE,OP,BITGET,GATE,-0.5688981822438155,0.025423908911477812,-0.7514870158536715,7.181776580682482,-9.011276719869121,7.8805215384814,21.999999999999996,16.89275634914008,-53.15254605315552,-53.524764903475145,FLAT
2026-10-07T19:14:07.430071+00:00,2,PERP,DOT|BITGET|HTX,DOT,BITGET,HTX,2.3775473604903397,-0.17287647449627203,4.487871896668885,12.207123857237459,-27.180679670071317,31.96254814742172,21.999999999999996,59.1291574599621,-118.79770902670231,-114.60383371071494,FLAT
2026-10-07T19:14:07.834768+00:00,2,PERP,DOT|GATE|HTX,DOT,GATE,HTX,2.3775473604903397,-0.1623223053202861,4.481813916116362,12.963508320523117,-27.180679670071317,31.96254814742172,20.0,59.1291574599621,-116.79165104614978,-112.60989169126746,FLAT
2026-10-07T19:14:08.229291+00:00,2,PERP,OP|GATE|HTX,OP,GATE,HTX,31.708640605436766,-0.14237105698244665,33.20148012551088,10.485554801058804,13.543263145077145,49.889566922498574,20.0,36.23141224271645,-81.88962922315018,-78.91949903970415,FLAT
2026-10-07T19:35:08.918897+00:00,0,PERP,OP|GATE|OKX,OP,GATE,OKX,0.6881315459983384,0.23460214537864385,-0.7275398586598555,6.03434978130027,-5.156160916442998,6.5365579650911165,20.0,11.691912862568135,-42.12053392035127,-44.956010686319104,FLAT
2026-10-07T19:35:09.279581+00:00,0,PERP,OP|BITGET|GATE,OP,BITGET,GATE,-2.0986060382655047,-0.19959891282701392,-0.6590676014267857,7.212155699897633,-9.801178776340791,5.61036950341709,21.999999999999996,15.41478057484044,-52.55689174975444,-49.68421767968431,FLAT
2026-10-07T19:35:09.713155+00:00,0,PERP,DOT|BITGET|HTX,DOT,BITGET,HTX,10.526125650835993,0.5084245621918425,4.3491462144649375,12.149254571301205,-18.421836326367735,39.500190389065715,21.999999999999996,57.86110962111705,-108.63209216194973,-121.01215379571784,FLAT
2026-10-07T19:35:10.113436+00:00,0,PERP,DOT|GATE|HTX,DOT,GATE,HTX,10.526125650835993,0.4676484311965153,4.468382599513401,12.95362637232286,-18.421836326367735,39.500190389065715,20.0,57.86110962111705,-106.7513285469982,-118.89291741066937,FLAT
2026-10-07T19:35:10.509207+00:00,0,PERP,OP|GATE|HTX,OP,GATE,HTX,32.742093921520606,-0.03223439295093456,33.08506223281271,10.639825350958269,11.240353587245178,54.25986969678442,20.0,42.879114931523304,-90.72382357709084,-90.05392239549502,FLAT
2026-10-07T19:35:20.893464+00:00,1,PERP,OP|GATE|OKX,OP,GATE,OKX,0.9333514137188637,0.2752394760949428,-0.7275398586598555,6.03434978130027,-5.158613857729755,7.029949786954148,20.0,12.187424368578709,-42.61849836764861,-45.94491401419271,FLAT
2026-10-07T19:35:21.243827+00:00,1,PERP,OP|BITGET|GATE,OP,BITGET,GATE,-1.8502171216583374,-0.16515859748403083,-0.6590676014267857,7.212155699897633,-9.801178776340791,6.1073538112066394,21.999999999999996,15.911473809818514,-53.05358498473252,-50.67789522245194,FLAT
2026-10-07T19:35:21.656320+00:00,1,PERP,DOT|BITGET|HTX,DOT,BITGET,HTX,10.526125650835993,0.5084245621918425,4.3491462144649375,12.149254571301205,-18.421836326367735,39.500190389065715,21.999999999999996,57.86110962111705,-108.63209216194973,-121.01215379571784,FLAT
2026-10-07T19:35:22.058981+00:00,1,PERP,DOT|GATE|HTX,DOT,GATE,HTX,10.526125650835993,0.4676484311965153,4.468382599513401,12.95362637232286,-18.421836326367735,39.500190389065715,20.0,57.86110962111705,-106.7513285469982,-118.89291741066937,FLAT
2026-10-07T19:35:22.455158+00:00,1,PERP,OP|GATE|HTX,OP,GATE,HTX,32.66811789824242,-0.03918714084275236,33.08506223281271,10.639825350958269,11.092774722636367,54.25986969678442,20.0,43.02652916417314,-91.01881667434948,-90.20133662814484,FLAT
2026-10-07T19:35:32.844387+00:00,2,PERP,OP|GATE|OKX,OP,GATE,OKX,0.7065003899442424,0.23764619231189038,-0.7275398586598555,6.03434978130027,-5.5327123633752695,6.950684950215447,20.0,12.482513443390946,-43.28768594810636,-46.16073825226624,FLAT
2026-10-07T19:35:33.194423+00:00,2,PERP,OP|BITGET|GATE,OP,BITGET,GATE,-2.5145428732109565,-0.2572705511350104,-0.6590676014267857,7.212155699897633,-10.646403018307327,5.624076922878807,21.999999999999996,16.27456944311711,-54.26190485999764,-50.55771396742269,FLAT
2026-10-07T19:35:33.622300+00:00,2,PERP,DOT|BITGET|HTX,DOT,BITGET,HTX,10.526125650835993,0.5084245621918425,4.3491462144649375,12.149254571301205,-18.421836326367735,39.500190389065715,21.999999999999996,57.86110962111705,-108.63209216194973,-121.01215379571784,FLAT
2026-10-07T19:35:34.016140+00:00,2,PERP,DOT|GATE|HTX,DOT,GATE,HTX,10.526125650835993,0.4676484311965153,4.468382599513401,12.95362637232286,-18.421836326367735,39.500190389065715,20.0,57.86110962111705,-106.7513285469982,-118.89291741066937,FLAT
2026-10-07T19:35:34.414352+00:00,2,PERP,OP|GATE|HTX,OP,GATE,HTX,33.33478151241742,0.023470242355267686,33.08506223281271,10.639825350958269,11.576315751935518,55.110585821145364,20.0,43.38962479747173,-90.89837127834892,-91.41514838580437,FLAT
2026-10-07T19:52:44.834024+00:00,0,PERP,OP|GATE|OKX,OP,GATE,OKX,0.5167992326016169,0.21477013767220152,-0.7853244773318075,6.062871328605397,-5.552228059552133,6.5907180886592975,20.0,12.14231666374147,-42.90922024596179,-45.518359229732575,FLAT
2026-10-07T19:52:45.140318+00:00,0,PERP,OP|BITGET|GATE,OP,BITGET,GATE,2.300358403455327,0.4163626917601841,-0.6936744195635343,7.190924840939783,-5.887900080167041,10.495434754258515,21.999999999999996,16.379564110398608,-49.57378977100211,-55.56867328422065,FLAT
2026-10-07T19:52:45.574593+00:00,0,PERP,DOT|BITGET|HTX,DOT,BITGET,HTX,19.171503178849747,1.2241001735573458,4.286583651902391,12.159886787443575,-17.773320723050155,56.17568216675251,21.999999999999996,73.80745526218985,-123.86735963714239,-153.69655377703998,FLAT
2026-10-07T19:52:45.964512+00:00,0,PERP,DOT|GATE|HTX,DOT,GATE,HTX,15.659860737653464,0.8808255632890731,4.280525671349868,12.918942797041732,-17.773320723050155,49.12327111468828,20.0,66.7919828630363,-114.84582925743632,-137.6347283063747,FLAT
2026-10-07T19:52:46.364097+00:00,0,PERP,OP|GATE|HTX,OP,GATE,HTX,36.268041578857435,0.2688199956795919,33.454948673557936,10.464596944092062,20.041327225464034,52.50783447127372,20.0,32.34917784464794,-71.76279929274185,-77.40206364236371,FLAT
2026-10-07T19:52:56.685031+00:00,1,PERP,OP|GATE|OKX,OP,GATE,OKX,0.9860835292840875,0.29217311577406685,-0.7853244773318075,6.062871328605397,-5.354979231522172,7.3323403495884065,20.0,12.68606650259151,-43.255721256781875,-46.80373132951172,FLAT
2026-10-07T19:52:57.002115+00:00,1,PERP,OP|BITGET|GATE,OP,BITGET,GATE,5.532748915628716,0.8658723979068202,-0.6936744195635343,7.190924840939783,-2.179693593065135,13.251613108347104,21.999999999999996,15.422770997099242,-44.90879017060084,-57.36805852500987,FLAT
2026-10-07T19:52:57.433744+00:00,1,PERP,DOT|BITGET|HTX,DOT,BITGET,HTX,15.659860737653464,0.9353110998940579,4.286583651902391,12.159886787443575,-17.773320723050155,49.12327111468828,21.999999999999996,66.7919828630363,-116.85188723798885,-139.62867032582218,FLAT
2026-10-07T19:52:57.826639+00:00,1,PERP,DOT|GATE|HTX,DOT,GATE,HTX,15.659860737653464,0.8808255632890731,4.280525671349868,12.918942797041732,-17.773320723050155,49.12327111468828,20.0,66.7919828630363,-114.84582925743632,-137.6347283063747,FLAT
2026-10-07T19:52:58.227878+00:00,1,PERP,OP|GATE|HTX,OP,GATE,HTX,33.0257217135066,-0.041017056112578144,33.454948673557936,10.464596944092062,17.283279981648025,48.77934429831532,20.0,31.392384731348567,-73.56405342325849,-72.71678035610596,FLAT
2026-10-07T19:53:08.594764+00:00,2,PERP,OP|GATE|OKX,OP,GATE,OKX,0.2894632453509516,0.17727371478457316,-0.7853244773318075,6.062871328605397,-6.43352881340542,7.018271014889166,20.0,13.451407945127857,-45.099612281201466,-47.255003437348826,FLAT
2026-10-07T19:53:08.904369+00:00,2,PERP,OP|BITGET|GATE,OP,BITGET,GATE,3.6961716194361394,0.6104702991758657,-0.6936744195635343,7.190924840939783,-4.788268587599953,12.18767630624562,21.999999999999996,16.96966967284411,-49.06426384088053,-57.85102039865326,FLAT
2026-10-07T19:53:09.354085+00:00,2,PERP,DOT|BITGET|HTX,DOT,BITGET,HTX,15.659860737653464,0.9353110998940579,4.286583651902391,12.159886787443575,-17.773320723050155,49.12327111468828,21.999999999999996,66.7919828630363,-116.85188723798885,-139.62867032582218,FLAT
2026-10-07T19:53:09.751964+00:00,2,PERP,DOT|GATE|HTX,DOT,GATE,HTX,15.659860737653464,0.8808255632890731,4.280525671349868,12.918942797041732,-17.773320723050155,49.12327111468828,20.0,66.7919828630363,-114.84582925743632,-137.6347283063747,FLAT
2026-10-07T19:53:10.142507+00:00,2,PERP,OP|GATE|HTX,OP,GATE,HTX,35.696194238146184,0.21417409352336067,33.454948673557936,10.464596944092062,19.514712133257284,51.89057513945494,20.0,32.260699447842974,-72.20093598814363,-76.69632591373997,FLAT
2026-10-07T21:50:58.968112+00:00,0,PERP,OP|GATE|OKX,OP,GATE,OKX,-0.8518234870857899,0.014036779282582956,-0.9298720025665348,5.560286580668019,-10.76413138027199,9.074993282236488,20.0,19.840804138080184,-55.675063515785645,-55.84566942288321,FLAT
2026-10-07T21:50:59.218742+00:00,0,PERP,OP|BITGET|GATE,OP,BITGET,GATE,0.02786518319419784,0.08035949370714054,-0.5196022880176516,6.8127292240917,-13.551582507020932,13.62413060636003,21.999999999999996,27.17562698031837,-68.20760719932164,-69.31935987469605,FLAT
2026-10-07T21:50:59.633447+00:00,0,PERP,DOT|BITGET|HTX,DOT,BITGET,HTX,12.449996825538712,0.6696763733762057,4.375230675706357,12.057713950879037,-17.16547447124239,42.09226945381506,21.999999999999996,59.184047682664655,-108.72475282961341,-124.90108646077336,FLAT
2026-10-07T21:51:00.011025+00:00,0,PERP,DOT|GATE|HTX,DOT,GATE,HTX,12.449996825538712,0.6074554255871293,4.74739214321516,12.680115046924941,-17.16547447124239,42.09226945381506,20.0,59.184047682664655,-107.0969142971222,-122.52892499326455,FLAT
2026-10-07T21:51:00.385953+00:00,0,PERP,OP|GATE|HTX,OP,GATE,HTX,39.147258138798605,0.6055255343899946,32.87961673547588,10.350746661140787,17.54929487863155,60.777120592254704,20.0,43.05923706731643,-84.38955892416075,-96.95674092409526,FLAT
2026-10-07T21:51:10.667496+00:00,1,PERP,OP|GATE|OKX,OP,GATE,OKX,-0.9335439688573643,-0.0006603915531253786,-0.9298720025665348,5.560286580668019,-10.795916823828078,8.94347277542673,20.0,19.741221665363277,-55.60726648662482,-55.614566443356544,FLAT
2026-10-07T21:51:10.922807+00:00,1,PERP,OP|BITGET|GATE,OP,BITGET,GATE,0.057153106882701366,0.08465849381783529,-0.5196022880176516,6.8127292240917,-13.665641813238594,13.797284730665549,21.999999999999996,27.46275864145026,-68.60879816667119,-69.77964566013345,FLAT
2026-10-07T21:51:11.314701+00:00,1,PERP,DOT|BITGET|HTX,DOT,BITGET,HTX,19.86002773532114,1.2842232883195825,4.375230675706357,12.057713950879037,-11.385413280960988,51.143959414969856,21.999999999999996,62.40541168188439,-106.16605563855174,-137.17414042114788,FLAT
2026-10-07T21:51:11.690783+00:00,1,PERP,DOT|GATE|HTX,DOT,GATE,HTX,12.704474174820568,0.627524435082715,4.74739214321516,12.680115046924941,-25.66550024211245,51.143959414969856,20.0,76.71193826749887,-133.12483065282646,-149.10850553925357,FLAT
2026-10-07T21:51:12.067239+00:00,1,PERP,OP|GATE|HTX,OP,GATE,HTX,39.26255703825099,0.6166647210812546,32.87961673547588,10.350746661140787,17.6250118544119,60.93223017155758,20.0,43.13782435374405,-84.39242923480803,-97.19043778982575,FLAT
2026-10-07T21:51:22.317908+00:00,2,PERP,OP|GATE|OKX,OP,GATE,OKX,-0.9243408251002894,0.0009947648176042228,-0.9298720025665348,5.560286580668019,-10.807105054624344,8.973097571343125,20.0,19.782020272665203,-55.65925332472302,-55.684989846574865,FLAT
2026-10-07T21:51:22.568361+00:00,2,PERP,OP|BITGET|GATE,OP,BITGET,GATE,2.0281579939385175,0.37397057745177686,-0.5196022880176516,6.8127292240917,-13.665641813238594,17.747984003115835,21.999999999999996,31.407234370291047,-72.55327389551198,-77.67482066142453,FLAT
2026-10-07T21:51:22.967835+00:00,2,PERP,DOT|BITGET|HTX,DOT,BITGET,HTX,16.7571258021737,1.0268857908645836,4.375230675706357,12.057713950879037,-16.022310751098168,49.566253874060436,21.999999999999996,65.47882748904031,-113.87636891584484,-138.6698506873944,FLAT
2026-10-07T21:51:23.339167+00:00,2,PERP,DOT|GATE|HTX,DOT,GATE,HTX,12.224656514481236,0.5896842689198936,4.74739214321516,12.680115046924941,-25.049415352590422,49.566253874060436,20.0,74.52450447070211,-130.3213119665077,-145.34336620154738,FLAT
2026-10-07T21:51:23.713748+00:00,2,PERP,OP|GATE|HTX,OP,GATE,HTX,39.26255703825099,0.6166647210812546,32.87961673547588,10.350746661140787,17.6250118544119,60.93223017155758,20.0,43.13782435374405,-84.39242923480803,-97.19043778982575,FLAT
2026-10-07T22:06:45.336344+00:00,0,PERP,OP|GATE|OKX,OP,GATE,OKX,1.2660280244070066,0.35220553229704443,-0.6737773308906748,5.5075947917299635,-8.984146247136282,11.531272008644677,20.0,20.512810206983538,-54.823179123229146,-58.71785954651889,FLAT
2026-10-07T22:06:45.631833+00:00,0,PERP,OP|BITGET|GATE,OP,BITGET,GATE,-2.073631151501276,-0.18855305484708063,-0.8057031387682316,6.724515886318327,-17.604458234493634,13.482845522048148,21.999999999999996,31.093730286287595,-75.892485382013,-73.38227894710397,FLAT
2026-10-07T22:06:46.063512+00:00,0,PERP,DOT|BITGET|HTX,DOT,BITGET,HTX,2.822931148345198,-0.11301816195149406,4.190135883096392,12.097212617366587,-26.631910239971468,32.30426070337744,21.999999999999996,58.91952646190671,-117.74157258497458,-115.03365128218776,FLAT
2026-10-07T22:06:46.447943+00:00,0,PERP,DOT|GATE|HTX,DOT,GATE,HTX,2.822931148345198,-0.1076863958161289,4.196224313798199,12.752708037493012,-26.631910239971468,32.30426070337744,20.0,58.91952646190671,-115.74766101567639,-113.02756285148595,FLAT
2026-10-07T22:06:46.834349+00:00,0,PERP,OP|GATE|HTX,OP,GATE,HTX,32.18315707683716,-0.03192951397648098,32.5077568708255,10.166136391159556,7.976259830186905,56.425403012445585,20.0,48.293693040818944,-98.82519008145754,-98.21133918243902,FLAT
2026-10-07T22:06:57.181653+00:00,1,PERP,OP|GATE|OKX,OP,GATE,OKX,-0.5536296481301051,0.021814909648215197,-0.6737773308906748,5.5075947917299635,-10.224349485077333,9.130125176359805,20.0,19.35553746248083,-54.906109616667486,-55.1594399697313,FLAT
2026-10-07T22:06:57.468262+00:00,1,PERP,OP|BITGET|GATE,OP,BITGET,GATE,-0.26306977972012646,0.08069478431185578,-0.8057031387682316,6.724515886318327,-15.23601695694432,14.734605633963671,21.999999999999996,29.971390644787117,-72.40170446296321,-73.51169941751901,FLAT
2026-10-07T22:06:57.894821+00:00,1,PERP,DOT|BITGET|HTX,DOT,BITGET,HTX,2.822931148345198,-0.11301816195149406,4.190135883096392,12.097212617366587,-26.631910239971468,32.30426070337744,21.999999999999996,58.91952646190671,-117.74157258497458,-115.03365128218776,FLAT
2026-10-07T22:06:58.283444+00:00,1,PERP,DOT|GATE|HTX,DOT,GATE,HTX,2.822931148345198,-0.1076863958161289,4.196224313798199,12.752708037493012,-26.631910239971468,32.30426070337744,20.0,58.91952646190671,-115.74766101567639,-113.02756285148595,FLAT
2026-10-07T22:06:58.822227+00:00,1,PERP,OP|GATE|HTX,OP,GATE,HTX,30.36672096200954,-0.2106046807199833,32.5077568708255,10.166136391159556,6.725344456353088,54.03996324946814,20.0,47.17135339931846,-98.95376581379088,-94.70355977796109,FLAT
2026-10-07T22:07:09.179053+00:00,2,PERP,OP|GATE|OKX,OP,GATE,OKX,0.08001929098444549,0.13686493839506828,-0.6737773308906748,5.5075947917299635,-9.827715806596249,10.001022303338658,20.0,19.828570565218275,-54.982509040923844,-56.5033701994476,FLAT
2026-10-07T22:07:09.474321+00:00,2,PERP,OP|BITGET|GATE,OP,BITGET,GATE,-3.6746505484996916,-0.42663999286084053,-0.8057031387682316,6.724515886318327,-14.698864062449024,7.359140107561224,21.999999999999996,22.06610853559214,-63.95926945927293,-58.23095178192159,FLAT
2026-10-07T22:07:09.950307+00:00,2,PERP,DOT|BITGET|HTX,DOT,BITGET,HTX,2.822931148345198,-0.11301816195149406,4.190135883096392,12.097212617366587,-26.631910239971468,32.30426070337744,21.999999999999996,58.91952646190671,-117.74157258497458,-115.03365128218776,FLAT
2026-10-07T22:07:10.371320+00:00,2,PERP,DOT|GATE|HTX,DOT,GATE,HTX,2.822931148345198,-0.1076863958161289,4.196224313798199,12.752708037493012,-26.631910239971468,32.30426070337744,20.0,58.91952646190671,-115.74766101567639,-113.02756285148595,FLAT
2026-10-07T22:07:10.755623+00:00,2,PERP,OP|GATE|HTX,OP,GATE,HTX,31.60212824540487,-0.08908287185760805,32.5077568708255,10.166136391159556,9.734427964653847,53.499112593680124,20.0,43.626795077012524,-92.40012398318419,-90.61815079986715,FLAT
2026-10-07T22:25:51.731661+00:00,0,PERP,OP|GATE|OKX,OP,GATE,OKX,0.7851943947545514,0.27496022074211396,-0.7199520597110037,5.474051666103501,-8.310568042263489,9.89279819958,20.0,18.201929333693837,-51.792545316246326,-54.814679592984845,FLAT
2026-10-07T22:25:52.044365+00:00,0,PERP,OP|BITGET|GATE,OP,BITGET,GATE,-3.3421897609042794,-0.3819331238184187,-0.7817390159715887,6.70392428741006,-16.976155177186314,10.311267670266577,21.999999999999996,27.296531942827077,-71.49094810404179,-66.38953862906524,FLAT
2026-10-07T22:25:52.548200+00:00,0,PERP,DOT|BITGET|HTX,DOT,BITGET,HTX,18.99148980540666,1.127448140267826,4.701766111707741,12.674395551625448,-25.04825069429284,63.100090001260156,21.999999999999996,87.98119750221183,-145.7312143082124,-174.37952139176423,FLAT
2026-10-07T22:25:53.060383+00:00,0,PERP,DOT|GATE|HTX,DOT,GATE,HTX,17.1979106088882,0.9909316324951617,4.45780876820777,12.856691039926648,-27.371873047873365,61.842202490010045,20.0,89.0608472624339,-146.89052907851504,-172.44524098423616,FLAT
2026-10-07T22:25:53.596483+00:00,0,PERP,OP|GATE|HTX,OP,GATE,HTX,33.93406879767635,0.13776778503878206,32.53792237937545,10.134055780223814,10.623068930446511,57.275416216882036,20.0,46.49455261052267,-94.40940605945161,-97.23204644802925,FLAT
2026-10-07T22:26:03.931216+00:00,1,PERP,OP|GATE|OKX,OP,GATE,OKX,3.096738099328533,0.6972331267301146,-0.7199520597110037,5.474051666103501,-7.645573658909832,13.855817627257405,20.0,21.494721857481164,-54.420343456679994,-62.070491544449574,FLAT
2026-10-07T22:26:04.259809+00:00,1,PERP,OP|BITGET|GATE,OP,BITGET,GATE,-4.156289914585276,-0.5033694824016851,-0.7817390159715887,6.70392428741006,-16.05743578937946,7.7545395614109225,21.999999999999996,23.82187247359756,-67.09756924700542,-60.35815105098006,FLAT
2026-10-07T22:26:04.724306+00:00,1,PERP,DOT|BITGET|HTX,DOT,BITGET,HTX,15.920500800188364,0.8851494844692502,4.701766111707741,12.674395551625448,-23.927935761318686,55.8047079510704,21.999999999999996,79.60589109927518,-136.23559297230162,-158.70883293863784,FLAT
2026-10-07T22:26:05.179349+00:00,1,PERP,DOT|GATE|HTX,DOT,GATE,HTX,15.920500800188364,0.8915740447042736,4.45780876820777,12.856691039926648,-23.927935761318686,55.8047079510704,20.0,79.60589109927518,-133.99163562880165,-156.9527902821378,FLAT
2026-10-07T22:26:05.656144+00:00,1,PERP,OP|GATE|HTX,OP,GATE,HTX,30.12232718968999,-0.23836411029031385,32.53792237937545,10.134055780223814,5.554916416712352,54.72811036937975,20.0,49.02548783017267,-102.00849379283576,-97.21567582017695,FLAT
2026-10-07T22:26:15.983527+00:00,2,PERP,OP|GATE|OKX,OP,GATE,OKX,0.8091768178442038,0.2793413308507665,-0.7199520597110037,5.474051666103501,-9.399759357231474,11.033795597357177,20.0,20.431889617162245,-55.11169691468271,-58.18563727423042,FLAT
2026-10-07T22:26:16.292865+00:00,2,PERP,OP|BITGET|GATE,OP,BITGET,GATE,-1.3403452383098369,-0.08332525822036925,-0.7817390159715887,6.70392428741006,-15.498995001247406,12.837000077345895,21.999999999999996,28.339781252706675,-71.05703723798248,-69.95852034602416,FLAT
2026-10-07T22:26:16.797859+00:00,2,PERP,DOT|BITGET|HTX,DOT,BITGET,HTX,18.66915060380281,1.102015826727437,4.701766111707741,12.674395551625448,-23.45204071788509,60.82815268969366,21.999999999999996,84.12312571414977,-140.2769325437426,-168.24951229213568,FLAT
2026-10-07T22:26:17.332921+00:00,2,PERP,DOT|GATE|HTX,DOT,GATE,HTX,14.082190045690002,0.748589294678823,4.45780876820777,12.856691039926648,-32.57999847171011,60.82815268969366,20.0,93.27672197508882,-156.3145292150067,-175.6470658965747,FLAT
2026-10-07T22:26:17.732590+00:00,2,PERP,OP|GATE|HTX,OP,GATE,HTX,28.563952595677122,-0.39214011348283334,32.53792237937545,10.134055780223814,4.910865233533901,52.24966942003029,20.0,47.20394856091729,-100.83100570675884,-92.91569560157214,FLAT
2026-10-07T22:46:11.161748+00:00,0,PERP,OP|GATE|OKX,OP,GATE,OKX,0.8722514159753558,0.27812376146418133,-0.6628557442645474,5.519510998119464,-8.885617884909491,10.644243296746847,20.0,19.52814762378896,-53.750909764433906,-56.83524666480035,FLAT
2026-10-07T22:46:11.495392+00:00,0,PERP,OP|BITGET|GATE,OP,BITGET,GATE,-2.235339505626266,-0.19765177723536909,-0.8845680072370558,6.834097407485869,-17.2502689134868,12.803027637995346,21.999999999999996,30.059997703080644,-74.42569860933038,-71.74759334831305,FLAT
2026-10-07T22:46:11.994298+00:00,0,PERP,DOT|BITGET|HTX,DOT,BITGET,HTX,12.09256438260864,0.654018978627625,4.177623370583879,12.102005095682772,-18.0205407675893,42.23282291887731,21.999999999999996,60.180577698659064,-110.37874183683223,-126.2357772469525,FLAT
2026-10-07T22:46:12.588338+00:00,0,PERP,DOT|GATE|HTX,DOT,GATE,HTX,12.09256438260864,0.6104332780373822,4.308938470696306,12.750985557238367,-18.0205407675893,42.23282291887731,20.0,60.180577698659064,-108.51005693694466,-124.10446214684006,FLAT
2026-10-07T22:46:13.072330+00:00,0,PERP,OP|GATE|HTX,OP,GATE,HTX,35.37003317486853,0.2675408065745887,32.676393076408274,10.06814673599815,14.270313469546547,56.49947662784926,20.0,42.080304061648775,-86.4863836685105,-91.90338761308976,FLAT
2026-10-07T22:46:23.436556+00:00,1,PERP,OP|GATE|OKX,OP,GATE,OKX,3.861106805289616,0.8196310417889391,-0.6628557442645474,5.519510998119464,-6.0012464637104745,13.736753954805003,20.0,19.730373356975743,-51.06876407642167,-60.1299830560453,FLAT
2026-10-07T22:46:23.774474+00:00,1,PERP,OP|BITGET|GATE,OP,BITGET,GATE,-4.233821324350906,-0.4900798331386347,-0.8845680072370558,6.834097407485869,-14.589774905663377,6.130606850724973,21.999999999999996,20.729154643993574,-62.43436154241989,-55.7443295019556,FLAT
2026-10-07T22:46:24.244032+00:00,1,PERP,DOT|BITGET|HTX,DOT,BITGET,HTX,3.0767223615546513,-0.09096848004319211,4.177623370583879,12.102005095682772,-27.005220748894665,33.18576632165282,21.999999999999996,60.1724614726778,-119.35530559215634,-117.18060442374673,FLAT
2026-10-07T22:46:24.722321+00:00,1,PERP,DOT|GATE|HTX,DOT,GATE,HTX,8.153526376093456,0.30151299977080503,4.308938470696306,12.750985557238367,-25.868299344059544,42.23282291887731,20.0,68.04559260965723,-124.22283042441308,-131.96947705783825,FLAT
2026-10-07T22:46:25.173778+00:00,1,PERP,OP|GATE|HTX,OP,GATE,HTX,30.457919118274113,-0.2203458110321456,32.676393076408274,10.06814673599815,6.9584169064729195,53.989016793645206,20.0,46.88776827575445,-98.60574444568981,-94.20039199299138,FLAT
2026-10-07T22:46:35.562235+00:00,2,PERP,OP|GATE|OKX,OP,GATE,OKX,1.376714533527501,0.36952010395249585,-0.6628557442645474,5.519510998119464,-7.641964890831021,10.407334399793466,20.0,18.04680686134432,-51.025916007910794,-55.11699700540234,FLAT
2026-10-07T22:46:35.890519+00:00,2,PERP,OP|BITGET|GATE,OP,BITGET,GATE,-3.307564478876035,-0.3545452057772692,-0.8845680072370558,6.834097407485869,-16.432458124637783,9.834461343449785,21.999999999999996,26.275599117730216,-69.82348923513094,-64.99462846841705,FLAT
2026-10-07T22:46:36.422912+00:00,2,PERP,DOT|BITGET|HTX,DOT,BITGET,HTX,3.0767223615546513,-0.09096848004319211,4.177623370583879,12.102005095682772,-27.005220748894665,33.18576632165282,21.999999999999996,60.1724614726778,-119.35530559215634,-117.18060442374673,FLAT
2026-10-07T22:46:36.883104+00:00,2,PERP,DOT|GATE|HTX,DOT,GATE,HTX,6.982662741246148,0.20968765579316698,4.308938470696306,12.750985557238367,-27.005220748894665,41.027754980127455,20.0,67.98545567151031,-125.29961489110127,-130.70427218094147,FLAT
2026-10-07T22:46:37.355275+00:00,2,PERP,OP|GATE|HTX,OP,GATE,HTX,33.145369989386886,0.04658026201602805,32.676393076408274,10.06814673599815,7.245541641904829,59.079145002542965,20.0,51.66234437652922,-103.09319581103267,-104.0650963026639,FLAT
2026-10-07T23:01:10.808927+00:00,0,PERP,OP|GATE|OKX,OP,GATE,OKX,-0.8882444781566079,-0.0024536570894225186,-0.8748378384064139,5.463941888207893,-9.715527970415305,7.950247743440109,20.0,17.66733789357887,-52.50802802558776,-52.4924234754254,FLAT
2026-10-07T23:01:11.175361+00:00,0,PERP,OP|BITGET|GATE,OP,BITGET,GATE,-5.570460310396763,-0.7216875150414447,-0.6832788788540637,6.771880252441448,-18.88089615253552,7.758380221243311,21.999999999999996,26.654111225115404,-72.85172849879686,-63.095770325212776,FLAT
2026-10-07T23:01:11.691536+00:00,0,PERP,DOT|BITGET|HTX,DOT,BITGET,HTX,17.01423689040915,1.0380750100470446,4.398312960844574,12.153191057930231,-6.152721123278138,40.202066037440254,21.999999999999996,46.27604260841059,-84.8270766925333,-110.07979568500627,FLAT
2026-10-07T23:01:12.173607+00:00,0,PERP,DOT|GATE|HTX,DOT,GATE,HTX,17.01423689040915,0.9680235912637087,4.5314773840366795,12.895098444942672,-6.152721123278138,40.202066037440254,20.0,46.27604260841059,-82.96024111572541,-107.94663126181416,FLAT
2026-10-07T23:01:12.635367+00:00,0,PERP,OP|GATE|HTX,OP,GATE,HTX,42.20310882744993,0.9569615039284454,32.63255172565643,10.000984430936024,20.534337613085096,63.900719952514336,20.0,43.184112778923925,-81.28232689149525,-100.45228100578183,FLAT
2026-10-07T23:01:22.989194+00:00,1,PERP,OP|GATE|OKX,OP,GATE,OKX,-1.0343990492922561,-0.029202581972952925,-0.8748378384064139,5.463941888207893,-9.577712304069674,7.519161019087228,20.0,17.098635863114687,-51.80151032877795,-51.49263472060833,FLAT
2026-10-07T23:01:23.359263+00:00,1,PERP,OP|BITGET|GATE,OP,BITGET,GATE,-5.30108617197822,-0.6819091775078732,-0.6832788788540637,6.771880252441448,-18.208563283569347,7.624431342232452,21.999999999999996,25.846683577025004,-71.37196798174028,-62.15439379811152,FLAT
2026-10-07T23:01:23.861720+00:00,1,PERP,DOT|BITGET|HTX,DOT,BITGET,HTX,17.01423689040915,1.0380750100470446,4.398312960844574,12.153191057930231,-6.152721123278138,40.202066037440254,21.999999999999996,46.27604260841059,-84.8270766925333,-110.07979568500627,FLAT
2026-10-07T23:01:24.312464+00:00,1,PERP,DOT|GATE|HTX,DOT,GATE,HTX,17.01423689040915,0.9680235912637087,4.5314773840366795,12.895098444942672,-6.152721123278138,40.202066037440254,20.0,46.27604260841059,-82.96024111572541,-107.94663126181416,FLAT
2026-10-07T23:01:24.766329+00:00,1,PERP,OP|GATE|HTX,OP,GATE,HTX,42.38268248563992,0.9749171021428084,32.63255172565643,10.000984430936024,21.53131909484074,63.258388242999345,20.0,41.55095087174864,-78.65218350256433,-98.17678738909156,FLAT
2026-10-07T23:01:35.162777+00:00,2,PERP,OP|GATE|OKX,OP,GATE,OKX,-0.8048711281882781,0.01280517100101957,-0.8748378384064139,5.463941888207893,-9.059462906824134,7.459357252865839,20.0,16.52014419668317,-50.70476926510089,-50.854339287955426,FLAT
2026-10-07T23:01:35.502514+00:00,2,PERP,OP|BITGET|GATE,OP,BITGET,GATE,-5.38866795881221,-0.6948423339679884,-0.6832788788540637,6.771880252441448,-18.208563283569347,7.449193126130016,21.999999999999996,25.671577390589174,-71.19686179530446,-61.80404939557325,FLAT
2026-10-07T23:01:35.968329+00:00,2,PERP,DOT|BITGET|HTX,DOT,BITGET,HTX,8.002078332702833,0.29652832368719495,4.398312960844574,12.153191057930231,-15.139993856081446,31.164980469451375,21.999999999999996,46.26794098652866,-93.80624780345468,-101.03460849513546,FLAT
2026-10-07T23:01:36.417612+00:00,2,PERP,DOT|GATE|HTX,DOT,GATE,HTX,8.002078332702833,0.26914109756388005,4.5314773840366795,12.895098444942672,-15.139993856081446,31.164980469451375,20.0,46.26794098652866,-91.93941222664678,-98.90144407194336,FLAT
2026-10-07T23:01:36.960646+00:00,2,PERP,OP|GATE|HTX,OP,GATE,HTX,42.30855636527586,0.9675052197550345,32.63255172565643,10.000984430936024,21.383462021906663,63.258388242999345,20.0,41.6984913104452,-78.94758101419497,-98.32432782778812,FLAT
2026-10-07T23:20:20.331841+00:00,0,PERP,OP|GATE|OKX,OP,GATE,OKX,-0.21624863411617845,0.11022569022032946,-0.8180779503498856,5.459973215234254,-8.723938283012878,8.302385534573187,20.0,17.026684982185763,-50.93254531484875,-52.147148467108835,FLAT
2026-10-07T23:20:20.640117+00:00,0,PERP,OP|BITGET|GATE,OP,BITGET,GATE,-5.013373882403194,-0.6248447149096851,-0.7509549416734164,6.821565164948009,-15.076095380440746,5.057542014248462,21.999999999999996,20.143732865990682,-62.468873304758006,-53.95222982191255,FLAT
2026-10-07T23:20:21.222236+00:00,0,PERP,DOT|BITGET|HTX,DOT,BITGET,HTX,23.449845762699706,1.5748202465303494,4.437145344781679,12.072933695008613,-4.656027999311307,51.58101734087373,21.999999999999996,56.1054675042093,-93.19864084830229,-131.24933950030135,FLAT
2026-10-07T23:20:21.766458+00:00,0,PERP,DOT|GATE|HTX,DOT,GATE,HTX,23.449845762699706,1.4564748024605116,4.693562700397524,12.877863064033823,-4.656027999311307,51.58101734087373,20.0,56.1054675042093,-91.45505820391813,-128.9929221446855,FLAT
2026-10-07T23:20:22.309626+00:00,0,PERP,OP|GATE|HTX,OP,GATE,HTX,31.665151186139884,-0.07908936730449209,32.46093173493987,10.061789288770642,9.387322498453088,53.971034037438855,20.0,44.442964566773526,-93.51657380326031,-91.9530668692725,FLAT
2026-10-07T23:20:32.634710+00:00,1,PERP,OP|GATE|OKX,OP,GATE,OKX,0.6275962248181166,0.2647767888557265,-0.8180779503498856,5.459973215234254,-7.482083852485832,8.74690828080782,20.0,16.227967955529017,-48.891973857664965,-51.79295418668672,FLAT
2026-10-07T23:20:32.941113+00:00,1,PERP,OP|BITGET|GATE,OP,BITGET,GATE,-3.850324966988561,-0.4543488115075079,-0.7509549416734164,6.821565164948009,-14.18061514905311,6.48906768022206,21.999999999999996,20.67764038425636,-62.10730059163605,-55.917663006151834,FLAT
2026-10-07T23:20:33.507287+00:00,1,PERP,DOT|BITGET|HTX,DOT,BITGET,HTX,23.449845762699706,1.5748202465303494,4.437145344781679,12.072933695008613,-4.656027999311307,51.58101734087373,21.999999999999996,56.1054675042093,-93.19864084830229,-131.24933950030135,FLAT
2026-10-07T23:20:34.065046+00:00,1,PERP,DOT|GATE|HTX,DOT,GATE,HTX,23.449845762699706,1.4564748024605116,4.693562700397524,12.877863064033823,-4.656027999311307,51.58101734087373,20.0,56.1054675042093,-91.45505820391813,-128.9929221446855,FLAT
2026-10-07T23:20:34.672582+00:00,1,PERP,OP|GATE|HTX,OP,GATE,HTX,30.505202371233775,-0.19437192606376347,32.46093173493987,10.061789288770642,8.587456642827895,52.448980108008584,20.0,43.728114516804695,-93.60158960891667,-89.7161628898734,FLAT
2026-10-07T23:20:44.983707+00:00,2,PERP,OP|GATE|OKX,OP,GATE,OKX,0.11423057837633976,0.17075331544208422,-0.8180779503498856,5.459973215234254,-7.739755382982771,7.977022636938003,20.0,15.716593554315523,-48.638270986948406,-50.511694141603414,FLAT
2026-10-07T23:20:45.283129+00:00,2,PERP,OP|BITGET|GATE,OP,BITGET,GATE,-4.1134582541568765,-0.4929225524021052,-0.7509549416734164,6.821565164948009,-14.111706320483197,5.8935997006570595,21.999999999999996,20.013534625382235,-61.374286004192015,-54.65808926771271,FLAT
2026-10-07T23:20:45.861402+00:00,2,PERP,DOT|BITGET|HTX,DOT,BITGET,HTX,23.449845762699706,1.5748202465303494,4.437145344781679,12.072933695008613,-4.656027999311307,51.58101734087373,21.999999999999996,56.1054675042093,-93.19864084830229,-131.24933950030135,FLAT
2026-10-07T23:20:46.564045+00:00,2,PERP,DOT|GATE|HTX,DOT,GATE,HTX,21.414180616790013,1.2984000399174125,4.693562700397524,12.877863064033823,-8.713293480935302,51.58101734087373,20.0,60.165445752031765,-99.57230193336459,-133.05290039250798,FLAT
2026-10-07T23:20:47.654491+00:00,2,PERP,OP|GATE|HTX,OP,GATE,HTX,40.38171206746766,0.7872138945870887,32.46093173493987,10.061789288770642,16.684497854757563,64.10969631019282,20.0,47.2344377450083,-89.01087162519062,-104.88320232026126,FLAT
2026-10-07T23:37:48.247516+00:00,0,PERP,OP|GATE|OKX,OP,GATE,OKX,0.5988633840803281,0.26584551487262814,-0.8519350889298524,5.457299039651983,-7.716436976897834,8.924202777433887,20.0,16.63963721100027,-49.50413909896825,-52.41577507736401,FLAT
2026-10-07T23:37:48.590254+00:00,0,PERP,OP|BITGET|GATE,OP,BITGET,GATE,-4.399160640916611,-0.5208236020700839,-0.8066809013477597,6.897689976587186,-16.589763025940396,7.8068618049509375,21.999999999999996,24.407352270876522,-68.19043439546915,-61.02089497717521,FLAT
2026-10-07T23:37:49.067118+00:00,0,PERP,DOT|BITGET|HTX,DOT,BITGET,HTX,19.444483714716743,1.2466454964411537,4.399340168529109,12.068501903016998,-3.3558920321097307,42.26527161530047,21.999999999999996,45.5326186881975,-81.28785088883635,-111.39855013496887,FLAT
2026-10-07T23:37:49.598144+00:00,0,PERP,DOT|GATE|HTX,DOT,GATE,HTX,19.444483714716743,1.1511524282478096,4.65505168725503,12.847501047253125,-3.3558920321097307,42.26527161530047,20.0,45.5326186881975,-79.54356240756226,-109.14283861624294,FLAT
2026-10-07T23:37:50.055138+00:00,0,PERP,OP|GATE|HTX,OP,GATE,HTX,40.68217764016113,0.8150232234956347,32.51593923549524,10.019638912423737,16.52886144228871,64.86392986517319,20.0,48.139210900738966,-90.12628869394548,-106.48720153041691,FLAT
2026-10-07T23:38:00.458657+00:00,1,PERP,OP|GATE|OKX,OP,GATE,OKX,0.3642916866719581,0.22286240258502868,-0.8519350889298524,5.457299039651983,-9.902505713972332,10.646397361715465,20.0,20.54814311974371,-55.598713744786195,-58.046475570389035,FLAT
2026-10-07T23:38:00.812859+00:00,1,PERP,OP|BITGET|GATE,OP,BITGET,GATE,-4.510428911522757,-0.5369548389020993,-0.8066809013477597,6.897689976587186,-19.063843884010723,10.06625722099086,21.999999999999996,29.143227359900376,-75.40039034256333,-68.01616548223899,FLAT
2026-10-07T23:38:01.307007+00:00,1,PERP,DOT|BITGET|HTX,DOT,BITGET,HTX,16.981780735030316,1.0425851251144709,4.399340168529109,12.068501903016998,-8.279095216007226,42.26527161530047,21.999999999999996,50.458668907613685,-91.13710429215001,-116.32460035438504,FLAT
2026-10-07T23:38:01.774259+00:00,1,PERP,DOT|GATE|HTX,DOT,GATE,HTX,16.981780735030316,0.9594651132883789,4.65505168725503,12.847501047253125,-8.279095216007226,42.26527161530047,20.0,50.458668907613685,-89.39281581087594,-114.06888883565912,FLAT
2026-10-07T23:38:02.227072+00:00,1,PERP,OP|GATE|HTX,OP,GATE,HTX,35.32201511697197,0.2800575855081332,32.51593923549524,10.019638912423737,13.936167416701561,56.73510768231304,20.0,42.648280600918206,-87.22805241971189,-92.86744904773602,FLAT
2026-10-07T23:38:12.606888+00:00,2,PERP,OP|GATE|OKX,OP,GATE,OKX,0.5343400445179114,0.25402220464286085,-0.8519350889298524,5.457299039651983,-9.291995836693268,10.373894910746806,20.0,19.664831091252868,-54.104891839016275,-56.89066109092953,FLAT
2026-10-07T23:38:12.940160+00:00,2,PERP,OP|BITGET|GATE,OP,BITGET,GATE,-4.483520260638585,-0.5330537283889408,-0.8066809013477597,6.897689976587186,-17.6421496668544,8.692311479048254,21.999999999999996,26.346262308991378,-71.181731074498,-63.84525468938738,FLAT
2026-10-07T23:38:13.411701+00:00,2,PERP,DOT|BITGET|HTX,DOT,BITGET,HTX,19.444483714716743,1.2466454964411537,4.399340168529109,12.068501903016998,-3.3558920321097307,42.26527161530047,21.999999999999996,45.5326186881975,-81.28785088883635,-111.39855013496887,FLAT
2026-10-07T23:38:13.870557+00:00,2,PERP,DOT|GATE|HTX,DOT,GATE,HTX,19.444483714716743,1.1511524282478096,4.65505168725503,12.847501047253125,-3.3558920321097307,42.26527161530047,20.0,45.5326186881975,-79.54356240756226,-109.14283861624294,FLAT
2026-10-07T23:38:14.324105+00:00,2,PERP,OP|GATE|HTX,OP,GATE,HTX,34.29251467740091,0.17730932795420662,32.51593923549524,10.019638912423737,13.29040752475974,55.32131174177613,20.0,41.88724537107193,-87.11277708180742,-90.69261787735282,FLAT
2026-10-07T23:54:16.681495+00:00,0,PERP,OP|GATE|OKX,OP,GATE,OKX,-2.1379041410818367,-0.23347370769576503,-0.8632039642961066,5.459716168326614,-11.068346802208806,6.805420646693872,20.0,17.877580219670982,-54.08272305758368,-51.54620483066096,FLAT
2026-10-07T23:54:17.020867+00:00,0,PERP,OP|BITGET|GATE,OP,BITGET,GATE,-2.298702733226632,-0.2367725432518814,-0.6941747689648281,6.776663975581358,-15.961275454706714,11.381553336464734,21.999999999999996,27.34910410090504,-70.61620478664692,-67.4248322063346,FLAT
2026-10-07T23:54:17.527821+00:00,0,PERP,DOT|BITGET|HTX,DOT,BITGET,HTX,19.655054218747914,1.2695322300102756,4.237841460518769,12.144010521185711,-7.976148468937794,47.3109938828764,21.999999999999996,55.17867729442138,-95.39266722387794,-126.25182971677901,FLAT
2026-10-07T23:54:17.994436+00:00,0,PERP,DOT|GATE|HTX,DOT,GATE,HTX,19.655054218747914,1.1836479169316823,4.493408396694978,12.809253161493999,-7.976148468937794,47.3109938828764,20.0,55.17867729442138,-93.64823416005414,-123.9962627806028,FLAT
2026-10-07T23:54:18.490412+00:00,0,PERP,OP|GATE|HTX,OP,GATE,HTX,40.32276807356405,0.7619495813567528,32.68497236598885,10.024017198060648,17.555238313839983,63.123139900918005,20.0,45.384873543881255,-86.51460759603012,-101.8230410788104,FLAT
2026-10-07T23:54:28.844599+00:00,1,PERP,OP|GATE|OKX,OP,GATE,OKX,-2.8640426613968373,-0.36647302449679936,-0.8632039642961066,5.459716168326614,-12.120352204283424,6.405458977241096,20.0,18.531109176253686,-55.788257416241,-51.79977211779089,FLAT
2026-10-07T23:54:29.197420+00:00,1,PERP,OP|BITGET|GATE,OP,BITGET,GATE,-2.239007324816855,-0.22796357638781972,-0.6941747689648281,6.776663975581358,-16.709592493386882,12.252904541485421,21.999999999999996,28.968967503882293,-72.98438522830435,-69.91604681433253,FLAT
2026-10-07T23:54:29.672476+00:00,1,PERP,DOT|BITGET|HTX,DOT,BITGET,HTX,19.655054218747914,1.2695322300102756,4.237841460518769,12.144010521185711,-7.976148468937794,47.3109938828764,21.999999999999996,55.17867729442138,-95.39266722387794,-126.25182971677901,FLAT
2026-10-07T23:54:30.129253+00:00,1,PERP,DOT|GATE|HTX,DOT,GATE,HTX,19.655054218747914,1.1836479169316823,4.493408396694978,12.809253161493999,-7.976148468937794,47.3109938828764,20.0,55.17867729442138,-93.64823416005414,-123.9962627806028,FLAT
2026-10-07T23:54:30.620005+00:00,1,PERP,OP|GATE|HTX,OP,GATE,HTX,40.397668176808125,0.7694216458758127,32.68497236598885,10.024017198060648,17.973469825609545,62.852672281328296,20.0,44.69860935133626,-85.41011189171556,-100.8663092666757,FLAT
2026-10-07T23:54:40.986729+00:00,2,PERP,OP|GATE|OKX,OP,GATE,OKX,-2.6900129960416574,-0.33459780241753156,-0.8632039642961066,5.459716168326614,-10.834017659059336,5.4638954448371635,20.0,16.30229242350087,-52.2731061182641,-48.62939183263414,FLAT
2026-10-07T23:54:41.336072+00:00,2,PERP,OP|BITGET|GATE,OP,BITGET,GATE,0.8251374310308535,0.22419765912405926,-0.6941747689648281,6.776663975581358,-9.305099567754604,10.963597024782334,21.999999999999996,20.267020949038987,-56.877945747828754,-59.92479274278614,FLAT
2026-10-07T23:54:41.848759+00:00,2,PERP,DOT|BITGET|HTX,DOT,BITGET,HTX,19.655054218747914,1.2695322300102756,4.237841460518769,12.144010521185711,-7.976148468937794,47.3109938828764,21.999999999999996,55.17867729442138,-95.39266722387794,-126.25182971677901,FLAT
2026-10-07T23:54:42.230617+00:00,2,PERP,DOT|GATE|HTX,DOT,GATE,HTX,19.655054218747914,1.1836479169316823,4.493408396694978,12.809253161493999,-7.976148468937794,47.3109938828764,20.0,55.17867729442138,-93.64823416005414,-123.9962627806028,FLAT
2026-10-07T23:54:42.617835+00:00,2,PERP,OP|GATE|HTX,OP,GATE,HTX,39.60759577637862,0.690603704443873,32.68497236598885,10.024017198060648,17.973469825609545,61.2680305993174,20.0,43.12374201235595,-83.83524455273525,-97.70680024568449,FLAT
2026-10-08T00:49:37.412982+00:00,0,PERP,OP|GATE|OKX,OP,GATE,OKX,3.2222089244982044,0.691950096688524,-0.6895264551369826,5.653204470027012,-6.150184497796252,12.607676677796054,20.0,18.751809837810875,-50.21246788047014,-58.04901297074391,FLAT
2026-10-08T00:49:37.650508+00:00,0,PERP,OP|BITGET|GATE,OP,BITGET,GATE,-8.485541669362995,-1.023466179159976,-1.0594292105666543,7.255845488603664,-21.503804047802166,4.548527099492716,21.999999999999996,26.074447138058815,-74.51882197529433,-59.68240344811819,FLAT
2026-10-08T00:49:38.053629+00:00,0,PERP,DOT|BITGET|HTX,DOT,BITGET,HTX,6.997381096767175,0.23759398647787097,3.877821861490438,13.129790368525535,-17.587829452485604,31.604503598379186,21.999999999999996,49.157925616583796,-98.62357693055984,-104.88460735347255,FLAT
2026-10-08T00:49:38.438997+00:00,0,PERP,DOT|GATE|HTX,DOT,GATE,HTX,6.997381096767175,0.21848711666835013,3.885956148448102,14.240770786691384,-17.587829452485604,31.604503598379186,20.0,49.157925616583796,-96.6317112175175,-102.87647306651488,FLAT
2026-10-08T00:49:38.880591+00:00,0,PERP,OP|GATE|HTX,OP,GATE,HTX,34.557663362377866,0.21506315118403457,32.41963201579018,9.941411789126649,8.972861641634022,60.17902515974782,20.0,51.02979038326962,-100.47656075742577,-104.78918352722727,FLAT
2026-10-08T00:49:49.165267+00:00,1,PERP,OP|GATE|OKX,OP,GATE,OKX,2.7610265998090355,0.6103711750106805,-0.6895264551369826,5.653204470027012,-6.685355337424648,12.221157907938984,20.0,18.901284551477573,-50.89711343376524,-57.81196891455354,FLAT
2026-10-08T00:49:49.385895+00:00,1,PERP,OP|BITGET|GATE,OP,BITGET,GATE,-5.036479195209553,-0.5481166861793599,-1.0594292105666543,7.255845488603664,-16.368451890583778,6.304721490959508,21.999999999999996,22.684594674660037,-65.99361735467716,-58.0487453761862,FLAT
2026-10-08T00:49:49.850227+00:00,1,PERP,DOT|BITGET|HTX,DOT,BITGET,HTX,8.322699182126136,0.33853376145980724,3.877821861490438,13.129790368525535,-15.94035283405515,32.60735676554827,21.999999999999996,48.50732879374046,-96.32550348928604,-105.23686369779828,FLAT
2026-10-08T00:49:50.290817+00:00,1,PERP,DOT|GATE|HTX,DOT,GATE,HTX,8.322699182126136,0.3115521694811887,3.885956148448102,14.240770786691384,-15.94035283405515,32.60735676554827,20.0,48.50732879374046,-94.33363777624372,-103.22872941084063,FLAT
2026-10-08T00:49:50.688849+00:00,1,PERP,OP|GATE|HTX,OP,GATE,HTX,36.78853285926209,0.43946483016128235,32.41963201579018,9.941411789126649,11.35909959071979,62.25348425984212,20.0,50.707813276262215,-97.7683457013326,-106.54166552031415,FLAT
2026-10-08T00:50:00.962787+00:00,2,PERP,OP|GATE|OKX,OP,GATE,OKX,1.1891852672896164,0.332326865654237,-0.6895264551369826,5.653204470027012,-8.734532604138812,11.12877792573519,20.0,19.860936009470525,-53.90594215847235,-57.67924039034269,FLAT
2026-10-08T00:50:01.186095+00:00,2,PERP,OP|BITGET|GATE,OP,BITGET,GATE,-6.334420674134478,-0.726998868960612,-1.0594292105666543,7.255845488603664,-21.03981025292523,8.390382189831236,21.999999999999996,29.448833767152685,-77.42921480951125,-66.89864516755057,FLAT
2026-10-08T00:50:01.611743+00:00,2,PERP,DOT|BITGET|HTX,DOT,BITGET,HTX,10.995431322984306,0.542096199689224,3.877821861490438,13.129790368525535,-15.792585470841836,37.82172556652918,21.999999999999996,53.55539724030061,-101.22580457263288,-115.49930094533934,FLAT
2026-10-08T00:50:01.993250+00:00,2,PERP,DOT|GATE|HTX,DOT,GATE,HTX,17.22144935966119,0.9364305774569227,3.885956148448102,14.240770786691384,-6.90192882388696,41.36632788027006,20.0,48.18526511686076,-84.97315008919583,-111.66563684868272,FLAT
2026-10-08T00:50:02.733008+00:00,2,PERP,OP|GATE|HTX,OP,GATE,HTX,40.66913234217484,0.8298117512250621,32.41963201579018,9.941411789126649,11.445018704203669,69.93973043625479,20.0,58.257745595323605,-105.23235890691011,-121.77784401578822,FLAT
2026-10-08T01:08:38.262049+00:00,0,PERP,OP|GATE|OKX,OP,GATE,OKX,-1.1326116169396716,-0.06239712425346767,-0.7899403306783903,5.491780115847849,-10.964214714628273,8.714049001552482,20.0,19.680481228553123,-55.854755612503,-55.18447056078399,FLAT
2026-10-08T01:08:38.496310+00:00,0,PERP,OP|BITGET|GATE,OP,BITGET,GATE,-3.5790099523436147,-0.3294928834146434,-1.1436188201174868,7.391331512193425,-15.272162901736053,8.123618809812161,21.999999999999996,23.404154243730275,-65.53269832534885,-60.67139187365992,FLAT
2026-10-08T01:08:38.970665+00:00,0,PERP,DOT|BITGET|HTX,DOT,BITGET,HTX,20.2125660656316,1.2717628167950052,4.967189615113899,11.987594108890427,-0.5239080115315708,40.967488963150615,21.999999999999996,41.40769319812065,-74.89879082476611,-105.40799254615736,FLAT
2026-10-08T01:08:39.489207+00:00,0,PERP,DOT|GATE|HTX,DOT,GATE,HTX,20.2125660656316,1.1864674090489047,4.983473196121431,12.835660510656677,-0.5239080115315708,40.967488963150615,20.0,41.40769319812065,-72.91507440577365,-103.39170896514983,FLAT
2026-10-08T01:08:39.994319+00:00,0,PERP,OP|GATE|HTX,OP,GATE,HTX,39.93380009978953,0.765503920652089,32.41786312794691,9.818286711634636,18.38063584087779,61.51996334577525,20.0,42.96771584512908,-83.00494313219819,-98.06981606295741,FLAT
2026-10-08T01:08:50.261137+00:00,1,PERP,OP|GATE|OKX,OP,GATE,OKX,-1.242512617106728,-0.08240903256893549,-0.7899403306783903,5.491780115847849,-11.05933017637617,8.589624206265523,20.0,19.65138414828586,-55.92077399398364,-55.030948685229774,FLAT
2026-10-08T01:08:50.483160+00:00,1,PERP,OP|BITGET|GATE,OP,BITGET,GATE,-3.597505899580744,-0.33199526707942917,-1.1436188201174868,7.391331512193425,-15.269755763256398,8.084202837566057,21.999999999999996,23.36235939234264,-65.48849633548156,-60.59018105002618,FLAT
2026-10-08T01:08:50.962333+00:00,1,PERP,DOT|BITGET|HTX,DOT,BITGET,HTX,19.804420442035564,1.2377154825352192,4.967189615113899,11.987594108890427,-1.3398364626149295,40.967488963150615,21.999999999999996,42.22369547953902,-76.53072155726784,-106.22399482757574,FLAT
2026-10-08T01:08:51.419135+00:00,1,PERP,DOT|GATE|HTX,DOT,GATE,HTX,19.804420442035564,1.1546696201266147,4.983473196121431,12.835660510656677,-1.3398364626149295,40.967488963150615,20.0,42.22369547953902,-74.54700513827538,-104.20771124656821,FLAT
2026-10-08T01:08:51.869649+00:00,1,PERP,OP|GATE|HTX,OP,GATE,HTX,39.9499081858945,0.7671445415239447,32.41786312794691,9.818286711634636,18.415169908345685,61.51753769467749,20.0,42.93083439792176,-82.93352761752298,-98.03050896465234,FLAT
2026-10-08T01:09:02.110386+00:00,2,PERP,OP|GATE|OKX,OP,GATE,OKX,0.04480135929352258,0.15199838164733973,-0.7899403306783903,5.491780115847849,-9.52295315017504,9.62750270803836,20.0,19.15035839606686,-53.883371215563514,-55.56780143478362,FLAT
2026-10-08T01:09:02.331963+00:00,2,PERP,OP|BITGET|GATE,OP,BITGET,GATE,-6.169508658284695,-0.6799708320315541,-1.1436188201174868,7.391331512193425,-18.01257286621616,5.683152846411854,21.999999999999996,23.7103499464385,-68.57930399253718,-58.53712161296784,FLAT
2026-10-08T01:09:02.746408+00:00,2,PERP,DOT|BITGET|HTX,DOT,BITGET,HTX,13.532490350942616,0.7145137429600145,4.967189615113899,11.987594108890427,-5.32859680284159,32.41034291553202,21.999999999999996,37.68793111397568,-75.98371753193116,-93.1310844143938,FLAT
2026-10-08T01:09:03.182893+00:00,2,PERP,DOT|GATE|HTX,DOT,GATE,HTX,13.532490350942616,0.6660364028577611,4.983473196121431,12.835660510656677,-5.32859680284159,32.41034291553202,20.0,37.68793111397568,-74.0000011129387,-91.11480083338627,FLAT
2026-10-08T01:09:04.076953+00:00,2,PERP,OP|GATE|HTX,OP,GATE,HTX,42.551112862661,1.032079224444141,32.41786312794691,9.818286711634636,20.85383864898427,64.28220781528937,20.0,43.24433337668824,-80.80835785565088,-101.1086780640307,FLAT
2026-10-08T01:52:48.030174+00:00,0,PERP,OP|GATE|OKX,OP,GATE,OKX,2.6830910686492793,0.6390313845096108,-0.8118181636625199,5.469072907888199,-3.988713829694568,9.361973681405455,20.0,13.34710260974942,-42.523998275781466,-49.520894454817395,FLAT
2026-10-08T01:52:48.336122+00:00,0,PERP,OP|BITGET|GATE,OP,BITGET,GATE,-5.127068843016058,-0.5746120205573978,-1.0219448513561367,7.144166576393196,-17.554935902721613,7.316169089870428,21.999999999999996,24.883853616121034,-69.41684466748652,-61.2219675573476,FLAT
2026-10-08T01:52:48.809309+00:00,0,PERP,DOT|BITGET|HTX,DOT,BITGET,HTX,22.979364462916152,1.5250714057227668,4.806995890987616,11.915749324089012,-3.0663882295933753,49.04847657487777,21.999999999999996,51.995372273106646,-87.86875639368763,-124.23685295699678,FLAT
2026-10-08T01:52:49.256756+00:00,0,PERP,DOT|GATE|HTX,DOT,GATE,HTX,17.47771942569809,0.991044356542377,4.823279471995147,12.76879270858533,-12.016194506916378,47.01856878260857,20.0,58.93172675509782,-101.77120073400935,-127.12701606571125,FLAT
2026-10-08T01:52:49.717601+00:00,0,PERP,OP|GATE|HTX,OP,GATE,HTX,37.057053400588735,0.5194398911598888,32.095822201935896,9.551117045659714,13.985074602913539,60.157944326852956,20.0,46.002380353461994,-90.11312795248436,-100.06450247837907,FLAT
2026-10-08T01:53:00.030002+00:00,1,PERP,OP|GATE|OKX,OP,GATE,OKX,4.096537253146515,0.8974748553323497,-0.8118181636625199,5.469072907888199,-4.611615492692289,12.816222061375893,20.0,17.420693471283098,-47.220490800312874,-57.04873369632151,FLAT
2026-10-08T01:53:00.324576+00:00,1,PERP,OP|BITGET|GATE,OP,BITGET,GATE,-4.771693722884773,-0.524868622733281,-1.0219448513561367,7.144166576393196,-17.554935902721613,8.02735886057393,21.999999999999996,25.594497902628223,-70.12748895399369,-62.643801614558285,FLAT
2026-10-08T01:53:00.750874+00:00,1,PERP,DOT|BITGET|HTX,DOT,BITGET,HTX,14.002222174993584,0.7716867847678531,4.806995890987616,11.915749324089012,-12.016194506916378,40.043952850348234,21.999999999999996,51.987343083789824,-96.81053348169382,-115.22430004315044,FLAT
2026-10-08T01:53:01.201990+00:00,1,PERP,DOT|GATE|HTX,DOT,GATE,HTX,16.866978456755444,0.9432136036371314,4.823279471995147,12.76879270858533,-12.016194506916378,45.79258486846926,20.0,57.71140652285674,-100.55088050176828,-124.68071191933086,FLAT
2026-10-08T01:53:01.702795+00:00,1,PERP,OP|GATE|HTX,OP,GATE,HTX,35.627854702262596,0.36980307993730965,32.095822201935896,9.551117045659714,12.563365979043617,58.72122675963931,20.0,45.99397603727304,-91.52643226016532,-98.61938059497646,FLAT
2026-10-08T01:53:12.043203+00:00,2,PERP,OP|GATE|OKX,OP,GATE,OKX,4.179874966878661,0.9127128518147052,-0.8118181636625199,5.469072907888199,-3.410404270937084,11.779027399276831,20.0,15.183080149106388,-43.78166625638095,-53.77392571204574,FLAT
2026-10-08T01:53:12.372136+00:00,2,PERP,OP|BITGET|GATE,OP,BITGET,GATE,-2.4611815817066063,-0.20145621115641493,-1.0219448513561367,7.144166576393196,-14.76006152063225,9.85284335229819,21.999999999999996,24.61895472559245,-66.35707139486856,-63.49374292924677,FLAT
2026-10-08T01:53:12.862459+00:00,2,PERP,DOT|BITGET|HTX,DOT,BITGET,HTX,14.002222174993584,0.7716867847678531,4.806995890987616,11.915749324089012,-12.016194506916378,40.043952850348234,21.999999999999996,51.987343083789824,-96.81053348169382,-115.22430004315044,FLAT
2026-10-08T01:53:13.313123+00:00,2,PERP,DOT|GATE|HTX,DOT,GATE,HTX,18.488782310377427,1.070226696467085,4.823279471995147,12.76879270858533,-12.016194506916378,49.04847657487777,20.0,60.951929356497224,-103.79140333540876,-131.17712645937985,FLAT
2026-10-08T01:53:13.765895+00:00,2,PERP,OP|GATE|HTX,OP,GATE,HTX,35.33492617764145,0.33913352335866204,32.095822201935896,9.551117045659714,13.930765643441756,56.765281128514644,20.0,42.68367700889861,-86.84873356739276,-93.35313593547735,FLAT
2026-10-08T02:49:52.379608+00:00,0,PERP,OP|GATE|OKX,OP,GATE,OKX,0.32827051462902546,0.21670124604594798,-0.8508835477348233,5.441381089769222,-8.827107502645815,9.495978982156927,20.0,18.322476714188795,-52.29870066909979,-54.66933924408055,FLAT
2026-10-08T02:49:52.711761+00:00,0,PERP,OP|BITGET|GATE,OP,BITGET,GATE,-2.3495205859558332,-0.18734487130489286,-1.016519038760886,7.115228390883276,-13.427846500855267,8.737826766984647,21.999999999999996,22.170878689700967,-62.58220615179535,-59.9252244954465,FLAT
2026-10-08T02:49:53.120833+00:00,0,PERP,DOT|BITGET|HTX,DOT,BITGET,HTX,17.550424475498705,1.1108042939545708,4.5102903861081,11.73936233444549,-11.588549245757918,46.71546167951179,21.999999999999996,58.20185255242657,-102.30069218429259,-128.40702384583028,FLAT
2026-10-08T02:49:53.591309+00:00,0,PERP,DOT|GATE|HTX,DOT,GATE,HTX,18.845376544782688,1.116031244543615,4.641234625891968,12.727369406847837,-11.588549245757918,49.314403958906624,20.0,60.788374992098056,-103.01815886374794,-131.4615443251127,FLAT
2026-10-08T02:49:54.041998+00:00,0,PERP,OP|GATE|HTX,OP,GATE,HTX,45.14638534952597,1.3722267627118832,32.09784691129184,9.5090248877283,14.505403138247441,75.83050864036656,20.0,61.04945891341664,-104.64190268646104,-130.78212064249135,FLAT
2026-10-08T02:50:04.381184+00:00,1,PERP,OP|GATE|OKX,OP,GATE,OKX,0.5433811911093045,0.2562336134599352,-0.8508835477348233,5.441381089769222,-9.004610614679054,10.104916336106662,20.0,19.10847903351611,-53.26220610046035,-56.0642789173576,FLAT
2026-10-08T02:50:04.713349+00:00,1,PERP,OP|BITGET|GATE,OP,BITGET,GATE,-4.911810029647468,-0.5474583213488422,-1.016519038760886,7.115228390883276,-17.698233826858313,7.888792873009809,21.999999999999996,25.59959287619185,-70.28130766428927,-62.504904787962545,FLAT
2026-10-08T02:50:05.219798+00:00,1,PERP,DOT|BITGET|HTX,DOT,BITGET,HTX,26.3383263807504,1.8593885572979334,4.5102903861081,11.73936233444549,-2.6543708461579385,55.3569794690989,21.999999999999996,57.858947916468814,-93.02360914873485,-136.7056369994596,FLAT
2026-10-08T02:50:05.610324+00:00,1,PERP,DOT|GATE|HTX,DOT,GATE,HTX,26.177563117324443,1.6921272419299045,4.641234625891968,12.727369406847837,-2.6543708461579385,55.035309018109935,20.0,57.539045116776144,-90.83465058882607,-133.9331195089941,FLAT
2026-10-08T02:50:06.056399+00:00,1,PERP,OP|GATE|HTX,OP,GATE,HTX,45.80064094284353,1.4410304098830977,32.09784691129184,9.5090248877283,14.934026932682531,76.71209517443822,20.0,61.49637834112073,-104.66019831973004,-132.1106266042671,FLAT
2026-10-08T02:50:16.374540+00:00,2,PERP,OP|GATE|OKX,OP,GATE,OKX,0.4805643609206989,0.24468933285317665,-0.8508835477348233,5.441381089769222,-8.760735635197081,9.733962711491184,20.0,18.493801686319955,-52.40365377378221,-55.07864794554597,FLAT
2026-10-08T02:50:16.679254+00:00,2,PERP,OP|BITGET|GATE,OP,BITGET,GATE,-6.41709419529346,-0.7590164165991239,-1.016519038760886,7.115228390883276,-16.996047134174574,4.170473526110552,21.999999999999996,21.180108629280433,-65.15963672469411,-54.367101194151864,FLAT
2026-10-08T02:50:17.107803+00:00,2,PERP,DOT|BITGET|HTX,DOT,BITGET,HTX,16.143152158274443,0.9909279090937798,4.5102903861081,11.73936233444549,1.0982774427503728,31.20150794433174,21.999999999999996,30.054706694056964,-61.466719637414684,-84.7459242522806,FLAT
2026-10-08T02:50:17.491520+00:00,2,PERP,DOT|GATE|HTX,DOT,GATE,HTX,16.143152158274443,0.9037152269811529,4.641234625891968,12.727369406847837,1.0982774427503728,31.20150794433174,20.0,30.054706694056964,-59.597663877198556,-82.61498001249673,FLAT
2026-10-08T02:50:17.934727+00:00,2,PERP,OP|GATE|HTX,OP,GATE,HTX,48.79308974178764,1.7557260631467633,32.09784691129184,9.5090248877283,18.656346844043714,78.96915689472372,20.0,60.01992863465186,-99.46142870189999,-132.89123861808375,FLAT
2026-10-08T03:04:53.727307+00:00,0,PERP,OP|GATE|OKX,OP,GATE,OKX,1.225498031351968,0.41356428318716126,-1.0161341367004924,5.420275055614498,-9.473405535596058,11.941338005072577,20.0,21.41210609668338,-55.869377495578945,-60.36957823845645,FLAT
2026-10-08T03:04:54.029080+00:00,0,PERP,OP|BITGET|GATE,OP,BITGET,GATE,-2.9307416359980465,-0.2788683298920426,-0.9600604404812196,7.066708493860635,-12.655043214861994,6.801498148236718,21.999999999999996,19.462242004634106,-59.15722477901488,-55.223800593352045,FLAT
2026-10-08T03:04:54.487984+00:00,0,PERP,DOT|BITGET|HTX,DOT,BITGET,HTX,24.237915031994905,1.6408408655205367,4.9268867769998295,11.768983001815284,-0.00886177347170225,48.506457346264575,21.999999999999996,48.39800268735482,-81.33375123782635,-119.97757325661956,FLAT
2026-10-08T03:04:54.917100+00:00,0,PERP,DOT|GATE|HTX,DOT,GATE,HTX,24.237915031994905,1.5070749974320004,4.943763251198663,12.802383301211126,-0.00886177347170225,48.506457346264575,20.0,48.39800268735482,-79.35062771202519,-117.96069678242074,FLAT
2026-10-08T03:04:55.316652+00:00,0,PERP,OP|GATE|HTX,OP,GATE,HTX,43.62076982914908,1.2064269330738067,32.05015724404151,9.59081090441779,20.69456948231574,66.5728967235868,20.0,45.67905702652403,-83.03464478824979,-106.20179650606931,FLAT
2026-10-08T03:05:05.630486+00:00,1,PERP,OP|GATE|OKX,OP,GATE,OKX,0.8916843541073582,0.3519781692317754,-1.0161341367004924,5.420275055614498,-8.474343044264643,10.271416334755035,20.0,18.744077979816318,-52.20228688738047,-56.03162845127184,FLAT
2026-10-08T03:05:05.938299+00:00,1,PERP,OP|BITGET|GATE,OP,BITGET,GATE,-4.3976513300436615,-0.48644866171413853,-0.9600604404812196,7.066708493860635,-15.658020916780035,6.871910395129799,21.999999999999996,22.539839797192997,-65.23780027349181,-58.371810632804014,FLAT
2026-10-08T03:05:06.400113+00:00,1,PERP,DOT|BITGET|HTX,DOT,BITGET,HTX,21.607210387246667,1.4173122357024404,4.9268867769998295,11.768983001815284,-4.9466858043789586,48.18494311046084,21.999999999999996,53.01706313728348,-90.89063571866225,-124.27511947074449,FLAT
2026-10-08T03:05:06.802837+00:00,1,PERP,DOT|GATE|HTX,DOT,GATE,HTX,26.065170177160812,1.6498027303997396,4.943763251198663,12.802383301211126,-4.9466858043789586,57.132504223575964,20.0,61.9177507779903,-97.80819983356793,-140.1064917503676,FLAT
2026-10-08T03:05:07.257471+00:00,1,PERP,OP|GATE|HTX,OP,GATE,HTX,43.792740259469554,1.2243576828335851,32.05015724404151,9.59081090441779,18.022404113808843,69.60060691289405,20.0,51.35328538146423,-91.3810385116969,-114.90373505031678,FLAT
2026-10-08T03:05:17.586275+00:00,2,PERP,OP|GATE|OKX,OP,GATE,OKX,0.046516539757845976,0.1960510611648038,-1.0161341367004924,5.420275055614498,-10.343997799732163,10.454215242947651,20.0,20.79810209865583,-56.1259657616875,-58.26845147830397,FLAT
2026-10-08T03:05:17.900453+00:00,2,PERP,OP|BITGET|GATE,OP,BITGET,GATE,-7.075264122495817,-0.8653538896258873,-0.9600604404812196,7.066708493860635,-19.94743302366708,5.807421256536216,21.999999999999996,25.77308512446057,-72.76045770764642,-60.540566821478,FLAT
2026-10-08T03:05:18.402192+00:00,2,PERP,DOT|BITGET|HTX,DOT,BITGET,HTX,26.538181787119086,1.8362924822634092,4.9268867769998295,11.768983001815284,-3.59066427289223,56.694097789682374,21.999999999999996,60.125188588759286,-96.64273963865135,-139.89239960144184,FLAT
2026-10-08T03:05:18.799387+00:00,2,PERP,DOT|GATE|HTX,DOT,GATE,HTX,26.538181787119086,1.6867498830376024,4.943763251198663,12.802383301211126,-3.59066427289223,56.694097789682374,20.0,60.125188588759286,-94.65961611285019,-137.875523127243,FLAT
2026-10-08T03:05:19.197180+00:00,2,PERP,OP|GATE|HTX,OP,GATE,HTX,47.12403967042755,1.5717005138160527,32.05015724404151,9.59081090441779,17.457245581717906,76.84026022849233,20.0,59.10444946534208,-99.69736112766567,-129.89455244979288,FLAT
2026-10-08T03:27:43.701473+00:00,0,PERP,OP|GATE|OKX,OP,GATE,OKX,2.4067361886692673,0.6276203272127967,-0.9934926529966199,5.417652510979028,-7.872781571455212,12.701443321148087,20.0,20.569263199704118,-53.44855211816271,-60.26419917384882,FLAT
2026-10-08T03:27:44.039934+00:00,0,PERP,OP|BITGET|GATE,OP,BITGET,GATE,-6.711228526099511,-0.8075288517157845,-0.994157367270768,7.079711327566172,-18.168204950653745,4.755115826848844,21.999999999999996,22.938711642764652,-68.11275922614763,-56.687984836884254,FLAT
2026-10-08T03:27:44.447130+00:00,0,PERP,DOT|BITGET|HTX,DOT,BITGET,HTX,13.957676722196055,0.7871173188629452,4.702536987760809,11.758272258327445,-3.6003600360035026,31.5315315315301,21.999999999999996,35.08291684431466,-71.38581386807897,-89.91191138808395,FLAT
2026-10-08T03:27:44.838070+00:00,0,PERP,DOT|GATE|HTX,DOT,GATE,HTX,13.957676722196055,0.7221436169013622,4.719413461959643,12.792833785441143,-3.6003600360035026,31.5315315315301,20.0,35.08291684431466,-69.40269034227781,-87.89503491388511,FLAT
2026-10-08T03:27:45.235293+00:00,0,PERP,OP|GATE|HTX,OP,GATE,HTX,37.068392685475345,0.5505283630566443,31.76740498641411,9.62890934379672,9.081301631881367,65.09640458565391,20.0,55.80820102868757,-104.49430438322031,-115.13720062792737,FLAT
2026-10-08T03:27:55.584382+00:00,1,PERP,OP|GATE|OKX,OP,GATE,OKX,1.0297260178093737,0.3734493245378664,-0.9934926529966199,5.417652510979028,-7.979395044241944,10.050157376400026,20.0,18.027688967429583,-51.01359135867491,-55.07133899682623,FLAT
2026-10-08T03:27:55.930559+00:00,1,PERP,OP|BITGET|GATE,OP,BITGET,GATE,-5.8919602168383545,-0.6918082705571738,-0.994157367270768,7.079711327566172,-19.569291112054856,7.805704576844263,21.999999999999996,27.391119323598588,-73.96625306838268,-64.19098126771362,FLAT
2026-10-08T03:27:56.378521+00:00,1,PERP,DOT|BITGET|HTX,DOT,BITGET,HTX,13.867435212819856,0.7794425935807263,4.702536987760809,11.758272258327445,-3.6003600360035026,31.350967214121006,21.999999999999996,34.90291876821212,-71.20581579197643,-89.55134899457232,FLAT
2026-10-08T03:27:56.933235+00:00,1,PERP,DOT|GATE|HTX,DOT,GATE,HTX,13.957676722196055,0.7221436169013622,4.719413461959643,12.792833785441143,-3.6003600360035026,31.5315315315301,20.0,35.08291684431466,-69.40269034227781,-87.89503491388511,FLAT
2026-10-08T03:27:57.391829+00:00,1,PERP,OP|GATE|HTX,OP,GATE,HTX,38.46232824940898,0.6952940383957377,31.76740498641411,9.62890934379672,11.509459758873852,65.44900416052491,20.0,53.73285414495138,-99.99079937249164,-113.41445331906218,FLAT
2026-10-08T03:28:07.794235+00:00,2,PERP,OP|GATE|OKX,OP,GATE,OKX,0.9307986765172416,0.35518913876706376,-0.9934926529966199,5.417652510979028,-9.218404837050276,11.095079847225353,20.0,20.311582893457423,-54.536495077511084,-58.4001553936794,FLAT
2026-10-08T03:28:08.143071+00:00,2,PERP,OP|BITGET|GATE,OP,BITGET,GATE,-4.246457177389251,-0.4593831103614422,-0.994157367270768,7.079711327566172,-19.07952920671252,10.60866697473628,21.999999999999996,29.70079211551817,-75.78616395495993,-69.30361645752522,FLAT
2026-10-08T03:28:08.635511+00:00,2,PERP,DOT|BITGET|HTX,DOT,BITGET,HTX,13.867435212819856,0.7794425935807263,4.702536987760809,11.758272258327445,-3.6003600360035026,31.350967214121006,21.999999999999996,34.90291876821212,-71.20581579197643,-89.55134899457232,FLAT
2026-10-08T03:28:09.084558+00:00,2,PERP,DOT|GATE|HTX,DOT,GATE,HTX,9.976836101615039,0.41096622748578143,4.719413461959643,12.792833785441143,-11.361476618706456,31.350967214121006,20.0,42.66984279294049,-84.75073287360661,-95.30139654510187,FLAT
2026-10-08T03:28:09.487276+00:00,2,PERP,OP|GATE|HTX,OP,GATE,HTX,36.72310894114128,0.5146692920024015,31.76740498641411,9.62890934379672,8.706245139724622,64.78110957176986,20.0,55.86966347999294,-104.93082332668243,-114.88336806534869,FLAT
2026-10-08T03:51:37.697485+00:00,0,PERP,OP|GATE|OKX,OP,GATE,OKX,1.087240179882265,0.3720059368794698,-0.9366920216582876,5.440591132813851,-8.635333428501646,10.824051056734785,20.0,19.457258597345174,-53.15590000418853,-57.21800167573825,FLAT
2026-10-08T03:51:38.071270+00:00,0,PERP,OP|BITGET|GATE,OP,BITGET,GATE,-2.7054141198668002,-0.24170387379347302,-0.9942130359450831,7.079742070596166,-13.247387988413184,7.845186568538054,21.999999999999996,21.098278986785708,-61.3514539392538,-57.937678591268835,FLAT
2026-10-08T03:51:38.612588+00:00,0,PERP,DOT|BITGET|HTX,DOT,BITGET,HTX,16.20618677538488,0.9633211463372918,4.890461917437866,11.746575792477193,-8.401650093492474,40.83883436796887,21.999999999999996,49.16080104774165,-90.45291305867198,-113.10917349827264,FLAT
2026-10-08T03:51:39.498776+00:00,0,PERP,DOT|GATE|HTX,DOT,GATE,HTX,19.516418608189756,1.1540696370842338,4.781964802756481,12.767387107297955,-8.401650093492474,47.48112274131966,20.0,55.77388327116364,-94.9574981674126,-124.47304120972682,FLAT
2026-10-08T03:51:40.168360+00:00,0,PERP,OP|GATE|HTX,OP,GATE,HTX,35.50926670123245,0.38020231110002617,31.881257004003444,9.542313634896667,14.519114673670064,56.52518823321407,20.0,41.85742510355922,-85.2195674338926,-92.50135633276984,FLAT
2026-10-08T03:51:50.536040+00:00,1,PERP,OP|GATE|OKX,OP,GATE,OKX,1.809812895277041,0.5048173718422483,-0.9366920216582876,5.440591132813851,-7.171271388022316,10.802704827144183,20.0,17.97071609499251,-50.20529546135654,-55.71011294379498,FLAT
2026-10-08T03:51:50.899522+00:00,1,PERP,OP|BITGET|GATE,OP,BITGET,GATE,-3.291189291165786,-0.3244434941719961,-0.9942130359450831,7.079742070596166,-13.939510503017116,7.365845767828283,21.999999999999996,21.31236701030745,-62.25766447737948,-57.67242581408081,FLAT
2026-10-08T03:51:51.905047+00:00,1,PERP,DOT|BITGET|HTX,DOT,BITGET,HTX,16.536807622338223,0.9914672931629125,4.890461917437866,11.746575792477193,-8.401650093492474,41.50205832052612,21.999999999999996,49.82130549459298,-91.11341750552332,-114.43290189768123,FLAT
2026-10-08T03:51:52.946051+00:00,1,PERP,DOT|GATE|HTX,DOT,GATE,HTX,24.721014469448743,1.5617173270555038,4.781964802756481,12.767387107297955,0.6160379479380751,48.84776603750085,20.0,48.112778589275436,-78.27870544409384,-118.1785798240198,FLAT
2026-10-08T03:51:53.462199+00:00,1,PERP,OP|GATE|HTX,OP,GATE,HTX,37.94651212472022,0.6356168276146226,31.881257004003444,9.542313634896667,16.05554675650378,59.86558046025658,20.0,43.64440039955688,-85.47011064705654,-97.62872385581001,FLAT
2026-10-08T03:52:03.855123+00:00,2,PERP,OP|GATE|OKX,OP,GATE,OKX,2.4090908697460556,0.6149667949177277,-0.9366920216582876,5.440591132813851,-6.115033928214553,10.943944918473392,20.0,17.05486342694587,-48.233205333502134,-54.93550036707755,FLAT
2026-10-08T03:52:04.204703+00:00,2,PERP,OP|BITGET|GATE,OP,BITGET,GATE,-5.566134336543183,-0.6457751221737814,-0.9942130359450831,7.079742070596166,-18.679967114876295,7.565144335990315,21.999999999999996,26.2597163649616,-71.94547044389282,-62.819073736896996,FLAT
2026-10-08T03:52:04.769691+00:00,2,PERP,DOT|BITGET|HTX,DOT,BITGET,HTX,18.251458786509023,1.1374375907596732,4.890461917437866,11.746575792477193,-4.223665915853436,40.746886221212364,21.999999999999996,44.8886147009263,-82.0027425342176,-108.7450390047008,FLAT
2026-10-08T03:52:05.317146+00:00,2,PERP,DOT|GATE|HTX,DOT,GATE,HTX,21.30961406735077,1.2945208855731283,4.781964802756481,12.767387107297955,-4.295643566954999,46.93800201568399,20.0,51.124690397890795,-86.20229876760227,-119.2807276108183,FLAT
2026-10-08T03:52:05.826680+00:00,2,PERP,OP|GATE|HTX,OP,GATE,HTX,43.59873171578155,1.2279490236965986,31.881257004003444,9.542313634896667,21.42939587845616,65.79552226341434,20.0,44.17351845737816,-80.62537958292543,-104.08778371678905,FLAT
2026-10-08T04:08:14.685593+00:00,0,PERP,OP|GATE|OKX,OP,GATE,OKX,0.99027269227836,0.34950157589074143,-0.9282176112754897,5.48921789169155,-7.85083945856635,9.843122592190223,20.0,17.692202253739605,-50.61482410103047,-54.46354245720532,FLAT
2026-10-08T04:08:15.033664+00:00,0,PERP,OP|BITGET|GATE,OP,BITGET,GATE,-10.082598022391753,-1.299903356472517,-1.0521727159276684,6.946997452925655,-20.80935793355554,0.652954314928067,21.999999999999996,21.483970069919682,-69.24115528754754,-51.18909710077541,FLAT
2026-10-08T04:08:15.458094+00:00,0,PERP,DOT|BITGET|HTX,DOT,BITGET,HTX,17.898014845818544,1.0893755958182936,4.99749114397732,11.842126582752101,-2.6978417266199095,38.51240954298562,21.999999999999996,41.13661655299157,-76.8319494235888,-102.65153495199988,FLAT
2026-10-08T04:08:15.854053+00:00,0,PERP,DOT|GATE|HTX,DOT,GATE,HTX,17.898014845818544,1.0010944299494673,5.014367618176154,12.869562393122818,-2.6978417266199095,38.51240954298562,20.0,41.13661655299157,-74.84882589778763,-100.63465847780104,FLAT
2026-10-08T04:08:16.257411+00:00,0,PERP,OP|GATE|HTX,OP,GATE,HTX,33.907877641989884,0.25327078260971453,31.544989001141523,9.329495556104185,9.64766246784654,58.20021302381795,20.0,48.38845432780679,-96.28578086110177,-101.04367835048322,FLAT
2026-10-08T04:08:26.646725+00:00,1,PERP,OP|GATE|OKX,OP,GATE,OKX,5.827936562585734,1.2308045166301926,-0.9282176112754897,5.48921789169155,-3.7923835369135794,15.461646161127884,20.0,19.242805801662186,-48.10697172730028,-61.63266957406556,FLAT
2026-10-08T04:08:26.993293+00:00,1,PERP,OP|BITGET|GATE,OP,BITGET,GATE,-4.002094079118557,-0.4246325672609193,-1.0521727159276684,6.946997452925655,-18.359077985043992,10.377452122198871,21.999999999999996,28.748017619717594,-74.05492288883391,-68.17764245784413,FLAT
2026-10-08T04:08:27.470713+00:00,1,PERP,DOT|BITGET|HTX,DOT,BITGET,HTX,17.898014845818544,1.0893755958182936,4.99749114397732,11.842126582752101,-2.6978417266199095,38.51240954298562,21.999999999999996,41.13661655299157,-76.8319494235888,-102.65153495199988,FLAT
2026-10-08T04:08:27.872119+00:00,1,PERP,DOT|GATE|HTX,DOT,GATE,HTX,17.898014845818544,1.0010944299494673,5.014367618176154,12.869562393122818,-2.6978417266199095,38.51240954298562,20.0,41.13661655299157,-74.84882589778763,-100.63465847780104,FLAT
2026-10-08T04:08:28.324964+00:00,1,PERP,OP|GATE|HTX,OP,GATE,HTX,34.454807806625354,0.3118945486371949,31.544989001141523,9.329495556104185,10.68655359757198,58.25378019987504,20.0,47.40387761571759,-94.26231301928713,-100.1126688144511,FLAT
2026-10-08T04:08:38.697755+00:00,2,PERP,OP|GATE|OKX,OP,GATE,OKX,0.10365343209306488,0.18798143264277942,-0.9282176112754897,5.48921789169155,-9.296707167569807,9.516709294012937,20.0,18.8132128894319,-53.181702445726216,-55.25813979472032,FLAT
2026-10-08T04:08:39.152426+00:00,2,PERP,OP|BITGET|GATE,OP,BITGET,GATE,-7.036342078964308,-0.8614037076573953,-1.0521727159276684,6.946997452925655,-21.131328635702886,7.078242451465933,21.999999999999996,28.229420657956158,-76.30857657773137,-64.35983582534976,FLAT
2026-10-08T04:08:39.601111+00:00,2,PERP,DOT|BITGET|HTX,DOT,BITGET,HTX,17.898014845818544,1.0893755958182936,4.99749114397732,11.842126582752101,-2.6978417266199095,38.51240954298562,21.999999999999996,41.13661655299157,-76.8319494235888,-102.65153495199988,FLAT
2026-10-08T04:08:40.019011+00:00,2,PERP,DOT|GATE|HTX,DOT,GATE,HTX,17.898014845818544,1.0010944299494673,5.014367618176154,12.869562393122818,-2.6978417266199095,38.51240954298562,20.0,41.13661655299157,-74.84882589778763,-100.63465847780104,FLAT
2026-10-08T04:08:40.415565+00:00,2,PERP,OP|GATE|HTX,OP,GATE,HTX,36.302925606579436,0.5099886244465648,31.544989001141523,9.329495556104185,11.203067283964696,61.43879004275821,20.0,50.0539863374235,-96.39590805460034,-105.9477873790402,FLAT
2026-10-08T04:31:33.489040+00:00,0,PERP,OP|GATE|OKX,OP,GATE,OKX,-2.1688689654053572,-0.18763303798318456,-1.1343639333936641,5.513448181254754,-12.179951535048472,7.857293261810394,20.0,20.041580204320873,-57.08716780597568,-55.033237399524936,FLAT
2026-10-08T04:31:33.859161+00:00,0,PERP,OP|BITGET|GATE,OP,BITGET,GATE,-2.26304933422683,-0.19054611778650782,-0.9259085462715034,7.017412915509984,-13.206992728390654,8.689961121570722,21.999999999999996,21.901906605001614,-62.182990787120765,-59.51777627284384,FLAT
2026-10-08T04:31:34.276911+00:00,0,PERP,DOT|BITGET|HTX,DOT,BITGET,HTX,18.568571261297073,1.1448962418756823,5.0106049780467465,11.84209169997652,-2.87998006384127,40.0366035594879,21.999999999999996,42.83703253128192,-78.72761757316994,-105.86303111272308,FLAT
2026-10-08T04:31:34.740995+00:00,0,PERP,DOT|GATE|HTX,DOT,GATE,HTX,18.471738812679828,1.0446593633877406,5.02748145224558,12.869513098351673,-2.87998006384127,39.84285071270577,20.0,42.64405099634957,-76.55151251243642,-103.45942025680975,FLAT
2026-10-08T04:31:35.150739+00:00,0,PERP,OP|GATE|HTX,OP,GATE,HTX,42.55427862991379,1.130210997019308,31.835196901319748,9.48414212643776,19.43341421302147,65.71121718218942,20.0,46.081677594113394,-84.48346028241167,-105.95769787498305,FLAT
2026-10-08T04:31:45.535793+00:00,1,PERP,OP|GATE|OKX,OP,GATE,OKX,0.6632986690635612,0.32605051201335716,-1.1343639333936641,5.513448181254754,-10.082803516174854,11.426771956108972,20.0,21.50813481168886,-56.45657439447005,-60.0692707011915,FLAT
2026-10-08T04:31:45.868195+00:00,1,PERP,OP|BITGET|GATE,OP,BITGET,GATE,-0.2731119414312033,0.09302525199813737,-0.9259085462715034,7.017412915509984,-15.951592795860892,15.428742409302476,21.999999999999996,31.38117485288262,-74.406859102472,-75.7358258084566,FLAT
2026-10-08T04:31:46.282654+00:00,1,PERP,DOT|BITGET|HTX,DOT,BITGET,HTX,28.341613383444653,1.9701762996349848,5.0106049780467465,11.84209169997652,-1.3828604291454827,58.11372032273887,21.999999999999996,59.328396369415294,-93.72186177660751,-140.43151171410742,FLAT
2026-10-08T04:31:46.734548+00:00,1,PERP,DOT|GATE|HTX,DOT,GATE,HTX,22.93345682228276,1.3913483154487465,5.02748145224558,12.869513098351673,-7.688760594745103,53.597627262313985,20.0,61.14612992546106,-99.86237197245174,-135.71627573552945,FLAT
2026-10-08T04:31:47.132767+00:00,1,PERP,OP|GATE|HTX,OP,GATE,HTX,34.95113012269569,0.32854138833390545,31.835196901319748,9.48414212643776,4.868685529746397,65.08114759651518,20.0,60.00270823389599,-112.96921960546933,-119.24865892909142,FLAT
2026-10-08T04:31:57.486945+00:00,2,PERP,OP|GATE|OKX,OP,GATE,OKX,-2.0402786127138306,-0.16431000157037803,-1.1343639333936641,5.513448181254754,-11.04764881848852,6.979033716447702,20.0,18.030353318072695,-53.94363820316755,-52.143750967914066,FLAT
2026-10-08T04:31:57.822164+00:00,2,PERP,OP|BITGET|GATE,OP,BITGET,GATE,-0.6780048575838471,0.03532693482233832,-0.9259085462715034,7.017412915509984,-14.306535121337838,12.97037549995439,21.999999999999996,27.278745688087074,-68.6593722631534,-69.17502973431297,FLAT
2026-10-08T04:31:58.233570+00:00,2,PERP,DOT|BITGET|HTX,DOT,BITGET,HTX,31.77860424511847,2.260411415926191,5.0106049780467465,11.84209169997652,-1.9390022537646434,65.52691894663897,21.999999999999996,67.25218915269947,-102.20179638451086,-155.7685031212917,FLAT
2026-10-08T04:31:58.659732+00:00,2,PERP,DOT|GATE|HTX,DOT,GATE,HTX,31.77860424511847,2.0786429594060687,5.02748145224558,12.869513098351673,-1.9390022537646434,65.52691894663897,20.0,67.25218915269947,-100.2186728587097,-153.75162664709285,FLAT
2026-10-08T04:31:59.064311+00:00,2,PERP,OP|GATE|HTX,OP,GATE,HTX,40.402061121775915,0.9032829860884717,31.835196901319748,9.48414212643776,19.787776260475898,61.04358737646365,20.0,41.08978194023418,-79.13720258107804,-96.29817241537809,FLAT
2026-10-08T04:52:59.732401+00:00,0,PERP,OP|GATE|OKX,OP,GATE,OKX,1.992538779573838,0.5660449498278187,-1.1114546744202103,5.483651881247647,-6.696317918758465,10.69264850219298,20.0,17.38549501141334,-48.97035825575159,-55.18959818802653,FLAT
2026-10-08T04:53:00.048144+00:00,0,PERP,OP|BITGET|GATE,OP,BITGET,GATE,-3.744664738872805,-0.403236254734766,-0.9028089152864225,7.0476198263860255,-17.603641056211927,10.134846582841028,21.999999999999996,27.74886345589235,-72.44969559681786,-66.7865189540198,FLAT
2026-10-08T04:53:00.559984+00:00,0,PERP,DOT|BITGET|HTX,DOT,BITGET,HTX,21.568287363569194,1.3471592770669751,5.28981052190051,12.08355768971139,-0.8297535333912087,43.98674580009087,21.999999999999996,44.72003657167284,-78.83960062696455,-111.4169718498632,FLAT
2026-10-08T04:53:01.526333+00:00,0,PERP,DOT|GATE|HTX,DOT,GATE,HTX,21.17887691058362,1.2365775562101915,5.179755624615812,12.938227129886792,-1.6064497729362248,43.98674580009087,20.0,45.49682725727073,-78.28303265482276,-110.30381743274579,FLAT
2026-10-08T04:53:01.999787+00:00,0,PERP,OP|GATE|HTX,OP,GATE,HTX,30.614293374342516,-0.08128336471539657,31.38742238537465,9.511528142801987,3.964799318221246,57.29835782493531,20.0,53.17075758130096,-106.59338064845437,-105.08169302086162,FLAT
2026-10-08T04:53:12.333341+00:00,1,PERP,OP|GATE|OKX,OP,GATE,OKX,2.3389880226498683,0.6292235123220531,-1.1114546744202103,5.483651881247647,-7.325129524256013,12.016114998880667,20.0,19.336712938656714,-51.55038778849252,-58.46428261195759,FLAT
2026-10-08T04:53:12.639623+00:00,1,PERP,OP|BITGET|GATE,OP,BITGET,GATE,-2.8402605910160528,-0.2749086533407894,-0.9028089152864225,7.0476198263860255,-13.674737236161194,8.00319242251657,21.999999999999996,21.684084786902915,-62.456013107777686,-58.590086124705905,FLAT
2026-10-08T04:53:13.653397+00:00,1,PERP,DOT|BITGET|HTX,DOT,BITGET,HTX,21.568287363569194,1.3471592770669751,5.28981052190051,12.08355768971139,-0.8297535333912087,43.98674580009087,21.999999999999996,44.72003657167284,-78.83960062696455,-111.4169718498632,FLAT
2026-10-08T04:53:14.128759+00:00,1,PERP,DOT|GATE|HTX,DOT,GATE,HTX,21.568287363569194,1.2666752233075675,5.179755624615812,12.938227129886792,-0.8297535333912087,43.98674580009087,20.0,44.72003657167284,-76.72954572967986,-109.5270267471479,FLAT
2026-10-08T04:53:14.597339+00:00,1,PERP,OP|GATE|HTX,OP,GATE,HTX,33.87703944899067,0.26174732663752714,31.38742238537465,9.511528142801987,7.674662004062416,60.114558208956836,20.0,52.26282168859578,-101.97558206990801,-106.98995751217797,FLAT
2026-10-08T04:53:24.930930+00:00,2,PERP,OP|GATE|OKX,OP,GATE,OKX,1.1228077218627952,0.407440597008624,-1.1114546744202103,5.483651881247647,-8.510869365201401,10.769773885446199,20.0,19.27846948978519,-52.67788418056639,-57.1596980496516,FLAT
2026-10-08T04:53:25.231075+00:00,2,PERP,OP|BITGET|GATE,OP,BITGET,GATE,-3.62221026759757,-0.3858609600548841,-0.9028089152864225,7.0476198263860255,-18.430395538528987,11.209487901520099,21.999999999999996,29.65060486013696,-75.17819148337952,-69.76290167694347,FLAT
2026-10-08T04:53:25.654574+00:00,2,PERP,DOT|BITGET|HTX,DOT,BITGET,HTX,16.548903325437347,0.9317696900742612,5.28981052190051,12.08355768971139,-2.7297543221105336,35.845118948987235,21.999999999999996,38.51113357665104,-74.53069842066208,-97.06644200373776,FLAT
2026-10-08T04:53:26.106512+00:00,2,PERP,DOT|GATE|HTX,DOT,GATE,HTX,16.548903325437347,0.878725314271169,5.179755624615812,12.938227129886792,-2.7297543221105336,35.845118948987235,20.0,38.51113357665104,-72.4206435233774,-95.17649690102247,FLAT
2026-10-08T04:53:26.509605+00:00,2,PERP,OP|GATE|HTX,OP,GATE,HTX,30.562967041189992,-0.08667958836967507,31.38742238537465,9.511528142801987,4.995545578512228,56.16538159509466,20.0,51.01389847636791,-103.40577528323033,-101.79185768608792,FLAT
2026-10-08T05:54:24.440849+00:00,0,PERP,OP|GATE|OKX,OP,GATE,OKX,-0.0773774523366022,0.18262606896417194,-1.070705372418521,5.43913541870516,-8.283757016994686,8.1383582863781,20.0,16.42223704396615,-49.63528868854232,-51.63130070276277,FLAT
2026-10-08T05:54:24.793124+00:00,0,PERP,OP|BITGET|GATE,OP,BITGET,GATE,-5.914669722559829,-0.684860314225289,-1.363187707514205,6.645854520267012,-16.690244090162842,4.869854457640876,21.999999999999996,21.57285446356088,-64.89991084620951,-55.805896628715956,FLAT
2026-10-08T05:54:25.249587+00:00,0,PERP,DOT|GATE|HTX,DOT,GATE,HTX,39.69826807605381,2.6723756443032336,5.115813546838797,12.940716101396617,-3.4777287686882374,82.95194330146583,20.0,86.08784840854595,-120.68139072407298,-189.923978163173,FLAT
2026-10-08T05:54:25.715515+00:00,0,PERP,OP|GATE|HTX,OP,GATE,HTX,41.962333818168496,1.1579278796399162,31.303057634773275,9.205475030716045,20.61639579233665,63.3373170865581,20.0,42.542383775902096,-79.22904561833872,-100.57664322768693,FLAT
2026-10-08T05:54:36.095598+00:00,1,PERP,OP|GATE|OKX,OP,GATE,OKX,1.8225553594919397,0.5319339397141228,-1.070705372418521,5.43913541870516,-8.396799053728143,12.058263944050296,20.0,20.451322555587208,-53.77741623689683,-59.58029187205603,FLAT
2026-10-08T05:54:36.455683+00:00,1,PERP,OP|BITGET|GATE,OP,BITGET,GATE,-2.324098272246111,-0.14458796258653275,-1.363187707514205,6.645854520267012,-13.812315984109702,9.173661148682566,21.999999999999996,22.991316579847208,-63.4404448564427,-61.52816543604398,FLAT
2026-10-08T05:54:36.899899+00:00,1,PERP,DOT|GATE|HTX,DOT,GATE,HTX,38.05292778945591,2.5452311900314695,5.115813546838797,12.940716101396617,-3.4777287686882374,79.64465568915725,20.0,82.8072338188618,-117.40077613438883,-183.33607596118026,FLAT
2026-10-08T05:54:37.347228+00:00,1,PERP,OP|GATE|HTX,OP,GATE,HTX,38.62282556255536,0.7951537431102806,31.303057634773275,9.205475030716045,16.93501304336653,60.341662782581466,20.0,43.23962391925134,-83.60766851065809,-98.27822906705953,FLAT
2026-10-08T05:54:47.710307+00:00,2,PERP,OP|GATE|OKX,OP,GATE,OKX,3.122537514295143,0.7709392327856229,-1.070705372418521,5.43913541870516,-6.29540074199797,12.553331684641567,20.0,18.84283991072051,-50.067535280299964,-58.4668769677806,FLAT
2026-10-08T05:54:48.048965+00:00,2,PERP,OP|BITGET|GATE,OP,BITGET,GATE,-5.611963620998361,-0.6393122059062846,-1.363187707514205,6.645854520267012,-21.029956654041726,9.831640696151833,21.999999999999996,30.878905225293924,-78.54567417182145,-70.07373362895996,FLAT
2026-10-08T05:54:48.510866+00:00,2,PERP,DOT|GATE|HTX,DOT,GATE,HTX,35.248852168852096,2.328544910954442,5.115813546838797,12.940716101396617,-3.4777287686882374,74.01070321653603,20.0,77.21623755719638,-111.80977987272341,-172.11112722689361,FLAT
2026-10-08T05:54:48.981472+00:00,2,PERP,OP|GATE|HTX,OP,GATE,HTX,37.58748252418176,0.6826833887919038,31.303057634773275,9.205475030716045,15.908668735475917,59.29727880651603,20.0,43.22611187491094,-84.6205007742083,-97.2203330466537,FLAT
2026-10-08T06:18:02.235390+00:00,0,PERP,OP|GATE|OKX,OP,GATE,OKX,-2.5046005198026133,-0.25162949301135557,-1.153655624257911,5.368785985209359,-12.060402335213327,7.064180553164601,20.0,19.12936522156826,-56.03611193252368,-53.34720139899078,FLAT
2026-10-08T06:18:02.916605+00:00,0,PERP,OP|BITGET|GATE,OP,BITGET,GATE,-2.542138138044159,-0.1601109991461578,-1.4405583111138591,6.880100885041128,-16.74343778461429,11.680483585432277,21.999999999999996,28.431132962127528,-71.73401243562795,-69.55217485867365,FLAT
2026-10-08T06:18:03.393718+00:00,0,PERP,DOT|GATE|HTX,DOT,GATE,HTX,20.809425267813708,1.2054075445582,5.1102451151863795,13.02396042193457,-3.536664821349733,45.177548017689695,20.0,48.6130419277154,-83.25995186425152,-114.68034483021871,FLAT
2026-10-08T06:18:04.530509+00:00,0,PERP,AVAX|HTX|OKX,AVAX,HTX,OKX,3.5981298251974714,0.9653276276855763,-4.600852274905285,8.493470884864497,-17.818013005942433,25.103391011489506,20.0,42.9057809226532,-82.12294165369036,-98.61002420904799,FLAT
2026-10-08T06:18:05.018954+00:00,0,PERP,OP|GATE|HTX,OP,GATE,HTX,28.875366154532678,-0.23014446399524324,31.01598220680269,9.301184200173745,5.467949358772817,52.31405826556568,20.0,46.71120770422619,-98.25924055225606,-94.00928376298917,FLAT
2026-10-08T06:18:15.334723+00:00,1,PERP,OP|GATE|OKX,OP,GATE,OKX,-1.919292850335319,-0.14260900475204014,-1.153655624257911,5.368785985209359,-10.159520916660503,6.330140945929319,20.0,16.49282217885067,-51.49868747125326,-49.976618749037904,FLAT
2026-10-08T06:18:15.681139+00:00,1,PERP,OP|BITGET|GATE,OP,BITGET,GATE,-2.996366145987528,-0.22613154383482104,-1.4405583111138591,6.880100885041128,-12.919210484935162,6.934685673798402,21.999999999999996,19.859843502084534,-59.33849567590583,-56.23508748699679,FLAT
2026-10-08T06:18:16.138337+00:00,1,PERP,DOT|GATE|HTX,DOT,GATE,HTX,18.10984786137837,0.9981297796558444,5.1102451151863795,13.02396042193457,-8.989324907109353,45.2488687782826,20.0,54.1401174803593,-94.23968750265503,-120.2787411434555,FLAT
2026-10-08T06:18:16.632565+00:00,1,PERP,AVAX|HTX|OKX,AVAX,HTX,OKX,-2.1483150509182813,0.28875559323544214,-4.600852274905285,8.493470884864497,-24.51995622049119,20.317815424331087,20.0,44.84720711488693,-90.76631106047283,-95.7658748141233,FLAT
2026-10-08T06:18:17.087446+00:00,1,PERP,OP|GATE|HTX,OP,GATE,HTX,36.746771617779395,0.616135460565296,31.01598220680269,9.301184200173745,14.28468965555485,59.234534359258184,20.0,44.78525866454223,-87.51655121579006,-99.00381081699771,FLAT
2026-10-08T06:18:27.433404+00:00,2,PERP,OP|GATE|OKX,OP,GATE,OKX,-2.153982693170464,-0.1863227686237422,-1.153655624257911,5.368785985209359,-11.27073298323955,6.974922592075661,20.0,18.249578405434285,-54.366655764415924,-52.37815662176786,FLAT
2026-10-08T06:18:27.755947+00:00,2,PERP,OP|BITGET|GATE,OP,BITGET,GATE,-1.246640894015938,0.028185257794626366,-1.4405583111138591,6.880100885041128,-14.91322700029829,12.439204197693954,21.999999999999996,27.35582792702206,-68.82849661620648,-69.23559043582986,FLAT
2026-10-08T06:18:28.206569+00:00,2,PERP,DOT|GATE|HTX,DOT,GATE,HTX,25.37938855546873,1.5562964554273104,5.1102451151863795,13.02396042193457,-3.536664821349733,54.34782608695565,20.0,57.737908221118936,-92.38481815765505,-132.9754891928882,FLAT
2026-10-08T06:18:28.730409+00:00,2,PERP,AVAX|HTX|OKX,AVAX,HTX,OKX,-3.0035440793751977,0.18806306834777245,-4.600852274905285,8.493470884864497,-22.017117373391848,16.07911884503821,20.0,38.107556693193686,-81.52382179168025,-84.78752781313719,FLAT
2026-10-08T06:18:29.189721+00:00,2,PERP,OP|GATE|HTX,OP,GATE,HTX,35.10829661920623,0.4399777839392854,31.01598220680269,9.301184200173745,16.17236617477591,54.068126175359495,20.0,37.76316488909478,-78.60678092112155,-86.81530885765159,FLAT
2026-10-08T06:47:26.306436+00:00,0,PERP,OP|GATE|OKX,OP,GATE,OKX,-1.3330121082988367,-0.03986429897642874,-1.1192270033506968,5.362821131623267,-10.395108388847607,7.741950867652392,20.0,18.139468141745404,-53.41534952724231,-53.00064601274849,FLAT
2026-10-08T06:47:26.548385+00:00,0,PERP,OP|BITGET|GATE,OP,BITGET,GATE,-1.2943432356460338,0.027942553914826838,-1.486471993391195,6.875848153708457,-12.495591548333795,9.916169963981591,21.999999999999996,22.414658908481332,-61.42377846342393,-61.817300865854115,FLAT
2026-10-08T06:47:27.001013+00:00,0,PERP,DOT|GATE|HTX,DOT,GATE,HTX,22.763618478809367,1.3376073352060434,5.38796794594679,12.990098121872254,-2.7082404700307094,48.258696989134094,20.0,50.85117121470272,-84.94737963068022,-119.72190025789001,FLAT
2026-10-08T06:47:27.402617+00:00,0,PERP,AVAX|HTX|OKX,AVAX,HTX,OKX,-11.446999591550044,-0.7057360200513796,-4.961120381580978,9.190234061592713,-26.835631218864453,3.986927516157479,20.0,30.857815110468433,-78.73232594775192,-65.8058630082069,FLAT
2026-10-08T06:47:27.803774+00:00,0,PERP,OP|GATE|HTX,OP,GATE,HTX,37.77015252685034,0.7223231099251813,31.142355843690154,9.175667498505891,16.411150287780618,59.159441388525465,20.0,42.58741632203572,-83.31862187794526,-96.60450186687103,FLAT
2026-10-08T06:47:38.057490+00:00,1,PERP,OP|GATE|OKX,OP,GATE,OKX,-0.5405781077594263,0.10790009239337055,-1.1192270033506968,5.362821131623267,-9.516408331798898,8.44747786251654,20.0,17.964849014204624,-52.36203034265283,-53.53155388007186,FLAT
2026-10-08T06:47:38.452126+00:00,1,PERP,OP|BITGET|GATE,OP,BITGET,GATE,-5.181530893916264,-0.5373968153342881,-1.486471993391195,6.875848153708457,-16.11101967080808,5.756997989490031,21.999999999999996,21.879350776372494,-64.50389845378938,-57.12282075925371,FLAT
2026-10-08T06:47:38.862922+00:00,1,PERP,DOT|GATE|HTX,DOT,GATE,HTX,20.799300806009224,1.1863907967033285,5.38796794594679,12.990098121872254,-12.495774015645056,54.154332523495,20.0,66.51171289094741,-110.39545485253925,-141.2780774684956,FLAT
2026-10-08T06:47:39.356119+00:00,1,PERP,AVAX|HTX|OKX,AVAX,HTX,OKX,-14.10297557054907,-0.9947358389024276,-4.961120381580978,9.190234061592713,-32.44709487562281,4.302512467677655,20.0,36.80140579540117,-90.287380289443,-72.06503864465981,FLAT
2026-10-08T06:47:39.747194+00:00,1,PERP,OP|GATE|HTX,OP,GATE,HTX,36.07916655060217,0.538032868749428,31.142355843690154,9.175667498505891,16.792036974695446,55.39276720157859,20.0,38.46194458346611,-78.81226345246081,-88.71235594135455,FLAT
2026-10-08T06:47:50.007381+00:00,2,PERP,OP|GATE|OKX,OP,GATE,OKX,-1.7325483865593405,-0.11436543717485466,-1.1192270033506968,5.362821131623267,-9.806961433881378,6.351907022930092,20.0,16.1616623019104,-50.84939673244108,-49.63279632819118,FLAT
2026-10-08T06:47:50.249543+00:00,2,PERP,OP|BITGET|GATE,OP,BITGET,GATE,-1.4269328551352878,0.008659170028906909,-1.486471993391195,6.875848153708457,-11.726961376556932,8.881629244184008,21.999999999999996,20.611528213847304,-58.85201759701304,-58.979629451422504,FLAT
2026-10-08T06:47:50.699810+00:00,2,PERP,DOT|GATE|HTX,DOT,GATE,HTX,25.48894637457222,1.5474077439630831,5.38796794594679,12.990098121872254,-3.3913945935981626,54.39563801880709,20.0,57.64010204957639,-92.41946458912135,-132.6477721224367,FLAT
2026-10-08T06:47:51.105414+00:00,2,PERP,AVAX|HTX|OKX,AVAX,HTX,OKX,-12.66311429626299,-0.8380628679382316,-4.961120381580978,9.190234061592713,-31.0351606693815,5.773103887825037,20.0,36.85482236237356,-88.92886265017408,-73.58904663177958,FLAT
2026-10-08T06:47:51.554366+00:00,2,PERP,OP|GATE|HTX,OP,GATE,HTX,37.66074622650662,0.7103995849760115,31.142355843690154,9.175667498505891,17.19491226050085,58.1521693135234,20.0,40.80357176939515,-80.75101535258446,-93.8133852392284,FLAT
2026-10-08T07:08:12.687652+00:00,0,PERP,OP|GATE|OKX,OP,GATE,OKX,-0.3787928380283301,0.17129871503962554,-1.3112060491882183,5.443200265362168,-11.001050803154389,10.260480756829615,20.0,21.262323343934554,-56.952168097900724,-58.83401014995239,FLAT
2026-10-08T07:08:13.047399+00:00,0,PERP,OP|BITGET|GATE,OP,BITGET,GATE,-3.236891389906127,-0.2573933378566964,-1.154902266411662,8.088745189875938,-18.367191936616845,11.915039750289846,21.999999999999996,30.2920214345126,-75.50431110471777,-71.3619634512141,FLAT
2026-10-08T07:08:13.504184+00:00,0,PERP,DOT|GATE|HTX,DOT,GATE,HTX,19.66049577307505,1.0839656813442589,5.585376423921666,12.984838534462087,-3.5490906661306276,42.89118183631313,20.0,46.34913821247171,-81.483605302524,-109.65494362486317,FLAT
2026-10-08T07:08:13.985345+00:00,0,PERP,AVAX|HTX|OKX,AVAX,HTX,OKX,-6.25997305570225,-0.23109460786327218,-4.321436515713638,8.388497498546366,-23.48618308971262,11.02106022584648,20.0,34.52877113303439,-79.69351770703337,-75.87126787459451,FLAT
2026-10-08T07:08:14.453204+00:00,0,PERP,OP|GATE|HTX,OP,GATE,HTX,33.2816158451199,0.2631109236824866,30.818180678293857,9.362724786747492,7.16047400721731,59.443742405640435,20.0,52.10980641471628,-101.76751308579281,-106.73536814206285,FLAT
2026-10-08T07:08:24.859087+00:00,1,PERP,OP|GATE|OKX,OP,GATE,OKX,1.6974397590474588,0.552734726183273,-1.3112060491882183,5.443200265362168,-7.407997962327606,10.814966430034989,20.0,18.21986366056477,-50.31665557370415,-56.34603613978798,FLAT
2026-10-08T07:08:25.234263+00:00,1,PERP,OP|BITGET|GATE,OP,BITGET,GATE,-3.4407111975387483,-0.282591289188842,-1.154902266411662,8.088745189875938,-18.39016638484514,11.53116083902228,21.999999999999996,29.93160903155613,-75.1668731499896,-70.61767213699007,FLAT
2026-10-08T07:08:25.695212+00:00,1,PERP,DOT|GATE|HTX,DOT,GATE,HTX,20.98082473815932,1.1856480366219224,5.585376423921666,12.984838534462087,-3.5490906661306276,45.53304006554848,20.0,48.9793578676338,-84.1138249576861,-114.92702150926061,FLAT
2026-10-08T07:08:26.185260+00:00,1,PERP,AVAX|HTX|OKX,AVAX,HTX,OKX,0.157840450667468,0.5339784588547968,-4.321436515713638,8.388497498546366,-16.140532428481347,16.508005203337284,20.0,32.64794015543392,-70.46703606820162,-79.47738187448485,FLAT
2026-10-08T07:08:26.668732+00:00,1,PERP,OP|GATE|HTX,OP,GATE,HTX,31.2607166679002,0.04726572655780016,30.818180678293857,9.362724786747492,4.7075989678035945,57.85355498801215,20.0,52.980306099720735,-105.090887810211,-106.01568040943903,FLAT
2026-10-08T07:08:37.058871+00:00,2,PERP,OP|GATE|OKX,OP,GATE,OKX,0.7597374149326264,0.38046431568930206,-1.3112060491882183,5.443200265362168,-9.112720119557327,10.646514521648331,20.0,19.757723195616474,-53.55923726598559,-57.71544376645303,FLAT
2026-10-08T07:08:37.423944+00:00,2,PERP,OP|BITGET|GATE,OP,BITGET,GATE,-2.2600245674964103,-0.13662468963269422,-1.154902266411662,8.088745189875938,-15.276419667936691,10.77180062016625,21.999999999999996,26.0540994383206,-68.17561683984562,-65.9808023248985,FLAT
2026-10-08T07:08:37.882272+00:00,2,PERP,DOT|GATE|HTX,DOT,GATE,HTX,20.98082473815932,1.1856480366219224,5.585376423921666,12.984838534462087,-3.5490906661306276,45.53304006554848,20.0,48.9793578676338,-84.1138249576861,-114.92702150926061,FLAT
2026-10-08T07:08:38.385805+00:00,2,PERP,AVAX|HTX|OKX,AVAX,HTX,OKX,-2.410534676262621,0.22780025144933944,-4.321436515713638,8.388497498546366,-19.429106518860095,14.663004649788647,20.0,34.100242525038475,-75.20791252818493,-79.08468369054076,FLAT
2026-10-08T07:08:38.869018+00:00,2,PERP,OP|GATE|HTX,OP,GATE,HTX,33.24227086060061,0.25890862302584655,30.818180678293857,9.362724786747492,7.615003303631518,58.90609333287111,20.0,51.121125745853014,-100.32430312051537,-105.20903840043027,FLAT
2026-10-08T07:33:55.470485+00:00,0,PERP,OP|GATE|OKX,OP,GATE,OKX,-0.07080362824707365,0.22589766022376165,-1.2992215030865433,5.437939789295149,-9.284706004809573,9.155279535424388,20.0,18.4401080567015,-52.42559255842453,-54.89460909521243,FLAT
2026-10-08T07:33:55.772466+00:00,0,PERP,OP|BITGET|GATE,OP,BITGET,GATE,-2.656005477650325,-0.0786254020071581,-2.055589943266326,7.63640654364269,-16.66044089233654,11.369208041087653,21.999999999999996,28.03708019467644,-70.64193114374665,-69.4618781790304,FLAT
2026-10-08T07:33:56.148487+00:00,0,PERP,DOT|GATE|HTX,DOT,GATE,HTX,28.16704742312881,1.7296187477063465,5.633729658704163,13.02791022258874,-2.683100939266936,59.063166017985225,20.0,61.5728003336147,-95.8896309315858,-141.00223669289576,FLAT
2026-10-08T07:33:56.563645+00:00,0,PERP,AVAX|HTX|OKX,AVAX,HTX,OKX,-8.408317053661962,-0.4854635268834816,-4.3405489668946196,8.379142533901764,-25.474448728061148,8.713847720611678,20.0,34.216975330628216,-81.35087509179475,-73.27137201813451,FLAT
2026-10-08T07:33:56.948022+00:00,0,PERP,OP|GATE|HTX,OP,GATE,HTX,36.3933857450327,0.5840416651918707,31.076699119505317,9.10326598664966,18.56985892781937,54.24062070880309,20.0,35.541398839855475,-74.04823903154141,-84.70532042915325,FLAT
2026-10-08T07:34:07.272988+00:00,1,PERP,OP|GATE|OKX,OP,GATE,OKX,0.38310921708806234,0.3093691334145251,-1.2992215030865433,5.437939789295149,-9.70967092569941,10.490376478864416,20.0,20.199263162266867,-54.60971258487973,-57.98886114421782,FLAT
2026-10-08T07:34:07.571334+00:00,1,PERP,OP|BITGET|GATE,OP,BITGET,GATE,-4.691031837222859,-0.3451154517369873,-2.055589943266326,7.63640654364269,-18.54382232296836,9.180324813684582,21.999999999999996,27.737146286989294,-72.22537866669131,-66.97306104394019,FLAT
2026-10-08T07:34:07.950876+00:00,1,PERP,DOT|GATE|HTX,DOT,GATE,HTX,25.22654899899557,1.5039111419665716,5.633729658704163,13.02791022258874,-2.683100939266936,53.16138815200322,20.0,55.70395587219811,-90.02078647016921,-129.23161436549717,FLAT
2026-10-08T07:34:08.375420+00:00,1,PERP,AVAX|HTX|OKX,AVAX,HTX,OKX,-0.6634251388437651,0.4388424964933249,-4.3405489668946196,8.379142533901764,-18.19473435142438,16.925449763944833,20.0,35.122419868752225,-74.97660525328199,-82.38841859959167,FLAT
2026-10-08T07:34:08.755835+00:00,1,PERP,OP|GATE|HTX,OP,GATE,HTX,32.313174172309274,0.13582763094226866,31.076699119505317,9.10326598664966,8.898508924428672,55.76615797290741,20.0,46.716661358066744,-94.89485155314338,-97.40612021146883,FLAT
2026-10-08T07:34:19.079805+00:00,2,PERP,OP|GATE|OKX,OP,GATE,OKX,0.10032730136888546,0.25736746979260583,-1.2992215030865433,5.437939789295149,-9.751210622206408,9.965674483882747,20.0,19.7166776222916,-54.168666741411464,-56.98157360926089,FLAT
2026-10-08T07:34:19.384222+00:00,2,PERP,OP|BITGET|GATE,OP,BITGET,GATE,-2.5948826376243073,-0.07062126554890437,-2.055589943266326,7.63640654364269,-16.82401170728154,11.654368051889907,21.999999999999996,28.485757261778694,-71.2541790257939,-70.19571525693492,FLAT
2026-10-08T07:34:19.766560+00:00,2,PERP,DOT|GATE|HTX,DOT,GATE,HTX,25.22654899899557,1.5039111419665716,5.633729658704163,13.02791022258874,-2.683100939266936,53.16138815200322,20.0,55.70395587219811,-90.02078647016921,-129.23161436549717,FLAT
2026-10-08T07:34:20.214519+00:00,2,PERP,AVAX|HTX|OKX,AVAX,HTX,OKX,-1.3041293481341754,0.3623783228982178,-4.3405489668946196,8.379142533901764,-18.4702438859119,15.91835172904954,20.0,34.392988514819635,-74.52268343383692,-80.6518892107638,FLAT
2026-10-08T07:34:20.587957+00:00,2,PERP,OP|GATE|HTX,OP,GATE,HTX,33.07216781534672,0.21920360217616863,31.076699119505317,9.10326598664966,9.795596409256646,56.386179712746284,20.0,46.43697606952953,-93.7180787797782,-97.74645666277048,FLAT
2026-10-08T07:55:28.505570+00:00,0,PERP,OP|GATE|OKX,OP,GATE,OKX,-0.24001553503016915,0.19859980444529046,-1.322336278104303,5.449757345417163,-9.739476530153945,9.273435355632298,20.0,19.01335794200636,-53.430498194056,-55.609129575742955,FLAT
2026-10-08T07:55:28.867154+00:00,0,PERP,OP|BITGET|GATE,OP,BITGET,GATE,-1.705737546672248,-0.009880142035297402,-1.6377940986412227,6.876768348905633,-13.170449590829136,9.768394967528682,21.999999999999996,22.94275412129565,-62.47540961348356,-62.34894318746555,FLAT
2026-10-08T07:55:29.268385+00:00,0,PERP,DOT|GATE|HTX,DOT,GATE,HTX,28.766906720496532,1.766332271766963,5.674312230070629,13.073754502217787,-3.604001305150817,61.16732332228425,20.0,64.5855186249153,-99.86383216013674,-146.0785297171289,FLAT
2026-10-08T07:55:29.746863+00:00,0,PERP,AVAX|HTX|OKX,AVAX,HTX,OKX,-7.019593438875038,-0.31319696426457466,-4.39824261184257,8.369655923031454,-24.154998482381895,10.171938082126353,20.0,34.35095777032978,-80.10771364086911,-74.9211384642987,FLAT
2026-10-08T07:55:30.159197+00:00,0,PERP,OP|GATE|HTX,OP,GATE,HTX,36.02710658626273,0.5541952476123706,30.94279559419732,9.174223369778172,4.653985587730336,67.44647174467433,20.0,62.56704115392248,-114.85585116038946,-125.07071730439948,FLAT
2026-10-08T07:55:40.554614+00:00,1,PERP,OP|GATE|OKX,OP,GATE,OKX,0.7583210575945465,0.38178898688921004,-1.322336278104303,5.449757345417163,-8.570157452445493,10.10096903373281,20.0,18.669699970347203,-51.91752114468839,-56.093005282184315,FLAT
2026-10-08T07:55:40.933189+00:00,1,PERP,OP|BITGET|GATE,OP,BITGET,GATE,-3.1500641520698647,-0.21990998921307336,-1.6377940986412227,6.876768348905633,-14.88977074784903,8.599288874768796,21.999999999999996,23.49645719579546,-64.74843384500326,-61.733540169205476,FLAT
2026-10-08T07:55:41.356354+00:00,1,PERP,DOT|GATE|HTX,DOT,GATE,HTX,28.766906720496532,1.766332271766963,5.674312230070629,13.073754502217787,-3.604001305150817,61.16732332228425,20.0,64.5855186249153,-99.86383216013674,-146.0785297171289,FLAT
2026-10-08T07:55:41.798419+00:00,1,PERP,AVAX|HTX|OKX,AVAX,HTX,OKX,-7.031585743135782,-0.3146297954790268,-4.39824261184257,8.369655923031454,-24.154998482381895,10.14791419319483,20.0,34.32695826487986,-80.08371413541919,-74.87311506991726,FLAT
2026-10-08T07:55:42.202734+00:00,1,PERP,OP|GATE|HTX,OP,GATE,HTX,37.283792600155685,0.6911753453536946,30.94279559419732,9.174223369778172,5.437550019427029,69.17997025582156,20.0,63.505608125603814,-115.0108537003741,-127.74278278722805,FLAT
2026-10-08T07:55:52.601354+00:00,2,PERP,OP|GATE|OKX,OP,GATE,OKX,0.05808321011047113,0.25329925732851266,-1.322336278104303,5.449757345417163,-9.457114748564477,9.587415993206339,20.0,19.044409634878658,-53.17918810533884,-55.9541619061893,FLAT
2026-10-08T07:55:52.965694+00:00,2,PERP,OP|BITGET|GATE,OP,BITGET,GATE,-1.647519081068305,-0.00141417915126221,-1.6377940986412227,6.876768348905633,-13.169650187100368,9.884079675832602,21.999999999999996,23.05752474597952,-62.589380834438664,-62.579398520453346,FLAT
2026-10-08T07:55:53.357401+00:00,2,PERP,DOT|GATE|HTX,DOT,GATE,HTX,19.637396564173848,1.0680240577972127,5.674312230070629,13.073754502217787,-12.69990303280566,52.00414725368585,20.0,64.57722402563054,-108.95143928850683,-136.90705904924576,FLAT
2026-10-08T07:55:53.797718+00:00,2,PERP,AVAX|HTX|OKX,AVAX,HTX,OKX,-2.806857516757244,0.19013745722881917,-4.39824261184257,8.369655923031454,-19.556139455312316,13.997185334206907,20.0,33.5626559759518,-74.72055281942154,-77.95808392200128,FLAT
2026-10-08T07:55:54.198811+00:00,2,PERP,OP|GATE|HTX,OP,GATE,HTX,37.008016777233536,0.6611154904965943,30.94279559419732,9.174223369778172,6.615515719963216,67.44566588796408,20.0,60.60582651473236,-110.93310638896646,-123.10869680849912,FLAT
2026-10-08T08:17:06.920002+00:00,0,PERP,OP|GATE|OKX,OP,GATE,OKX,-0.997979945664973,0.04325280451494453,-1.233437292216949,5.443747502445114,-10.580730193370247,8.597968032064696,20.0,19.180603329227573,-54.52789623038087,-55.01200865350922,FLAT
2026-10-08T08:17:07.172015+00:00,0,PERP,OP|BITGET|GATE,OP,BITGET,GATE,-5.301742947133592,-0.5187877749039724,-1.746381478181606,6.853209811295347,-19.70341159824196,9.121315445772549,21.999999999999996,28.840001398895225,-74.79703151895558,-67.70769832284938,FLAT
2026-10-08T08:17:07.757416+00:00,0,PERP,DOT|GATE|HTX,DOT,GATE,HTX,20.743700125713804,1.183298967750017,5.355657417370654,13.004357417468835,-12.569067177327087,54.08680692538637,20.0,66.51787760260275,-110.44260219730049,-141.24902711061847,FLAT
2026-10-08T08:17:08.269740+00:00,0,PERP,AVAX|HTX|OKX,AVAX,HTX,OKX,4.517378993917909,1.0710779645483366,-4.434286069310922,8.35762228289671,-10.871761947751635,19.951040196446446,20.0,30.808820327637346,-63.246296206078064,-81.19414659339472,FLAT
2026-10-08T08:17:08.699787+00:00,0,PERP,OP|GATE|HTX,OP,GATE,HTX,31.980173452756944,0.10078666611369563,31.06018833484393,9.1280439505281,5.603524303114948,58.39240083768793,20.0,52.62057105687485,-104.07723508860383,-105.95278355971885,FLAT
2026-10-08T08:17:18.969791+00:00,1,PERP,OP|GATE|OKX,OP,GATE,OKX,-2.520073281137014,-0.23635115117704478,-1.233437292216949,5.443747502445114,-10.618972419513817,5.587167641452062,20.0,16.21022086164902,-51.59575598894589,-49.03082579531803,FLAT
2026-10-08T08:17:19.211885+00:00,1,PERP,OP|BITGET|GATE,OP,BITGET,GATE,-1.3394834072599782,0.05937335673730362,-1.746381478181606,6.853209811295347,-10.571748267905745,7.900336498278815,21.999999999999996,18.47455631235131,-55.299923102075454,-56.12127428881173,FLAT
2026-10-08T08:17:19.647264+00:00,1,PERP,DOT|GATE|HTX,DOT,GATE,HTX,29.874218303502786,1.885411181731763,5.355657417370654,13.004357417468835,-3.4730462913334925,63.25188149870043,20.0,66.52617220188749,-101.35487591059163,-150.42239628321727,FLAT
2026-10-08T08:17:20.117800+00:00,1,PERP,AVAX|HTX|OKX,AVAX,HTX,OKX,-0.3560987167461338,0.4879602373166006,-4.434286069310922,8.35762228289671,-14.053910631844913,13.376451251738697,20.0,27.431294715889084,-63.05091927842307,-71.2420320369387,FLAT
2026-10-08T08:17:20.566327+00:00,1,PERP,OP|GATE|HTX,OP,GATE,HTX,31.278362438775797,0.02390151768706661,31.06018833484393,9.1280439505281,6.1655096674839704,56.416214175787346,20.0,50.09400622342982,-100.98868489078978,-101.45003206437325,FLAT
2026-10-08T08:17:30.827124+00:00,2,PERP,OP|GATE|OKX,OP,GATE,OKX,-0.22825370024737168,0.18464919460685658,-1.233437292216949,5.443747502445114,-9.935359885900885,9.492814684268769,20.0,19.428608001301527,-54.13053059498546,-56.15485997778725,FLAT
2026-10-08T08:17:31.069304+00:00,2,PERP,OP|BITGET|GATE,OP,BITGET,GATE,-6.407966399101239,-0.6802046120398191,-1.746381478181606,6.853209811295347,-20.994169030315035,8.199900048690978,21.999999999999996,29.21277244953306,-76.46056000166648,-67.15905397640564,FLAT
2026-10-08T08:17:31.501841+00:00,2,PERP,DOT|GATE|HTX,DOT,GATE,HTX,29.874218303502786,1.885411181731763,5.355657417370654,13.004357417468835,-3.4730462913334925,63.25188149870043,20.0,66.52617220188749,-101.35487591059163,-150.42239628321727,FLAT
2026-10-08T08:17:32.025433+00:00,2,PERP,AVAX|HTX|OKX,AVAX,HTX,OKX,-0.5588212718055097,0.4637042290647999,-4.434286069310922,8.35762228289671,-14.4203523030062,13.338213149916012,20.0,27.760071335685268,-63.74613756938055,-71.5325705549122,FLAT
2026-10-08T08:17:32.476133+00:00,2,PERP,OP|GATE|HTX,OP,GATE,HTX,32.91842091875053,0.2035740180456834,31.06018833484393,9.1280439505281,5.967678481804128,59.907923106343745,20.0,53.76323668748782,-104.85574654052762,-108.61097145898763,FLAT
2026-10-08T08:41:05.682185+00:00,0,PERP,OP|GATE|OKX,OP,GATE,OKX,-1.5597405220457716,-0.04957326824189952,-1.290317939693919,5.434835989371699,-11.69735178996989,8.593038046622592,20.0,20.293543765113895,-56.70057761538987,-56.176899751430405,FLAT
2026-10-08T08:41:05.983838+00:00,0,PERP,OP|BITGET|GATE,OP,BITGET,GATE,-4.964927175913347,-0.4665331946442539,-1.7691315009316397,6.850092794401481,-20.014709918612095,10.10721738489817,21.999999999999996,30.136873440809783,-76.38245185849024,-70.01322232663959,FLAT
2026-10-08T08:41:06.460972+00:00,0,PERP,DOT|GATE|HTX,DOT,GATE,HTX,31.081357691260525,1.9576282061037098,5.697187472015475,12.966798363498992,-1.7998993753676196,63.9926159048465,20.0,65.58864319184727,-99.08573003923036,-149.8840716246783,FLAT
2026-10-08T08:41:06.883177+00:00,0,PERP,AVAX|HTX|OKX,AVAX,HTX,OKX,-3.781019429435206,0.0691103822494859,-4.359959329613263,8.377032239354504,-18.312111050697855,10.788431381651975,20.0,29.111498983102134,-69.06365070418673,-70.25988969436737,FLAT
2026-10-08T08:41:07.403503+00:00,0,PERP,OP|GATE|HTX,OP,GATE,HTX,39.706031930029084,0.9422314721226741,31.11713420600999,9.115485926902748,19.636088364245463,59.80695873683439,20.0,40.011974800737626,-77.49302064250215,-94.70179933156201,FLAT
2026-10-08T08:41:17.739866+00:00,1,PERP,OP|GATE|OKX,OP,GATE,OKX,-2.204622958937863,-0.16823047117372963,-1.290317939693919,5.434835989371699,-12.276855008733767,7.883131997930004,20.0,20.164420548693748,-57.150957617733596,-55.33787048631767,FLAT
2026-10-08T08:41:18.055085+00:00,1,PERP,OP|BITGET|GATE,OP,BITGET,GATE,-2.2821530929517664,-0.0748926485257856,-1.7691315009316397,6.850092794401481,-17.38424876674305,12.842409794509013,21.999999999999996,30.23354161861701,-73.84865888442842,-72.84508291405766,FLAT
2026-10-08T08:41:18.528914+00:00,1,PERP,DOT|GATE|HTX,DOT,GATE,HTX,30.95061094174012,1.94754501163618,5.697187472015475,12.966798363498992,-1.7998993753676196,63.731003111326956,20.0,65.32869256598504,-98.82577941336814,-149.36250820529654,FLAT
2026-10-08T08:41:18.988030+00:00,1,PERP,AVAX|HTX|OKX,AVAX,HTX,OKX,-4.108123834545285,0.030062615001632466,-4.359959329613263,8.377032239354504,-18.039602605319782,9.8601312674651,20.0,27.911151642402345,-67.59079491810887,-68.13124223948071,FLAT
2026-10-08T08:41:19.514631+00:00,1,PERP,OP|GATE|HTX,OP,GATE,HTX,33.298678599613666,0.2393228853730368,31.11713420600999,9.115485926902748,11.481094177852036,55.14994465519063,20.0,43.523895677453645,-89.1599357056116,-93.5567061266343,FLAT
2026-10-08T08:41:29.884273+00:00,2,PERP,OP|GATE|OKX,OP,GATE,OKX,-1.415699919870006,-0.023070057757268562,-1.290317939693919,5.434835989371699,-11.671563953170594,8.855894376880169,20.0,20.530352757769425,-56.9115987712461,-56.67656507434351,FLAT
2026-10-08T08:41:30.189369+00:00,2,PERP,OP|BITGET|GATE,OP,BITGET,GATE,-5.084172921244745,-0.4839410968304632,-1.7691315009316397,6.850092794401481,-16.83309774472841,6.674382168485593,21.999999999999996,23.519433654770882,-66.58339989856765,-59.96294732418811,FLAT
2026-10-08T08:41:30.653966+00:00,2,PERP,DOT|GATE|HTX,DOT,GATE,HTX,30.95061094174012,1.94754501163618,5.697187472015475,12.966798363498992,-1.7998993753676196,63.731003111326956,20.0,65.32869256598504,-98.82577941336814,-149.36250820529654,FLAT
2026-10-08T08:41:31.438905+00:00,2,PERP,AVAX|HTX|OKX,AVAX,HTX,OKX,-6.6543304203692255,-0.2738882966186073,-4.359959329613263,8.377032239354504,-20.76636034075929,7.495546746625337,20.0,28.28067529962061,-70.68707631076664,-66.13618137585921,FLAT
2026-10-08T08:41:31.900019+00:00,2,PERP,OP|GATE|HTX,OP,GATE,HTX,34.40980063448285,0.36121677493408616,31.11713420600999,9.115485926902748,13.005304112054805,55.84556060985291,20.0,42.69332679637919,-86.80515689033436,-93.4217532002221,FLAT
2026-10-08T09:00:56.623765+00:00,0,PERP,OP|GATE|OKX,OP,GATE,OKX,0.4452503971674737,0.35669378264672447,-1.528550926102678,5.5336017034674185,-11.100715152982943,12.011733077630371,20.0,23.111400981323623,-58.68356520820389,-62.651684985056676,FLAT
2026-10-08T09:00:56.871020+00:00,0,PERP,OP|BITGET|GATE,OP,BITGET,GATE,-2.9216027197953576,-0.16172238503844097,-1.8126376657477066,6.857214316892823,-16.10029139018532,10.268519879435,21.999999999999996,26.376512480750126,-68.66416620518774,-66.45767002593283,FLAT
2026-10-08T09:00:57.253032+00:00,0,PERP,DOT|GATE|HTX,DOT,GATE,HTX,19.242749146564098,1.0403337632155905,5.781878365233904,12.938992520749968,-11.292030443520451,49.80528762718484,20.0,60.979963245191236,-104.0538720539456,-131.00337250714216,FLAT
2026-10-08T09:00:57.723364+00:00,0,PERP,AVAX|HTX|OKX,AVAX,HTX,OKX,7.114293219163681,1.2903855479858317,-4.158802999006888,8.736223244104673,-17.970569240741696,32.32076482359902,20.0,50.25528691737277,-90.06705315910759,-112.73485473997869,FLAT
2026-10-08T09:00:58.098803+00:00,0,PERP,OP|GATE|HTX,OP,GATE,HTX,27.37926875134189,-0.3775803996059343,30.840795822667214,9.167655617023508,-6.605438072670999,61.42419608706984,20.0,67.84382940809476,-131.290063303433,-124.42722967249739,FLAT
2026-10-08T09:01:08.374441+00:00,1,PERP,OP|GATE|OKX,OP,GATE,OKX,-0.7477156112301042,0.1411079721157548,-1.528550926102678,5.5336017034674185,-12.044187579309806,10.568517693922974,20.0,22.61437891613368,-59.13001556934081,-60.71144753615933,FLAT
2026-10-08T09:01:08.622168+00:00,1,PERP,OP|BITGET|GATE,OP,BITGET,GATE,-1.8349474554091305,-0.0032534770871115296,-1.8126376657477066,6.857214316892823,-14.716067006651512,11.056867318315344,21.999999999999996,25.77765995182819,-66.681089292732,-66.64716493589124,FLAT
2026-10-08T09:01:08.999475+00:00,1,PERP,DOT|GATE|HTX,DOT,GATE,HTX,15.8731286663083,0.7799100497887519,5.781878365233904,12.938992520749968,-18.30985879632263,50.0872198481983,20.0,68.28866901706152,-118.38040617861806,-138.59401050002592,FLAT
2026-10-08T09:01:09.467560+00:00,1,PERP,AVAX|HTX|OKX,AVAX,HTX,OKX,3.723343637764831,0.9022373188655296,-4.158802999006888,8.736223244104673,-16.794998286956407,24.320497297412036,20.0,41.10004155723297,-79.73623684518249,-95.5793418536519,FLAT
2026-10-08T09:01:09.847281+00:00,1,PERP,OP|GATE|HTX,OP,GATE,HTX,29.604271854364317,-0.13487897233037247,30.840795822667214,9.167655617023508,-0.2631865914881626,59.52258791007914,20.0,59.60926235803858,-116.71324477219395,-114.2910544454505,FLAT
2026-10-08T09:01:20.119207+00:00,2,PERP,OP|GATE|OKX,OP,GATE,OKX,0.2586620395161887,0.3229746305193918,-1.528550926102678,5.5336017034674185,-10.053753657447428,10.587538107407202,20.0,20.64074474083965,-55.1659474721844,-58.75683377434953,FLAT
2026-10-08T09:01:20.357070+00:00,2,PERP,OP|BITGET|GATE,OP,BITGET,GATE,-2.016035176922726,-0.029661827934114184,-1.8126376657477066,6.857214316892823,-18.150688082553266,14.14502468927159,21.999999999999996,32.30220341770786,-76.64025383451342,-76.25986577272715,FLAT
2026-10-08T09:01:20.746402+00:00,2,PERP,DOT|GATE|HTX,DOT,GATE,HTX,24.19528817759753,1.4230945556877368,5.781878365233904,12.938992520749968,-1.8034393650712133,50.21767243322151,20.0,51.89553828994547,-85.4808560202506,-122.33133235793308,FLAT
2026-10-08T09:01:21.366777+00:00,2,PERP,AVAX|HTX|OKX,AVAX,HTX,OKX,4.680326521002698,1.0117792635363747,-4.158802999006888,8.736223244104673,-17.460130399788998,26.912635009936903,20.0,44.35181717847642,-83.65314457925854,-101.42325518742021,FLAT
2026-10-08T09:01:21.743729+00:00,2,PERP,OP|GATE|HTX,OP,GATE,HTX,26.86484267442779,-0.4336935542011894,30.840795822667214,9.167655617023508,-2.0499557497799525,55.8257833175646,20.0,57.72063669743956,-116.61138826988673,-108.70562419233694,FLAT
2026-10-08T09:25:41.533015+00:00,0,PERP,OP|GATE|OKX,OP,GATE,OKX,-0.4517434374973206,0.14651977264516236,-1.2450432094559631,5.41428475923065,-12.22746555810783,11.344340300123434,20.0,23.57285315778627,-60.555275506438136,-62.16223666736567,FLAT
2026-10-08T09:25:41.837631+00:00,0,PERP,OP|BITGET|GATE,OP,BITGET,GATE,-2.8504048634891976,-0.15998977825676133,-1.7558280858414383,6.841541938330059,-15.343402176214438,9.652765899816895,21.999999999999996,25.00329088562613,-66.59086497599912,-64.41188487128446,FLAT
2026-10-08T09:25:42.236116+00:00,0,PERP,DOT|GATE|HTX,DOT,GATE,HTX,21.51139543880687,1.2296545597134798,5.600930376666837,12.93897130414196,-11.69146052710901,54.744353722004924,20.0,66.29319469703701,-109.58558560081286,-141.4366180423751,FLAT
2026-10-08T09:25:42.989354+00:00,0,PERP,AVAX|HTX|OKX,AVAX,HTX,OKX,2.5356208257987234,0.8431442581651876,-4.501466772562943,8.346243872520057,-20.529264271519352,25.703090523732097,20.0,46.22040742833995,-88.24820492729637,-102.42496472463499,FLAT
2026-10-08T09:25:43.386477+00:00,0,PERP,OP|GATE|HTX,OP,GATE,HTX,36.394595105639915,0.5912809357305474,31.020747719932633,9.088484104544508,12.562618797553604,60.266793863339444,20.0,47.531153443213476,-91.9892823655925,-102.77719958662028,FLAT
2026-10-08T09:25:53.727221+00:00,1,PERP,OP|GATE|OKX,OP,GATE,OKX,0.6071018101594383,0.3420848924611391,-1.2450432094559631,5.41428475923065,-10.01444521025907,11.245141062679043,20.0,21.25828288480358,-56.02768488560669,-59.74846715693858,FLAT
2026-10-08T09:25:54.033196+00:00,1,PERP,OP|BITGET|GATE,OP,BITGET,GATE,-5.294023562701922,-0.5171634565356645,-1.7558280858414383,6.841541938330059,-17.837663205344523,7.261660631878719,21.999999999999996,25.112612733690415,-69.1944478531935,-62.13010145141057,FLAT
2026-10-08T09:25:54.426035+00:00,1,PERP,DOT|GATE|HTX,DOT,GATE,HTX,26.077597461227064,1.5825575776650294,5.600930376666837,12.93897130414196,-11.69146052710901,63.91470994543624,20.0,75.40945946258682,-118.70185036636266,-159.72323903135623,FLAT
2026-10-08T09:25:54.829326+00:00,1,PERP,AVAX|HTX|OKX,AVAX,HTX,OKX,3.0670532743348744,0.9068175052752905,-4.501466772562943,8.346243872520057,-21.260651967627275,27.50947105192747,20.0,48.754899815913596,-91.51408501097794,-106.76583764040402,FLAT
2026-10-08T09:25:55.231936+00:00,1,PERP,OP|GATE|HTX,OP,GATE,HTX,32.15419932032448,0.124712943033601,31.020747719932633,9.088484104544508,1.575307939551962,62.780570994984686,20.0,61.009056486092646,-116.45449626647331,-118.7688797611447,FLAT
2026-10-08T09:26:05.585798+00:00,2,PERP,OP|GATE|OKX,OP,GATE,OKX,0.5526215058848649,0.33202256535843333,-1.2450432094559631,5.41428475923065,-11.44593626255297,12.574245723890876,20.0,24.018832503519015,-60.21972555661602,-63.838121436865855,FLAT
2026-10-08T09:26:05.890552+00:00,2,PERP,OP|BITGET|GATE,OP,BITGET,GATE,-4.589759886673983,-0.4142241363683396,-1.7558280858414383,6.841541938330059,-22.23633391136626,13.08530447238443,21.999999999999996,35.33783462110996,-83.81834044663478,-78.17896717933583,FLAT
2026-10-08T09:26:06.283218+00:00,2,PERP,DOT|GATE|HTX,DOT,GATE,HTX,25.90344366417696,1.5690979452911362,5.600930376666837,12.93897130414196,-11.69146052710901,63.56657817160105,20.0,75.06353643113881,-118.35592733491467,-159.02918422607303,FLAT
2026-10-08T09:26:06.725882+00:00,2,PERP,AVAX|HTX|OKX,AVAX,HTX,OKX,2.9430805777574953,0.8919637940165578,-4.501466772562943,8.346243872520057,-21.284603979179195,27.2850060423524,20.0,48.55505117191541,-91.33818837853167,-106.34152398683075,FLAT
2026-10-08T09:26:07.185996+00:00,2,PERP,OP|GATE|HTX,OP,GATE,HTX,33.098061270646625,0.228565460072189,31.020747719932633,9.088484104544508,-0.9551335774604652,67.21672117853572,20.0,67.94690082160334,-125.92278211899644,-130.14287428020643,FLAT
2026-10-08T09:48:44.150258+00:00,0,PERP,OP|GATE|OKX,OP,GATE,OKX,-2.2674758149310303,-0.09515306391999172,-1.6920932155678161,6.04691615445003,-13.125754517275823,8.60961139532046,20.0,21.740279192547533,-59.17394049425554,-58.04198380343581,FLAT
2026-10-08T09:48:44.497840+00:00,0,PERP,OP|BITGET|GATE,OP,BITGET,GATE,-5.598745813034656,-0.5564585354619085,-1.7888969552902632,6.846599728373094,-18.279112352849182,7.091805760144343,21.999999999999996,25.385126511337422,-69.87534190889633,-62.26582922677203,FLAT
2026-10-08T09:48:44.897514+00:00,0,PERP,DOT|GATE|HTX,DOT,GATE,HTX,25.866233047273646,1.5561272882910737,5.8511855104205175,12.862088909727616,-9.978001574504347,61.7721130413984,20.0,71.56495008450729,-113.39413716943216,-153.48587761548515,FLAT
2026-10-08T09:48:45.353708+00:00,0,PERP,AVAX|HTX|OKX,AVAX,HTX,OKX,-8.699299904222357,-0.4933023485011029,-4.564623141916064,8.381627970897547,-25.121652638356863,7.773556835917184,20.0,32.92377331328959,-79.48080280973039,-71.26195329112284,FLAT
2026-10-08T09:48:45.782987+00:00,0,PERP,OP|GATE|HTX,OP,GATE,HTX,28.304815486253077,-0.2879924623657255,30.925301535302665,9.099148038540669,2.7322011952457537,53.91946470446385,20.0,51.042753418436696,-105.2358537584936,-100.03691658759787,FLAT
2026-10-08T09:48:56.155036+00:00,1,PERP,OP|GATE|OKX,OP,GATE,OKX,-1.5590030986822878,0.0220095852970584,-1.6920932155678161,6.04691615445003,-12.43753000860326,9.337497491326285,20.0,21.778407924524682,-58.52384471756013,-58.80799863141878,FLAT
2026-10-08T09:48:56.487808+00:00,1,PERP,OP|BITGET|GATE,OP,BITGET,GATE,-1.9305397123781098,-0.02068804409594194,-1.7888969552902632,6.846599728373094,-14.907105474060156,11.056448993689294,21.999999999999996,25.9685636178429,-67.0867721366128,-66.81390956682245,FLAT
2026-10-08T09:48:56.894189+00:00,1,PERP,DOT|GATE|HTX,DOT,GATE,HTX,25.053783168687005,1.4929610417903063,5.8511855104205175,12.862088909727616,-2.6076046027578847,52.740001629332234,20.0,55.20927497185116,-89.66806508502955,-128.09809109076286,FLAT
2026-10-08T09:48:57.355974+00:00,1,PERP,AVAX|HTX|OKX,AVAX,HTX,OKX,-1.2933512807700165,0.39029074930365143,-4.564623141916064,8.381627970897547,-19.742881379247734,17.219435664430627,20.0,36.96698991707786,-78.14524815440953,-84.75104872342456,FLAT
2026-10-08T09:48:57.764216+00:00,1,PERP,OP|GATE|HTX,OP,GATE,HTX,29.82192847244658,-0.12126113985425895,30.925301535302665,9.099148038540669,-0.6035197720144492,60.30253690303855,20.0,60.724913316530646,-118.25373462384776,-116.10214868426652,FLAT
2026-10-08T09:49:08.155075+00:00,2,PERP,OP|GATE|OKX,OP,GATE,OKX,-2.8940582571479467,-0.19877322768822978,-1.6920932155678161,6.04691615445003,-13.198978258648353,7.427834342967898,20.0,20.632769879660966,-58.13965492274151,-55.752697438196684,FLAT
2026-10-08T09:49:08.510913+00:00,2,PERP,OP|BITGET|GATE,OP,BITGET,GATE,-3.6587688171707544,-0.2731095632962926,-1.7888969552902632,6.846599728373094,-15.313194656222384,8.00501800648945,21.999999999999996,23.32674362100655,-64.85104132193867,-61.120658582786255,FLAT
2026-10-08T09:49:08.978635+00:00,2,PERP,DOT|GATE|HTX,DOT,GATE,HTX,13.666023563139174,0.607587002979608,5.8511855104205175,12.862088909727616,-26.658299027295662,54.026543929686085,20.0,80.5747131246966,-139.08419766241278,-154.75007154396218,FLAT
2026-10-08T09:49:09.444525+00:00,2,PERP,AVAX|HTX|OKX,AVAX,HTX,OKX,-2.2447662150315573,0.27677879940978634,-4.564623141916064,8.381627970897547,-18.437771228686508,13.997186641363513,20.0,32.442166510420016,-72.31531459719046,-77.0039762936996,FLAT
2026-10-08T09:49:09.851008+00:00,2,PERP,OP|GATE|HTX,OP,GATE,HTX,35.3631261620313,0.48771869717160654,30.925301535302665,9.099148038540669,5.613031405153901,65.16302972972898,20.0,59.340111478619754,-110.65238160876851,-119.57783967304606,FLAT
2026-10-08T10:30:40.144971+00:00,0,PERP,OP|GATE|OKX,OP,GATE,OKX,-0.3094811782011764,0.1324437873143888,-1.0677805961860354,5.725443475765637,-10.85903086043949,10.25708361026112,20.0,21.116754283937087,-56.90800454819054,-58.441618490384236,FLAT
2026-10-08T10:30:40.449057+00:00,0,PERP,OP|BITGET|GATE,OP,BITGET,GATE,-3.157791200565363,-0.11724495607441027,-2.267981479175658,7.5893219732623844,-18.044047212683047,11.748852900845819,21.999999999999996,29.80229710456271,-73.5783628380701,-71.81913148458419,FLAT
2026-10-08T10:30:40.835086+00:00,0,PERP,DOT|GATE|HTX,DOT,GATE,HTX,15.348946177091705,0.7490429357591291,5.648465130214618,12.950500677302276,-10.75764105952337,41.49139860568862,20.0,52.168941219258464,-94.57504740899645,-114.01187469473248,FLAT
2026-10-08T10:30:41.285496+00:00,0,PERP,AVAX|HTX|OKX,AVAX,HTX,OKX,0.5861845647481267,0.6060883950868547,-4.468052719470274,8.339109155017082,-20.927073953759255,22.186962233776697,20.0,43.11133140871313,-85.57035264300211,-95.7663463619601,FLAT
2026-10-08T10:30:41.672221+00:00,0,PERP,OP|GATE|HTX,OP,GATE,HTX,36.813234788786175,0.6470720193664604,30.93149450508691,9.089776883658173,14.375864995357368,59.282673537630615,20.0,44.74207558776166,-87.2977050974912,-99.09325462030537,FLAT
2026-10-08T10:30:51.994658+00:00,1,PERP,OP|GATE|OKX,OP,GATE,OKX,-0.7680120914910216,0.05235725511287615,-1.0677805961860354,5.725443475765637,-11.28390357779785,9.76604195342512,20.0,21.051546644230335,-57.267669625842146,-57.88536919384149,FLAT
2026-10-08T10:30:52.305018+00:00,1,PERP,OP|BITGET|GATE,OP,BITGET,GATE,-2.930423193678866,-0.08728602065336377,-2.267981479175658,7.5893219732623844,-15.917833024196026,10.06749424997233,21.999999999999996,25.992940056674723,-67.64279160169508,-66.32841578582271,FLAT
2026-10-08T10:30:52.695627+00:00,1,PERP,DOT|GATE|HTX,DOT,GATE,HTX,16.851398928954264,0.8650579678648636,5.648465130214618,12.950500677302276,-11.326544715297704,45.054682450580415,20.0,56.28636537744508,-99.2613752229574,-121.69258269781088,FLAT
2026-10-08T10:30:53.135253+00:00,1,PERP,AVAX|HTX|OKX,AVAX,HTX,OKX,4.634076794813868,1.0914990252655468,-4.468052719470274,8.339109155017082,-19.148750575621598,28.52492180296151,20.0,47.651345635816774,-88.3320434919681,-106.64432015824855,FLAT
2026-10-08T10:30:53.522637+00:00,1,PERP,OP|GATE|HTX,OP,GATE,HTX,29.64546294187187,-0.14148109240471016,30.93149450508691,9.089776883658173,6.640245118501031,52.690830908797004,20.0,45.914435315508804,-96.20568470209467,-93.67377171921889,FLAT
2026-10-08T10:31:03.844756+00:00,2,PERP,OP|GATE|OKX,OP,GATE,OKX,-1.4742062024908353,-0.0709858735004716,-1.0677805961860354,5.725443475765637,-11.718258404103121,8.7857817221626,20.0,20.507050903197506,-57.157528711114594,-56.360613221546146,FLAT
2026-10-08T10:31:04.162767+00:00,2,PERP,OP|BITGET|GATE,OP,BITGET,GATE,0.20507351389476014,0.3258598069475946,-2.267981479175658,7.5893219732623844,-11.606056150046395,12.025759107985312,21.999999999999996,23.631326778004773,-60.96940144887551,-65.92506736516575,FLAT
2026-10-08T10:31:04.555233+00:00,2,PERP,DOT|GATE|HTX,DOT,GATE,HTX,12.210669848040645,0.5067143642814744,5.648465130214618,12.950500677302276,-11.586755056961495,36.02947608719376,20.0,47.558149856548475,-90.7933700437246,-103.93916081352762,FLAT
2026-10-08T10:31:05.036429+00:00,2,PERP,AVAX|HTX|OKX,AVAX,HTX,OKX,7.838019426427145,1.4757058478475102,-4.468052719470274,8.339109155017082,-16.07522602745992,31.86134366884419,20.0,47.89877376576143,-85.50594707375107,-110.2281701540759,FLAT
2026-10-08T10:31:05.433290+00:00,2,PERP,OP|GATE|HTX,OP,GATE,HTX,30.33133293764312,-0.06602599548100865,30.93149450508691,9.089776883658173,4.23173897093454,56.47155361075073,20.0,52.081811966703604,-104.78156750085599,-103.62187107236744,FLAT
2026-10-08T11:11:04.164884+00:00,0,PERP,OP|GATE|OKX,OP,GATE,OKX,1.229101053614734,0.43728305250468963,-1.1103516813637835,5.349973481886606,-9.715714280134069,12.192167714348834,20.0,21.905174422113216,-56.510537020883504,-61.207693817825835,FLAT
2026-10-08T11:11:04.383900+00:00,0,PERP,OP|BITGET|GATE,OP,BITGET,GATE,-5.595050365968524,-0.5148807893131274,-2.0162007955099037,6.95083142494587,-21.52337142000804,10.356661102788323,21.999999999999996,31.897862375879065,-79.40503300037719,-72.27072427417728,FLAT
2026-10-08T11:11:04.764082+00:00,0,PERP,DOT|GATE|HTX,DOT,GATE,HTX,17.745140071430132,0.9125164505768221,6.04277971402761,12.82427330488694,-2.638345211103399,38.14713896457711,20.0,40.71322957570513,-75.39435450083613,-98.81758882625462,FLAT
2026-10-08T11:11:05.257112+00:00,0,PERP,AVAX|HTX|OKX,AVAX,HTX,OKX,4.6492193859482,1.0644072044574318,-4.3323126616291425,8.438060180319397,-18.04952084090261,27.444641086564747,20.0,45.47281515640132,-85.19002333567478,-103.2497689045952,FLAT
2026-10-08T11:11:15.514271+00:00,1,PERP,OP|GATE|OKX,OP,GATE,OKX,-0.0869220101751278,0.1912962138324011,-1.1103516813637835,5.349973481886606,-11.514540358840142,11.361155696492098,20.0,22.875876598795966,-59.280065276272325,-61.34738397665185,FLAT
2026-10-08T11:11:15.730848+00:00,1,PERP,OP|BITGET|GATE,OP,BITGET,GATE,-0.2843042423883446,0.2491639412957057,-2.0162007955099037,6.95083142494587,-15.20281978550253,14.652918952009486,21.999999999999996,29.856575850388012,-71.04319484038064,-74.5256955979074,FLAT
2026-10-08T11:11:16.174295+00:00,1,PERP,DOT|GATE|HTX,DOT,GATE,HTX,22.72473456783608,1.300810927622034,6.04277971402761,12.82427330488694,-1.8009620492187572,47.27272727272691,20.0,48.96241340711612,-82.80615517036249,-116.19236096581542,FLAT
2026-10-08T11:11:16.655356+00:00,1,PERP,AVAX|HTX|OKX,AVAX,HTX,OKX,-6.756966745485871,-0.28734733244874183,-4.3323126616291425,8.438060180319397,-29.563546212116876,16.146655031499257,20.0,45.74090219924723,-96.97213574973496,-92.21986989237563,FLAT
2026-10-08T11:11:26.916629+00:00,2,PERP,OP|GATE|OKX,OP,GATE,OKX,-0.5425304140915799,0.10613534238901837,-1.1103516813637835,5.349973481886606,-11.547225694233942,10.48008578125037,20.0,22.028492008128968,-58.46536602099913,-59.61892947074312,FLAT
2026-10-08T11:11:27.131356+00:00,2,PERP,OP|BITGET|GATE,OP,BITGET,GATE,-1.429180650091011,0.08445322717972034,-2.0162007955099037,6.95083142494587,-18.33859185289444,15.501258284920105,21.999999999999996,33.8446740867311,-78.16706514411563,-79.36213316716109,FLAT
2026-10-08T11:11:27.593483+00:00,2,PERP,DOT|GATE|HTX,DOT,GATE,HTX,26.885072927120834,1.625222164062182,6.04277971402761,12.82427330488694,-11.733281551075114,65.57377049180246,20.0,77.09970491749237,-120.8757661825951,-162.63069569526724,FLAT
2026-10-08T11:11:28.106406+00:00,2,PERP,AVAX|HTX|OKX,AVAX,HTX,OKX,-9.524936186171562,-0.6153811911241748,-4.3323126616291425,8.438060180319397,-25.56268719128063,6.558132487757273,20.0,32.151379726609875,-79.38175425626136,-69.0418248759963,FLAT
2026-10-08T12:17:45.038448+00:00,0,PERP,OP|GATE|OKX,OP,GATE,OKX,-4.795225580253026,-0.6963835150052637,-1.1166773674170054,5.282359696306447,-15.537688690446805,5.964222924037532,20.0,21.512213788689774,-61.93322511171958,-54.59311408014432,FLAT
2026-10-08T12:17:45.401589+00:00,0,PERP,OP|BITGET|GATE,OP,BITGET,GATE,-0.5218801600548328,0.21513528965540718,-2.008836190840407,6.911725329523135,-12.55486013779561,11.52089068829687,21.999999999999996,24.077003375482406,-62.62302732243761,-65.60673025461968,FLAT
2026-10-08T12:17:45.782892+00:00,0,PERP,DOT|GATE|HTX,DOT,GATE,HTX,15.26641832922948,0.7131736481696355,6.140421141523186,12.796318555976125,-24.680208390437386,55.249327180342256,20.0,79.80768135641291,-136.62831088837348,-154.916587395232,FLAT
2026-10-08T12:17:46.598570+00:00,0,PERP,AVAX|HTX|OKX,AVAX,HTX,OKX,-11.997175699923757,-0.8603306475492437,-4.585649578806444,8.61474148599721,-28.93556452443713,4.995127823299583,20.0,33.971362719872914,-84.3212776655036,-69.55214012197894,FLAT
2026-10-08T12:17:56.937128+00:00,1,PERP,OP|GATE|OKX,OP,GATE,OKX,-2.825433946902489,-0.32348357130626443,-1.1166773674170054,5.282359696306447,-13.43687024460749,7.8017775191896455,20.0,21.244638578973028,-59.56483145616351,-56.16309346557968,FLAT
2026-10-08T12:17:57.258039+00:00,1,PERP,OP|BITGET|GATE,OP,BITGET,GATE,-3.1643199813691236,-0.16717733061427045,-2.008836190840407,6.911725329523135,-14.840309379300365,8.521162090868728,21.999999999999996,23.36886226870793,-64.20033545716788,-61.89886055041706,FLAT
2026-10-08T12:17:57.653994+00:00,1,PERP,DOT|GATE|HTX,DOT,GATE,HTX,21.695824625920235,1.2156155238205115,6.140421141523186,12.796318555976125,-9.866639447082548,53.28695578709297,20.0,63.01686194290563,-105.02392253151135,-136.1633965884754,FLAT
2026-10-08T12:17:58.144255+00:00,1,PERP,AVAX|HTX|OKX,AVAX,HTX,OKX,-7.7349682963634425,-0.36557321222883404,-4.585649578806444,8.61474148599721,-32.4011791431289,17.0473214655531,20.0,49.48650577213464,-103.30203533645711,-97.1194768164942,FLAT
2026-10-08T12:18:08.490072+00:00,2,PERP,OP|GATE|OKX,OP,GATE,OKX,-3.42217766588937,-0.43645272776187993,-1.1166773674170054,5.282359696306447,-14.070012407000343,7.242398297768737,20.0,21.31969353218989,-60.273028571773224,-55.67876919737563,FLAT
2026-10-08T12:18:08.831475+00:00,2,PERP,OP|BITGET|GATE,OP,BITGET,GATE,-2.0834608124431497,-0.010796815273313424,-2.008836190840407,6.911725329523135,-13.495005992354425,9.337369595441292,21.999999999999996,22.837129838286828,-62.323299639800844,-62.18333562456853,FLAT
2026-10-08T12:18:09.216955+00:00,2,PERP,DOT|GATE|HTX,DOT,GATE,HTX,29.456168639570013,1.8220668230518478,6.140421141523186,12.796318555976125,-2.6438170552434137,61.58533613956241,20.0,64.04050115619357,-98.82473935296017,-145.48541615423278,FLAT
2026-10-08T12:18:09.696403+00:00,2,PERP,AVAX|HTX|OKX,AVAX,HTX,OKX,-7.1007680426637965,-0.29195518727352876,-4.585649578806444,8.61474148599721,-19.79540088306697,5.624148900167381,20.0,25.437576336561825,-66.64732764082235,-61.64737481553565,FLAT
2026-10-08T12:47:35.202199+00:00,0,PERP,OP|GATE|OKX,OP,GATE,OKX,-1.1240518269606259,-0.0013929224627840181,-1.1166939108058709,5.282358746694934,-11.815795823987285,9.584817809478174,20.0,21.40300573760537,-58.102107650786785,-58.104517457889415,FLAT
2026-10-08T12:47:35.534028+00:00,0,PERP,OP|BITGET|GATE,OP,BITGET,GATE,-2.1369953184935397,-0.02182903494740851,-1.986381141149561,6.89971763327353,-17.308494819450182,13.054654080293382,21.999999999999996,30.369625502419066,-73.69173918071968,-73.41066072386201,FLAT
2026-10-08T12:47:35.994708+00:00,0,PERP,DOT|GATE|HTX,DOT,GATE,HTX,13.01053641787897,0.551001179596497,5.763822199876781,13.151903274161812,-10.831829016536565,36.874439671112924,20.0,47.64427121146013,-90.23992242787348,-104.75488868269628,FLAT
2026-10-08T12:47:36.538060+00:00,0,PERP,AVAX|HTX|OKX,AVAX,HTX,OKX,-4.11692831554511,0.037216402755681756,-4.431067467999369,8.440878999416459,-20.137799701501756,11.95174687007361,20.0,32.102691806341085,-73.80942403984346,-74.48550614441406,FLAT
2026-10-08T12:47:46.882699+00:00,1,PERP,OP|GATE|OKX,OP,GATE,OKX,-1.154976898445348,-0.007247328224996062,-1.1166939108058709,5.282358746694934,-11.997025314601784,9.705483179083263,20.0,21.704999751194098,-58.58533115499001,-58.52717684108323,FLAT
2026-10-08T12:47:47.209764+00:00,1,PERP,OP|BITGET|GATE,OP,BITGET,GATE,-2.8068706200168325,-0.11891638505762953,-1.986381141149561,6.89971763327353,-15.197174844026051,9.593531651441722,21.999999999999996,24.797662765316648,-66.00845646819313,-64.37757555790793,FLAT
2026-10-08T12:47:47.603977+00:00,1,PERP,DOT|GATE|HTX,DOT,GATE,HTX,13.20141506410799,0.5655145653970161,5.763822199876781,13.151903274161812,-10.431776252919356,36.874439671112924,20.0,47.24381386357417,-89.4394123163703,-104.3544313348103,FLAT
2026-10-08T12:47:48.138501+00:00,1,PERP,AVAX|HTX|OKX,AVAX,HTX,OKX,-4.583201102865697,-0.018023435103956105,-4.431067467999369,8.440878999416459,-21.068958129369932,11.95174687007361,20.0,33.03577267866376,-75.67366334003432,-75.41858701673674,FLAT
2026-10-08T12:47:58.488138+00:00,2,PERP,OP|GATE|OKX,OP,GATE,OKX,-0.3579572646039697,0.1436359555618269,-1.1166939108058709,5.282358746694934,-11.393242042027074,10.695438822363457,20.0,22.089456722422348,-58.36600485364355,-59.901589455591676,FLAT
2026-10-08T12:47:58.810165+00:00,2,PERP,OP|BITGET|GATE,OP,BITGET,GATE,-2.4241532971736035,-0.06344783646114863,-1.986381141149561,6.89971763327353,-18.008117975995,13.182892467256124,21.999999999999996,31.198556371771726,-75.22029320661716,-74.3678299801774,FLAT
2026-10-08T12:47:59.326085+00:00,2,PERP,DOT|GATE|HTX,DOT,GATE,HTX,13.01053641787897,0.551001179596497,5.763822199876781,13.151903274161812,-10.831829016536565,36.874439671112924,20.0,47.64427121146013,-90.23992242787348,-104.75488868269628,FLAT
2026-10-08T12:47:59.837252+00:00,2,PERP,AVAX|HTX|OKX,AVAX,HTX,OKX,-3.02692008052885,0.16635084895395272,-4.431067467999369,8.440878999416459,-15.699353677027794,9.674581047880437,20.0,25.38158422881227,-62.6498704378407,-65.48723274469208,FLAT
2026-10-08T13:09:14.514039+00:00,0,PERP,OP|GATE|OKX,OP,GATE,OKX,-1.6621755048729092,-0.0855251952707097,-1.2073302271548323,5.318260616399321,-13.530704991676634,10.228594205194952,20.0,23.763228244190067,-62.08660300871187,-61.19915267653985,FLAT
2026-10-08T13:09:14.754498+00:00,0,PERP,OP|BITGET|GATE,OP,BITGET,GATE,-0.9883503707563968,0.1411824283394702,-1.9577839705019042,6.866531558831986,-14.23746779400381,12.271582658549551,21.999999999999996,26.511666321345174,-66.79135014484709,-68.74103295039663,FLAT
2026-10-08T13:09:15.135706+00:00,0,PERP,DOT|GATE|HTX,DOT,GATE,HTX,16.334578627394958,0.7725012173970539,6.46055003651146,12.78189389028289,-11.701137537637463,44.39573555120147,20.0,56.00537912419313,-100.16706669834204,-119.94056463888313,FLAT
2026-10-08T13:09:15.570730+00:00,0,PERP,AVAX|HTX|OKX,AVAX,HTX,OKX,-2.2905247351556746,0.2698831851372152,-4.6064313755016855,8.581144613246458,-17.254069833807506,12.714133116722426,20.0,29.975012399532805,-68.62265085783862,-73.29557689175691,FLAT
2026-10-08T13:09:25.864455+00:00,1,PERP,OP|GATE|OKX,OP,GATE,OKX,0.05493086793650903,0.23734472342311486,-1.2073302271548323,5.318260616399321,-10.963022608905248,11.091712291844136,20.0,22.0545976796663,-57.810290061416715,-60.35364019866527,FLAT
2026-10-08T13:09:26.112636+00:00,1,PERP,OP|BITGET|GATE,OP,BITGET,GATE,-0.6690306727563655,0.18768621198396687,-1.9577839705019042,6.866531558831986,-13.230248460720517,11.902449548042426,21.999999999999996,25.134375385112026,-64.40683987533063,-66.99460890365636,FLAT
2026-10-08T13:09:26.488601+00:00,1,PERP,DOT|GATE|HTX,DOT,GATE,HTX,21.235552347922404,1.1559321676612622,6.46055003651146,12.78189389028289,-10.692914779425466,53.19301899127993,20.0,63.750542808156204,-106.90400762409314,-136.48301176292466,FLAT
2026-10-08T13:09:26.922125+00:00,1,PERP,AVAX|HTX|OKX,AVAX,HTX,OKX,-3.7705190147330203,0.0974126877524348,-4.6064313755016855,8.581144613246458,-17.158174827993644,9.650299460248757,20.0,26.818545248795584,-65.37028870128755,-67.07527608454603,FLAT
2026-10-08T13:09:37.220373+00:00,2,PERP,OP|GATE|OKX,OP,GATE,OKX,-2.0940055052176554,-0.16672279566907316,-1.2073302271548323,5.318260616399321,-11.636540931195816,7.464238217238517,20.0,19.10476677876351,-55.53397748280449,-53.776335223156856,FLAT
2026-10-08T13:09:37.476948+00:00,2,PERP,OP|BITGET|GATE,OP,BITGET,GATE,0.9652368879842221,0.4256910251473947,-1.9577839705019042,6.866531558831986,-11.645342592063734,13.586127553217864,21.999999999999996,25.229030732364922,-62.91658935392675,-68.77294225608469,FLAT
2026-10-08T13:09:37.856777+00:00,2,PERP,DOT|GATE|HTX,DOT,GATE,HTX,13.21045326209136,0.528083184191612,6.46055003651146,12.78189389028289,-34.109224361453805,60.61616666312997,20.0,94.60034154222735,-161.1701159401926,-174.75595816884586,FLAT
2026-10-08T13:09:38.279035+00:00,2,PERP,AVAX|HTX|OKX,AVAX,HTX,OKX,-8.288139533895178,-0.4290462781282288,-4.6064313755016855,8.581144613246458,-22.026223495269505,5.48652006596928,20.0,27.53551675782521,-70.95530887759303,-63.62846819929617,FLAT
2026-10-08T13:57:16.494566+00:00,0,PERP,OP|GATE|OKX,OP,GATE,OKX,-0.32055924973573013,0.17893342729304687,-1.2977819793832175,5.461376023648439,-12.453149920580442,11.834107796038218,20.0,24.2880162246931,-61.44338416589032,-63.41990600011453,FLAT
2026-10-08T13:57:16.841241+00:00,0,PERP,OP|BITGET|GATE,OP,BITGET,GATE,-3.596459477005487,-0.2400630688059919,-1.9464830482136972,6.873095628570948,-19.175226343970397,12.004299512420324,21.999999999999996,31.190727963415576,-76.41947125917227,-73.1415105240496,FLAT
2026-10-08T13:57:17.240516+00:00,0,PERP,DOT|GATE|HTX,DOT,GATE,HTX,17.91717915763602,0.9070299211359453,6.371779623646752,12.728796773903612,-11.499361949823816,47.36034156926472,20.0,58.75442013151649,-102.62556170498706,-125.74298207713446,FLAT
2026-10-08T13:57:17.695479+00:00,0,PERP,AVAX|HTX|OKX,AVAX,HTX,OKX,-9.815028253679081,-0.622598482922842,-4.494966425873412,8.54493220547243,-22.93286940665551,3.3340594888664477,20.0,26.29269808268583,-70.73060106346793,-60.12172399742569,FLAT
2026-10-08T13:57:28.121156+00:00,1,PERP,OP|GATE|OKX,OP,GATE,OKX,1.791189009174854,0.5656030595920226,-1.2977819793832175,5.461376023648439,-9.215959934908424,12.816183689998706,20.0,22.028183506083366,-55.946361461608575,-62.14214917546529,FLAT
2026-10-08T13:57:28.474662+00:00,1,PERP,OP|BITGET|GATE,OP,BITGET,GATE,-5.150977423077352,-0.4662374202306759,-1.9464830482136972,6.873095628570948,-17.180276629955582,6.8881256136354985,21.999999999999996,24.080802217032375,-67.31459579877426,-60.915410878881566,FLAT
2026-10-08T13:57:28.933779+00:00,1,PERP,DOT|GATE|HTX,DOT,GATE,HTX,11.930646172093606,0.4367157907527881,6.371779623646752,12.728796773903612,-17.21047210129001,41.11433412216536,20.0,58.25527284821429,-107.83752457315106,-118.99782734673289,FLAT
2026-10-08T13:57:29.434725+00:00,1,PERP,AVAX|HTX|OKX,AVAX,HTX,OKX,-2.7822906529306746,0.20043175671375002,-4.494966425873412,8.54493220547243,-17.03898344881938,11.51289692018942,20.0,28.559774628223575,-67.10379165116954,-70.56763797428641,FLAT
2026-10-08T13:57:39.792442+00:00,2,PERP,OP|GATE|OKX,OP,GATE,OKX,-0.09966284251428092,0.219380451315004,-1.2977819793832175,5.461376023648439,-12.318844814178664,12.141826290239521,20.0,24.460894545400755,-61.48195738019621,-63.90050281502349,FLAT
2026-10-08T13:57:40.152656+00:00,2,PERP,OP|BITGET|GATE,OP,BITGET,GATE,6.664920781747075,1.2529148865852826,-1.9464830482136972,6.873095628570948,-9.984282034144476,23.338801354590988,21.999999999999996,33.300870347081386,-69.33866933301216,-86.58615474988608,FLAT
2026-10-08T13:57:40.552930+00:00,2,PERP,DOT|GATE|HTX,DOT,GATE,HTX,14.797087177074175,0.6619091893038046,6.371779623646752,12.728796773903612,-11.658549865516399,41.276644325487496,20.0,52.85697046211506,-96.88729995127821,-113.7618351639558,FLAT
2026-10-08T13:57:40.987325+00:00,2,PERP,AVAX|HTX|OKX,AVAX,HTX,OKX,-0.6150242534297412,0.454063540721697,-4.494966425873412,8.54493220547243,-15.20983567444123,14.019310506649951,20.0,29.230890508715355,-65.94575975728317,-73.74516744123872,FLAT
2026-10-08T14:23:01.812565+00:00,0,PERP,OP|GATE|OKX,OP,GATE,OKX,-3.3990253532489856,-0.36871017095942493,-1.4148003065915824,5.38153054333768,-15.90363329978639,9.128744996644844,20.0,25.04086831894002,-65.52970131213483,-61.58441362217645,FLAT
2026-10-08T14:23:02.055903+00:00,0,PERP,OP|BITGET|GATE,OP,BITGET,GATE,-1.790141719776317,0.02036396802842295,-1.9295574278664165,6.846195588969223,-17.92400182303977,14.366147919215866,21.999999999999996,32.29591558873196,-76.29035998390532,-76.59162093581423,FLAT
2026-10-08T14:23:02.431531+00:00,0,PERP,DOT|GATE|HTX,DOT,GATE,HTX,19.699076458579157,1.0260620046444886,5.9600128019090475,13.390091041749898,-10.563533090486299,50.01372543133043,20.0,60.4581169101379,-102.98166280253325,-130.5118295395593,FLAT
2026-10-08T14:23:03.680516+00:00,0,PERP,AVAX|HTX|OKX,AVAX,HTX,OKX,-4.056766532555267,0.04656884498605781,-4.467639443928029,8.822913935180749,-24.34802819674009,16.314875270280194,20.0,40.679247196946626,-86.55963594975867,-87.46176191115484,FLAT
2026-10-08T14:23:13.969041+00:00,1,PERP,OP|GATE|OKX,OP,GATE,OKX,-3.0048139721561284,-0.29545751952164956,-1.4148003065915824,5.38153054333768,-16.83591810205609,10.855078269664808,20.0,27.699289564254375,-69.12040735971888,-65.96916814051076,FLAT
2026-10-08T14:23:14.259533+00:00,1,PERP,OP|BITGET|GATE,OP,BITGET,GATE,0.17144823471593185,0.3068865963992536,-1.9295574278664165,6.846195588969223,-14.493932188666125,14.848636532835968,21.999999999999996,29.34206090538826,-69.90643566618796,-74.12025486609063,FLAT
2026-10-08T14:23:14.637724+00:00,1,PERP,DOT|GATE|HTX,DOT,GATE,HTX,29.19732637254091,1.7354111707066533,5.9600128019090475,13.390091041749898,-2.6929982046697276,61.11630353248465,20.0,63.62352518816422,-98.276536194743,-144.7798159187398,FLAT
2026-10-08T14:23:15.093476+00:00,1,PERP,AVAX|HTX|OKX,AVAX,HTX,OKX,-7.751373943591933,-0.37218253785410327,-4.467639443928029,8.822913935180749,-19.868780142624498,4.393463034115808,20.0,24.281033300515464,-65.68217399921193,-59.14213577855929,FLAT
2026-10-08T14:23:25.370187+00:00,2,PERP,OP|GATE|OKX,OP,GATE,OKX,-2.9241107390287624,-0.2804611848400084,-1.4148003065915824,5.38153054333768,-16.99869907217377,11.181555788242203,20.0,28.18846320506876,-69.77236197065095,-66.78481929990254,FLAT
2026-10-08T14:23:25.664791+00:00,2,PERP,OP|BITGET|GATE,OP,BITGET,GATE,-2.0743416425550443,-0.02114812713237525,-1.9295574278664165,6.846195588969223,-16.940724585950974,12.804011013354266,21.999999999999996,29.750902136039056,-72.7620692941236,-72.48447057725974,FLAT
2026-10-08T14:23:26.059242+00:00,2,PERP,DOT|GATE|HTX,DOT,GATE,HTX,29.10335560767585,1.7283932374773676,5.9600128019090475,13.390091041749898,-2.6929982046697276,60.92827757259389,20.0,63.43664103690874,-98.08965204348752,-144.4049058075936,FLAT
2026-10-08T14:23:26.470358+00:00,2,PERP,AVAX|HTX|OKX,AVAX,HTX,OKX,-7.265720712430479,-0.31713799874498355,-4.467639443928029,8.822913935180749,-19.956830641076895,5.455846675777032,20.0,25.431118353485154,-66.92030955063402,-61.354604473190214,FLAT
2026-10-08T14:46:42.861129+00:00,0,PERP,OP|GATE|OKX,OP,GATE,OKX,-1.375595610019209,-0.02838260693630373,-1.225157833208886,5.300350920827523,-12.542148065669556,9.811375126527189,20.0,22.3565799029328,-59.67357013539347,-59.39311286266887,FLAT
2026-10-08T14:46:43.230721+00:00,0,PERP,OP|BITGET|GATE,OP,BITGET,GATE,-2.6879696854165136,-0.09223871260779881,-2.0524679490070232,6.889750717918829,-15.912291926284405,10.546991591846577,21.999999999999996,26.466393326566532,-68.32621730384392,-67.06585286742013,FLAT
2026-10-08T14:46:43.630775+00:00,0,PERP,DOT|GATE|HTX,DOT,GATE,HTX,21.307732103252874,1.1393329217684662,5.7334302751418775,13.669667162725933,-2.712477396022983,45.36986826900291,20.0,47.980074448701835,-82.42598211986669,-113.61651244256285,FLAT
2026-10-08T14:46:44.148101+00:00,0,PERP,AVAX|HTX|OKX,AVAX,HTX,OKX,0.4892295798142321,0.5966851083198026,-4.6637499708224635,8.636011656377516,-14.586762373638429,15.606908053851232,20.0,30.192135784915582,-66.11514818773155,-76.46279380958927,FLAT
2026-10-08T14:46:54.562235+00:00,1,PERP,OP|GATE|OKX,OP,GATE,OKX,-3.2922782450073296,-0.38999689693672435,-1.225157833208886,5.300350920827523,-14.011065484066387,7.445157595371565,20.0,21.463273177807157,-60.249180828664656,-56.133588606387605,FLAT
2026-10-08T14:46:54.940321+00:00,1,PERP,OP|BITGET|GATE,OP,BITGET,GATE,-0.7081259382446525,0.19512201033137713,-2.0524679490070232,6.889750717918829,-13.47790865615428,12.071930136634546,21.999999999999996,25.551644040157075,-64.97708474730433,-67.67604212579865,FLAT
2026-10-08T14:46:55.341028+00:00,1,PERP,DOT|GATE|HTX,DOT,GATE,HTX,17.105530850596296,0.8319222728746128,5.7334302751418775,13.669667162725933,-2.712477396022983,36.94147394631253,20.0,39.58622888474562,-74.03213655591048,-96.79427255591628,FLAT
2026-10-08T14:46:55.809301+00:00,1,PERP,AVAX|HTX|OKX,AVAX,HTX,OKX,0.2157706971583906,0.5650201576994665,-4.6637499708224635,8.636011656377516,-15.624920519755614,16.102669094142374,20.0,31.72683774685511,-68.68800829578826,-78.49325681181995,FLAT
2026-10-08T14:47:06.200749+00:00,2,PERP,OP|GATE|OKX,OP,GATE,OKX,-2.8816034611234276,-0.312516218766875,-1.225157833208886,5.300350920827523,-14.042333031352161,8.298205618286758,20.0,22.346961863414453,-61.164137061557724,-57.87032531491009,FLAT
2026-10-08T14:47:06.538222+00:00,2,PERP,OP|BITGET|GATE,OP,BITGET,GATE,-3.3612115868109083,-0.18995515097521762,-2.0524679490070232,6.889750717918829,-18.266200989981442,11.562311368067402,21.999999999999996,29.83853020381811,-74.05226324479253,-71.45330952089253,FLAT
2026-10-08T14:47:06.936048+00:00,2,PERP,DOT|GATE|HTX,DOT,GATE,HTX,22.073066334102887,1.195320695409137,5.7334302751418775,13.669667162725933,-1.8650906594019911,46.03290644082936,20.0,47.792494594081056,-81.39101552862493,-114.09197075976854,FLAT
2026-10-08T14:47:07.416262+00:00,2,PERP,AVAX|HTX|OKX,AVAX,HTX,OKX,-2.5436911934895168,0.2454904951138327,-4.6637499708224635,8.636011656377516,-18.452287448058602,13.411310319644265,20.0,31.87163734469705,-71.66017482193318,-75.94669763516379,FLAT
2026-10-08T15:05:06.164062+00:00,0,PERP,OP|GATE|OKX,OP,GATE,OKX,0.09141293761949498,0.26548778648752114,-1.3221672329992284,5.324464033998667,-11.942940420520687,12.148164736389688,20.0,24.090864110541073,-60.711637298062534,-63.56119607992999,FLAT
2026-10-08T15:05:06.428481+00:00,0,PERP,OP|BITGET|GATE,OP,BITGET,GATE,-4.6022347044616385,-0.34959136624446535,-2.1474625770964706,7.021832815083234,-16.944590229648337,7.750130841428504,21.999999999999996,24.706087334762163,-67.50321498731402,-62.603680753287136,FLAT
2026-10-08T15:05:06.666290+00:00,0,SPOT,WIF|GATE|HTX,WIF,GATE,HTX,116.73514887584835,3.8168703237501975,16.20114512558128,26.33938154112849,-11.8441564495686,245.50597636032956,60.0,254.3804760037364,-348.42577757888625,-549.6853072384846,FLAT
2026-10-08T15:05:07.046569+00:00,0,PERP,DOT|GATE|HTX,DOT,GATE,HTX,26.814862350579283,1.439016910215952,6.783680315484739,13.920046312790364,-1.7913957434112504,55.4472448811838,20.0,57.08555457226613,-91.66063063116212,-131.74911913796518,FLAT
2026-10-08T15:05:07.324930+00:00,0,SPOT,WIF|BITGET|HTX,WIF,BITGET,HTX,111.7411329069684,3.6215276527892613,16.15807685915889,26.393021181045654,-16.846508980724593,240.52216336897027,60.0,254.52444208509107,-353.52902792497457,-544.8885285949025,FLAT
2026-10-08T15:05:07.723804+00:00,0,PERP,AVAX|HTX|OKX,AVAX,HTX,OKX,-8.442717500974917,-0.4570479318225789,-4.5218803709043405,8.57861256353437,-24.575619846473053,7.739446001688854,20.0,32.342296441565836,-78.39603591713455,-70.60362281415902,FLAT
2026-10-08T15:05:18.019056+00:00,1,PERP,OP|GATE|OKX,OP,GATE,OKX,-1.755598029848926,-0.08140364815727592,-1.3221672329992284,5.324464033998667,-11.804127382951668,8.30745684177403,20.0,20.11510513761909,-56.597065287571525,-55.74472921239235,FLAT
2026-10-08T15:05:18.311876+00:00,1,PERP,OP|BITGET|GATE,OP,BITGET,GATE,-4.344660445654291,-0.31290945347461624,-2.1474625770964706,7.021832815083234,-17.494771291823863,8.816115535019708,21.999999999999996,26.32231865739613,-69.66962737212351,-65.2858967695123,FLAT
2026-10-08T15:05:18.551513+00:00,1,SPOT,WIF|GATE|HTX,WIF,GATE,HTX,116.47130250047377,3.8068531418751186,16.20114512558128,26.33938154112849,-11.328755779594912,244.44182505292122,60.0,252.82577251951878,-346.35567342469494,-547.0664524468586,FLAT
2026-10-08T15:05:18.927500+00:00,1,PERP,DOT|GATE|HTX,DOT,GATE,HTX,30.94890468097633,1.7360017217246968,6.783680315484739,13.920046312790364,6.472916980952981,55.4472448811838,20.0,48.82321519493834,-75.1339785294701,-123.4867797606374,FLAT
2026-10-08T15:05:19.187722+00:00,1,SPOT,WIF|BITGET|HTX,WIF,BITGET,HTX,117.16084283155404,3.8268739785247106,16.15807685915889,26.393021181045654,-16.17051553907567,250.68368277119336,60.0,263.76378220921833,-362.0923746074529,-564.2893881212528,FLAT
2026-10-08T15:05:19.619045+00:00,1,PERP,AVAX|HTX|OKX,AVAX,HTX,OKX,-14.055182276458966,-1.1112871498683146,-4.5218803709043405,8.57861256353437,-31.085128639694037,3.028641451250369,20.0,34.16169989195884,-86.72494816074854,-67.71222171411355,FLAT
2026-10-08T15:05:29.912223+00:00,2,PERP,OP|GATE|OKX,OP,GATE,OKX,-1.1578306996462562,0.030864427349611697,-1.3221672329992284,5.324464033998667,-12.992007851124754,10.697708129889794,20.0,23.692439902020702,-61.36228052014623,-61.712315264909726,FLAT
2026-10-08T15:05:30.171684+00:00,2,PERP,OP|BITGET|GATE,OP,BITGET,GATE,-2.8782492442724905,-0.10407349283598082,-2.1474625770964706,7.021832815083234,-16.111112771358684,10.365337835105404,21.999999999999996,26.48406903835462,-68.44771923261683,-66.99686945055649,FLAT
2026-10-08T15:05:30.537979+00:00,2,SPOT,WIF|GATE|HTX,WIF,GATE,HTX,122.65599779241798,4.04166105800963,16.20114512558128,26.33938154112849,-11.03912342975022,256.55437608797405,60.0,264.35092251212245,-357.59119106745396,-570.7041534745152,FLAT
2026-10-08T15:05:30.929320+00:00,2,PERP,DOT|GATE|HTX,DOT,GATE,HTX,26.85298912099121,1.4417558932304624,6.783680315484739,13.920046312790364,-1.7913957434112504,55.52353324097537,20.0,57.16142154189171,-91.7364976007877,-131.90127446738234,FLAT
2026-10-08T15:05:31.432272+00:00,2,SPOT,WIF|BITGET|HTX,WIF,BITGET,HTX,116.54826851245303,3.8036642703636416,16.15807685915889,26.393021181045654,-17.02200476627724,250.3204241257606,60.0,264.2623445722814,-363.4424261977175,-564.4246918388831,FLAT
2026-10-08T15:05:31.869500+00:00,2,PERP,AVAX|HTX|OKX,AVAX,HTX,OKX,-7.121335962892994,-0.303015851658614,-4.5218803709043405,8.57861256353437,-18.78812956344289,4.569943737118276,20.0,23.37469353652952,-63.64094272906807,-58.46651764455214,FLAT
2026-10-08T15:29:36.891825+00:00,0,PERP,OP|GATE|OKX,OP,GATE,OKX,6.130629416110089,1.4054073116843444,-1.5929087679081608,5.495587022926321,-9.785263738625316,22.083598023585616,20.0,31.84929300827711,-66.04164797899426,-81.5257997997709,FLAT
2026-10-08T15:29:37.222563+00:00,0,PERP,OP|BITGET|GATE,OP,BITGET,GATE,0.6369817298712555,0.3648059389415429,-1.8738513458784682,6.8826540572083825,-14.423248485117002,15.710194901941144,21.999999999999996,30.13151847069122,-70.68091560992976,-75.71556471851083,FLAT
2026-10-08T15:29:37.504612+00:00,0,SPOT,WIF|GATE|HTX,WIF,GATE,HTX,154.93934961656743,3.998512168341065,18.29936627727322,34.17270664352749,-9.932225976622133,320.24557639318107,60.0,325.13953931266633,-419.3711315665617,-693.0857494285742,FLAT
2026-10-08T15:29:37.889611+00:00,0,PERP,DOT|GATE|HTX,DOT,GATE,HTX,10.249861634226143,0.2734168176387207,6.544967529409671,13.55035193816034,-25.414845188275194,45.979157171798235,20.0,71.32084105272261,-129.28065377040747,-136.75503069511117,FLAT
2026-10-08T15:29:38.335699+00:00,0,PERP,AVAX|HTX|OKX,AVAX,HTX,OKX,-4.775509306658154,-0.03263303506565586,-4.4951522762713845,8.59120304999848,-22.66486006670676,13.172317116536547,20.0,35.8542039767507,-80.02391176718608,-79.52167336955864,FLAT
2026-10-08T15:29:48.694653+00:00,1,PERP,OP|GATE|OKX,OP,GATE,OKX,3.347887054465648,0.8990478727316934,-1.5929087679081608,5.495587022926321,-12.859567298639796,19.59392670695781,20.0,32.442586718332635,-69.70924524906427,-79.62942219319861,FLAT
2026-10-08T15:29:49.005951+00:00,1,PERP,OP|BITGET|GATE,OP,BITGET,GATE,-6.677084009122369,-0.6978750672806736,-1.8738513458784682,6.8826540572083825,-22.200472999692742,8.859641226284243,21.999999999999996,31.080861452107268,-79.40748310592154,-69.81435402426997,FLAT
2026-10-08T15:29:49.297994+00:00,1,SPOT,WIF|GATE|HTX,WIF,GATE,HTX,140.18498342760034,3.566753386606939,18.29936627727322,34.17270664352749,-10.216190130080127,290.9741644956898,60.0,297.02599633890264,-391.541552746256,-635.7007945573192,FLAT
2026-10-08T15:29:50.038437+00:00,1,PERP,DOT|GATE|HTX,DOT,GATE,HTX,17.3276987930171,0.795752856665016,6.544967529409671,13.55035193816034,-12.366211345529177,47.07887780357245,20.0,59.34220758690035,-104.2533864618392,-125.87611786106312,FLAT
2026-10-08T15:29:50.536815+00:00,1,PERP,AVAX|HTX|OKX,AVAX,HTX,OKX,-1.0445046893159393,0.4016489386729203,-4.4951522762713845,8.59120304999848,-22.51568365273848,20.514950018437617,20.0,43.03494759722782,-87.0554789736949,-94.04504989193681,FLAT
2026-10-08T15:30:00.890310+00:00,2,PERP,OP|GATE|OKX,OP,GATE,OKX,12.69290839208903,2.5995070409039216,-1.5929087679081608,5.495587022926321,-3.045568280116706,28.467735978441322,20.0,31.473313538857546,-58.925973051066094,-87.53395828520704,FLAT
2026-10-08T15:30:01.255620+00:00,2,PERP,OP|BITGET|GATE,OP,BITGET,GATE,-6.50932117471803,-0.6735003372695616,-1.8738513458784682,6.8826540572083825,-21.96117267237785,8.9558051094496,21.999999999999996,30.937110040594835,-79.02443136709421,-69.7667664959229,FLAT
2026-10-08T15:30:02.002173+00:00,2,SPOT,WIF|GATE|HTX,WIF,GATE,HTX,144.1698577117534,3.6833632391925493,18.29936627727322,34.17270664352749,-17.474697516127733,306.2956423536467,60.0,319.16818147337557,-420.9422452667765,-673.164457549749,FLAT
2026-10-08T15:30:02.475038+00:00,2,PERP,DOT|GATE|HTX,DOT,GATE,HTX,7.678826298180841,0.08367744055252246,6.544967529409671,13.55035193816034,-31.554748883769747,46.98792328029056,20.0,78.48233432566988,-142.58205073884932,-144.92529007655077,FLAT
2026-10-08T15:30:02.943699+00:00,2,PERP,AVAX|HTX|OKX,AVAX,HTX,OKX,-9.653235397174553,-0.6003912479875657,-4.4951522762713845,8.59120304999848,-34.52916901872438,15.336859149039928,20.0,49.913949923968545,-105.94796666642154,-95.74596134927985,FLAT
2026-10-08T16:14:37.208839+00:00,0,PERP,OP|GATE|OKX,OP,GATE,OKX,-1.1735103864873864,0.039396251701069834,-1.3777395463336926,5.183974389136116,-12.733870447001472,10.407445372158097,20.0,23.144013463071147,-60.500144363738926,-60.92919838156294,FLAT
2026-10-08T16:14:37.450077+00:00,0,PERP,OP|BITGET|GATE,OP,BITGET,GATE,-3.3986447225775596,-0.21369981644418326,-1.911083670210432,6.9609842306798,-16.321327114419137,9.535284564294866,21.999999999999996,25.865397516309052,-68.27564096051775,-65.31176575081435,FLAT
2026-10-08T16:14:37.910101+00:00,0,PERP,OP|GATE|HTX,OP,GATE,HTX,36.48294605978375,0.43799740334151355,31.862543281430494,10.548927329486139,16.55858692628298,56.44153665521179,20.0,39.73794461912012,-81.04190097426763,-90.31693799290143,FLAT
2026-10-08T16:14:38.388804+00:00,0,PERP,DOT|GATE|HTX,DOT,GATE,HTX,24.519658312551762,1.3508097423584642,6.168475239984271,13.585320343135074,-18.30496069184062,67.42727076462396,20.0,85.52245298179207,-135.99588891361697,-172.78124850643175,FLAT
2026-10-08T16:14:38.915854+00:00,0,PERP,AVAX|HTX|OKX,AVAX,HTX,OKX,-4.382511419923629,0.01817011884839808,-4.538470045760288,8.5832474260568,-26.837645370467733,18.166861153967595,20.0,45.02404102785901,-93.32321635256646,-93.7293722275869,FLAT
2026-10-08T16:14:49.158961+00:00,1,PERP,OP|GATE|OKX,OP,GATE,OKX,-1.162054076784269,0.0416061989043442,-1.3777395463336926,5.183974389136116,-12.460059885830432,10.1532003841176,20.0,22.61587520023967,-59.69819553973641,-60.14681513069097,FLAT
2026-10-08T16:14:49.408891+00:00,1,PERP,OP|BITGET|GATE,OP,BITGET,GATE,0.966128844432923,0.41333415208187735,-1.911083670210432,6.9609842306798,-14.226733514525192,16.182026541911032,21.999999999999996,30.405805014108278,-70.72145485842303,-76.49891522622974,FLAT
2026-10-08T16:14:49.870115+00:00,1,PERP,OP|GATE|HTX,OP,GATE,HTX,40.67633176097152,0.8355151385776365,31.862543281430494,10.548927329486139,27.36566933518647,54.007315559043704,20.0,26.533701359448234,-57.03057530569225,-74.67847363706144,FLAT
2026-10-08T16:14:50.332313+00:00,1,PERP,DOT|GATE|HTX,DOT,GATE,HTX,29.220707708996763,1.6968486488919072,6.168475239984271,13.585320343135074,-10.442197878193227,68.92208362168306,20.0,79.13303053657353,-121.74370365475103,-167.88663891827233,FLAT
2026-10-08T16:14:50.865768+00:00,1,PERP,AVAX|HTX|OKX,AVAX,HTX,OKX,-7.751770079011955,-0.3743687993307537,-4.538470045760288,8.5832474260568,-32.00116696026378,16.610237295806574,20.0,48.64885486257262,-102.11155177707612,-95.79756220413948,FLAT
2026-10-08T16:15:01.157487+00:00,2,PERP,OP|GATE|OKX,OP,GATE,OKX,0.174825043166571,0.29949310566694193,-1.3777395463336926,5.183974389136116,-11.037642008375759,11.404695479286797,20.0,22.441931650674015,-58.10183411271608,-61.22436667629451,FLAT
2026-10-08T16:15:01.405893+00:00,2,PERP,OP|BITGET|GATE,OP,BITGET,GATE,2.471678853739334,0.6296182233301441,-1.911083670210432,6.9609842306798,-11.262386666137658,16.224993074440697,21.999999999999996,27.480573945860105,-64.83187694178733,-73.61665069051122,FLAT
2026-10-08T16:15:01.862601+00:00,2,PERP,OP|GATE|HTX,OP,GATE,HTX,45.796337167824944,1.320873056680086,31.862543281430494,10.548927329486139,24.41674349416445,67.20880951616604,20.0,42.59696227547125,-76.04276206273728,-103.9432285102068,FLAT
2026-10-08T16:15:02.353785+00:00,2,PERP,DOT|GATE|HTX,DOT,GATE,HTX,12.299482100497361,0.45129645129135343,6.168475239984271,13.585320343135074,-16.958235118640363,41.585577318878904,20.0,58.471881296087105,-107.59859165471174,-119.88898337498173,FLAT
2026-10-08T16:15:03.265995+00:00,2,PERP,AVAX|HTX|OKX,AVAX,HTX,OKX,-7.851608936517707,-0.3860006273033068,-4.538470045760288,8.5832474260568,-31.399753178107392,15.804800893037818,20.0,47.241397857722845,-100.10268099006996,-93.58466879652096,FLAT
2026-10-08T17:24:47.102543+00:00,0,PERP,OP|GATE|OKX,OP,GATE,OKX,-0.7425774144920183,0.029347732894361194,-0.8975691311408228,5.2812160042039995,-14.832654612592089,13.376457951390641,20.0,28.21117773521147,-68.14626321666273,-68.48520481774294,FLAT
2026-10-08T17:24:47.479969+00:00,0,PERP,OP|BITGET|GATE,OP,BITGET,GATE,-2.2560132971904956,0.024500577408251862,-2.421349114188111,6.748241653355076,-20.642857531021352,16.160550924706474,21.999999999999996,36.81168922187744,-83.03319763871067,-83.39358926077202,FLAT
2026-10-08T17:24:48.123505+00:00,0,PERP,DOT|BITGET|HTX,DOT,BITGET,HTX,19.255722349080795,1.0381580285009266,6.266370102436432,12.511921971456166,-22.85282199545824,61.405752944203584,21.999999999999996,84.09662039586395,-141.21581249375862,-167.2360032376311,FLAT
2026-10-08T17:24:48.453732+00:00,0,SPOT,WIF|GATE|HTX,WIF,GATE,HTX,-10.322830647322423,-0.9995827433349743,15.837024825127997,26.170775402916178,-40.30540171209407,19.740532000225297,60.0,60.10787334725619,-182.25029988447824,-130.01138052235348,FLAT
2026-10-08T17:24:48.949048+00:00,0,PERP,DOT|GATE|HTX,DOT,GATE,HTX,14.184219546691246,0.5789118500942451,6.124979881004877,13.921358950200018,-33.84144322479909,62.25724490474205,20.0,95.96254939982498,-161.92897250562896,-178.09481442356216,FLAT
2026-10-08T17:24:49.342432+00:00,0,SPOT,WIF|BITGET|HTX,WIF,BITGET,HTX,-4.267253162804074,-0.7438886004305528,15.701117390184367,26.843226985103698,-57.230550002937974,48.77462423643841,60.0,106.0503703662423,-244.98203775936463,-205.12387721249635,FLAT
2026-10-08T17:24:49.989406+00:00,0,PERP,AVAX|HTX|OKX,AVAX,HTX,OKX,12.452091105232821,1.94706897635912,-4.5520597106041585,8.73320412491679,-19.103895410021998,44.198962153108035,20.0,63.223555419398835,-103.77539111881667,-137.97457728311105,FLAT
2026-10-08T17:25:01.044964+00:00,1,PERP,OP|GATE|OKX,OP,GATE,OKX,0.3596196467126056,0.238049111578218,-0.8975691311408228,5.2812160042039995,-10.79761831057402,11.536667556009128,20.0,22.333465140366556,-58.23351431979975,-60.767701827516504,FLAT
2026-10-08T17:25:01.427153+00:00,1,PERP,OP|BITGET|GATE,OP,BITGET,GATE,2.908691089953397,0.7898413361488811,-2.421349114188111,6.748241653355076,-12.691884054548686,18.534817831787898,21.999999999999996,31.21760074274548,-69.48813568310605,-80.17376768872148,FLAT
2026-10-08T17:25:02.010552+00:00,1,PERP,DOT|BITGET|HTX,DOT,BITGET,HTX,11.642235551374558,0.42965944490400865,6.266370102436432,12.511921971456166,-22.259670404267684,45.57757533932172,21.999999999999996,67.75834340615232,-124.28438391285644,-135.0695486430376,FLAT
2026-10-08T17:25:02.791345+00:00,1,SPOT,WIF|GATE|HTX,WIF,GATE,HTX,-8.883036545274114,-0.9445674035186434,15.837024825127997,26.170775402916178,-40.44386266379041,22.770776577225593,60.0,63.27070605909526,-185.55159354801367,-136.20445781119287,FLAT
2026-10-08T17:25:03.511579+00:00,1,PERP,DOT|GATE|HTX,DOT,GATE,HTX,9.698523231553846,0.25669500824828784,6.124979881004877,13.921358950200018,-26.14518005640165,45.57757533932172,20.0,71.6532449078933,-129.9234048452998,-137.10584036621015,FLAT
2026-10-08T17:25:03.923385+00:00,1,SPOT,WIF|BITGET|HTX,WIF,BITGET,HTX,-12.309350699629684,-1.043483635755049,15.701117390184367,26.843226985103698,-36.599910407918436,12.017248414757375,60.0,48.67705039546314,-166.97807819356595,-110.99318142003615,FLAT
2026-10-08T17:25:04.493583+00:00,1,PERP,AVAX|HTX|OKX,AVAX,HTX,OKX,11.104135234771828,1.7927206007594787,-4.5520597106041585,8.73320412491679,-16.758155678658902,39.1118558743142,20.0,55.80766341500206,-94.0137593830568,-125.47157899992041,FLAT
2026-10-08T17:25:14.848912+00:00,2,PERP,OP|GATE|OKX,OP,GATE,OKX,3.327988471788501,0.8001107319915827,-0.8975691311408228,5.2812160042039995,-9.881474697112091,16.563047720172808,20.0,26.435699871986113,-61.41960543795739,-69.89631672329975,FLAT
2026-10-08T17:25:15.200705+00:00,2,PERP,OP|BITGET|GATE,OP,BITGET,GATE,-2.556646634215287,-0.020049299799438727,-2.421349114188111,6.748241653355076,-19.594524233187414,14.506382577099686,21.999999999999996,34.10960888102887,-79.28278400002816,-79.03734057231665,FLAT
2026-10-08T17:25:15.862131+00:00,2,PERP,DOT|BITGET|HTX,DOT,BITGET,HTX,8.355420125139013,0.16696475788998644,6.266370102436432,12.511921971456166,-41.242292037388935,58.01313695117383,21.999999999999996,99.17252989765042,-174.6811920374758,-178.91929674638783,FLAT
2026-10-08T17:25:16.181901+00:00,2,SPOT,WIF|GATE|HTX,WIF,GATE,HTX,-1.4321709968434515,-0.6598656538104395,15.837024825127997,26.170775402916178,-63.019329529390156,60.31339085857734,60.0,123.35018279687415,-268.2065371513923,-233.8265488303235,FLAT
2026-10-08T17:25:17.384686+00:00,2,PERP,DOT|GATE|HTX,DOT,GATE,HTX,-2.4335711511813685,-0.6147784180267314,6.124979881004877,13.921358950200018,-49.11556278294648,44.294457947677834,20.0,93.43273556187607,-174.67327822582743,-157.60221362854904,FLAT
2026-10-08T17:25:17.755715+00:00,2,SPOT,WIF|BITGET|HTX,WIF,BITGET,HTX,17.52600995580389,0.06798335262121144,15.701117390184367,26.843226985103698,-45.63603090100954,80.78191450736627,60.0,126.19670324804132,-253.53385153923523,-257.2775003652232,FLAT
2026-10-08T17:25:18.548432+00:00,2,PERP,AVAX|HTX|OKX,AVAX,HTX,OKX,-7.322223428219976,-0.31719901172494486,-4.5520597106041585,8.73320412491679,-44.87930867611456,30.510520124142904,20.0,75.44406270084704,-141.77131166635746,-136.5066425355941,FLAT
2026-10-08T18:28:42.631757+00:00,0,PERP,OP|GATE|OKX,OP,GATE,OKX,4.261464861170516,1.032881680947273,-1.0517364017434725,5.144056053004216,-5.283551940701292,13.820517584031133,20.0,19.09592155255433,-49.32773709151215,-59.968175538328936,FLAT
2026-10-08T18:28:42.933795+00:00,0,PERP,OP|BITGET|GATE,OP,BITGET,GATE,-1.0761321966212822,0.16836673289144982,-2.225441169182456,6.826223641829301,-12.777952289523276,10.635898908575303,21.999999999999996,23.416366655584575,-61.968877775925385,-64.27770673334233,FLAT
2026-10-08T18:28:43.325405+00:00,0,PERP,DOT|GATE|HTX,DOT,GATE,HTX,0.6370923434562137,-0.4304832822197378,6.432399338387169,13.462327654277578,-39.796835199874536,41.14424565135888,20.0,80.93585824380031,-153.165092782062,-141.64770455677203,FLAT
2026-10-08T18:28:43.779725+00:00,0,PERP,AVAX|HTX|OKX,AVAX,HTX,OKX,2.220765526474988,0.7766037818208564,-4.531619152901829,8.694761521177382,-14.779612283992716,19.275919070957936,20.0,34.04788201608124,-70.29587514717213,-83.855420239941,FLAT
2026-10-08T18:28:54.131050+00:00,1,PERP,OP|GATE|OKX,OP,GATE,OKX,3.0741170717751842,0.8020623086152197,-1.0517364017434725,5.144056053004216,-5.982664648400693,12.14332759808645,20.0,18.120413296995956,-49.05134154365318,-57.315477296825875,FLAT
2026-10-08T18:28:54.433889+00:00,1,PERP,OP|BITGET|GATE,OP,BITGET,GATE,0.5620704305275837,0.40835339507907453,-2.225441169182456,6.826223641829301,-9.646469564092985,10.779518400709787,21.999999999999996,20.424836060307303,-55.84586445521783,-61.42979563019954,FLAT
2026-10-08T18:28:54.881240+00:00,1,PERP,DOT|GATE|HTX,DOT,GATE,HTX,2.89539226600688,-0.26273369384650397,6.432399338387169,13.462327654277578,-37.1477410904697,42.977214640218534,20.0,80.10174445222805,-149.68188488108493,-142.6465597540594,FLAT
2026-10-08T18:28:55.328883+00:00,1,PERP,AVAX|HTX|OKX,AVAX,HTX,OKX,1.2808558468502262,0.6685030964443257,-4.531619152901829,8.694761521177382,-15.777435846270338,18.394109874269038,20.0,34.16708100725445,-71.41289770062296,-83.09281003442533,FLAT
2026-10-08T18:29:05.690664+00:00,2,PERP,OP|GATE|OKX,OP,GATE,OKX,4.324149563781354,1.045067532338653,-1.0517364017434725,5.144056053004216,-4.032537938455372,12.692178483133532,20.0,16.717479842395345,-45.69828137910725,-56.46139472727235,FLAT
2026-10-08T18:29:06.013795+00:00,2,PERP,OP|BITGET|GATE,OP,BITGET,GATE,0.7096153292462937,0.42996782004672335,-2.225441169182456,6.826223641829301,-15.015934531886765,16.461845920359153,21.999999999999996,31.475524286067824,-72.26601764877213,-78.16281137560944,FLAT
2026-10-08T18:29:06.528188+00:00,2,PERP,DOT|GATE|HTX,DOT,GATE,HTX,6.161251690806058,-0.02014121588364073,6.432399338387169,13.462327654277578,-30.61659324605337,42.977214640218534,20.0,73.54847307758482,-136.59746566202534,-136.09328837941618,FLAT
2026-10-08T18:29:06.981653+00:00,2,PERP,AVAX|HTX|OKX,AVAX,HTX,OKX,0.2646768208269812,0.5516305377722804,-4.531619152901829,8.694761521177382,-16.80870669189205,17.393071294147244,20.0,34.200784289604584,-72.4778718285948,-82.12547473665366,FLAT
2026-10-08T19:15:02.378847+00:00,0,PERP,OP|GATE|OKX,OP,GATE,OKX,-0.2120749148026846,0.19492356425818388,-1.2018854291287615,5.077941797816883,-10.476129047176652,10.067866600427244,20.0,20.544419056933606,-55.818662674981496,-57.81417108648961,FLAT
2026-10-08T19:15:03.099476+00:00,0,PERP,OP|BITGET|GATE,OP,BITGET,GATE,-1.0565247531291178,0.18753145776399868,-2.3166002152658534,6.719275140080729,-12.20451724088023,10.101061531944122,21.999999999999996,22.307931534644815,-60.195848560259186,-62.725593281854785,FLAT
2026-10-08T19:15:03.487696+00:00,0,PERP,DOT|GATE|HTX,DOT,GATE,HTX,7.677067237215063,0.0702032127776239,6.739173810982602,13.359693796398428,-37.794672649998915,53.23667522083353,20.0,90.96143135361693,-161.49527781459844,-163.45893276346786,FLAT
2026-10-08T19:15:03.920230+00:00,0,PERP,AVAX|HTX|OKX,AVAX,HTX,OKX,5.548270973261271,1.1570147064527154,-4.5020108697250985,8.686390749344465,-15.810254450561168,26.994014404273514,20.0,42.78035543893471,-80.08859901977078,-100.27638071293333,FLAT
2026-10-08T19:15:14.223138+00:00,1,PERP,OP|GATE|OKX,OP,GATE,OKX,2.272925914592605,0.6842952286722277,-1.2018854291287615,5.077941797816883,-6.828981085879038,11.387008421743783,20.0,18.21184195280309,-49.83893760955337,-56.800735803675636,FLAT
2026-10-08T19:15:14.472580+00:00,1,PERP,OP|BITGET|GATE,OP,BITGET,GATE,-0.9200506137219122,0.2078423003120486,-2.3166002152658534,6.719275140080729,-14.059227326352897,12.238824734371878,21.999999999999996,26.30045708057001,-66.04308419165704,-68.85588203020774,FLAT
2026-10-08T19:15:14.848555+00:00,1,PERP,DOT|GATE|HTX,DOT,GATE,HTX,2.8471956793230113,-0.29132240536147685,6.739173810982602,13.359693796398428,-37.10491936821603,42.83787454447685,20.0,79.9200205160791,-149.76411369527773,-142.01872124957336,FLAT
2026-10-08T19:15:15.265703+00:00,1,PERP,AVAX|HTX|OKX,AVAX,HTX,OKX,5.901906478342767,1.1977261498227,-4.5020108697250985,8.686390749344465,-17.056351481846697,28.96192116123686,20.0,45.99090423458088,-84.54524484670247,-105.45483626554284,FLAT
2026-10-08T19:15:25.528510+00:00,2,PERP,OP|GATE|OKX,OP,GATE,OKX,2.0535118576914257,0.6410859786182963,-1.2018854291287615,5.077941797816883,-7.785518131506741,11.90690929573801,20.0,19.688373913931777,-52.27200661630975,-58.79716863879855,FLAT
2026-10-08T19:15:25.784463+00:00,2,PERP,OP|BITGET|GATE,OP,BITGET,GATE,-0.7406818441135776,0.23453696095161566,-2.3166002152658534,6.719275140080729,-15.87870235382649,14.421139518749904,21.999999999999996,30.302067595879755,-71.86416973444038,-75.03980732989551,FLAT
2026-10-08T19:15:26.167655+00:00,2,PERP,DOT|GATE|HTX,DOT,GATE,HTX,14.639287864632866,0.5913394553833274,6.739173810982602,13.359693796398428,-24.096680666940706,53.41264632721998,20.0,77.39600671534347,-134.23186119326678,-150.06947923158086,FLAT
2026-10-08T19:15:26.571750+00:00,2,PERP,AVAX|HTX|OKX,AVAX,HTX,OKX,4.341017785840506,1.0180325650481428,-4.5020108697250985,8.686390749344465,-19.07562064486612,27.864288886221278,20.0,46.91929954391183,-87.49290931905286,-105.2855992998582,FLAT
2026-10-08T19:57:14.543398+00:00,0,PERP,OP|GATE|OKX,OP,GATE,OKX,1.5950179245560747,0.5402681779964091,-1.142235502617479,5.066471686940161,-8.204367455595385,11.408812525159906,20.0,19.610041557950375,-52.67217351092828,-58.16108958572776,FLAT
2026-10-08T19:57:14.853388+00:00,0,PERP,OP|BITGET|GATE,OP,BITGET,GATE,-3.3960209155803334,-0.13574101718370626,-2.5068296751642554,6.550645183487048,-18.196113456107057,11.426885635097417,21.999999999999996,29.633044965153992,-73.32232874609679,-71.56676027541566,FLAT
2026-10-08T19:57:15.245593+00:00,0,PERP,DOT|GATE|HTX,DOT,GATE,HTX,16.518622313466125,0.7392649563048201,6.592345748284557,13.42722454314293,-10.797036054471798,43.88655945339881,20.0,54.59336481075167,-97.98274661350803,-117.88757851586593,FLAT
2026-10-08T19:57:15.686814+00:00,0,PERP,AVAX|HTX|OKX,AVAX,HTX,OKX,3.879652525202726,0.9648661326312508,-4.501598721340866,8.68643945838102,-6.069533314895237,13.84768054645491,20.0,19.90947185290083,-47.4774064464552,-64.2587511206966,FLAT
2026-10-08T19:57:26.044048+00:00,1,PERP,OP|GATE|OKX,OP,GATE,OKX,0.549395558955279,0.3338874005618691,-1.142235502617479,5.066471686940161,-8.514059477388036,9.624559990260018,20.0,18.13761543610579,-51.50943941087635,-54.90441092898329,FLAT
2026-10-08T19:57:26.341741+00:00,1,PERP,OP|BITGET|GATE,OP,BITGET,GATE,-2.1347801602300542,0.05679585819608554,-2.5068296751642554,6.550645183487048,-15.873354758834113,11.623856483164996,21.999999999999996,27.503067905045164,-68.86959298871501,-69.63375406337441,FLAT
2026-10-08T19:57:26.734268+00:00,1,PERP,DOT|GATE|HTX,DOT,GATE,HTX,17.135189251453742,0.7851841212079265,6.592345748284557,13.42722454314293,-9.568364089905801,43.88655945339881,20.0,53.36344150291646,-95.52415134110682,-116.65765520803072,FLAT
2026-10-08T19:57:27.237628+00:00,1,PERP,AVAX|HTX|OKX,AVAX,HTX,OKX,3.680305658979588,0.9419169292000567,-4.501598721340866,8.68643945838102,-7.057954882168094,14.439938236314731,20.0,21.489962908356553,-50.04631906918378,-66.43149986601215,FLAT
2026-10-08T19:57:37.596870+00:00,2,PERP,OP|GATE|OKX,OP,GATE,OKX,-0.19358288677051583,0.1872412744933134,-1.142235502617479,5.066471686940161,-9.903938797362066,9.531290344584331,20.0,19.435594537950212,-54.197297832694794,-56.10912038515202,FLAT
2026-10-08T19:57:37.899066+00:00,2,PERP,OP|BITGET|GATE,OP,BITGET,GATE,0.14562356585257064,0.4049148086516981,-2.5068296751642554,6.550645183487048,-12.912064213752572,13.217835647987286,21.999999999999996,26.129511281146556,-64.53474581973487,-69.85417660429809,FLAT
2026-10-08T19:57:38.296730+00:00,2,PERP,DOT|GATE|HTX,DOT,GATE,HTX,17.360743592995664,0.8019824059775894,6.592345748284557,13.42722454314293,-9.118849956529784,43.88655945339881,20.0,52.91350731936543,-94.62470302417978,-116.2077210244797,FLAT
2026-10-08T19:57:38.737984+00:00,2,PERP,AVAX|HTX|OKX,AVAX,HTX,OKX,2.8719829016954357,0.8488612231012533,-4.501598721340866,8.68643945838102,-8.04637644943984,13.812072734245007,20.0,21.852151679822345,-51.39692940792132,-66.16582313540822,FLAT
2026-10-08T20:20:21.406152+00:00,0,PERP,OP|GATE|OKX,OP,GATE,OKX,1.784150925796535,0.6044768550434156,-1.7782746371435627,5.893402755154673,-9.093451768716898,12.678603553930579,20.0,21.768158514050736,-55.083335645624075,-62.22503670512488,FLAT
2026-10-08T20:20:21.634410+00:00,0,PERP,OP|BITGET|GATE,OP,BITGET,GATE,-1.1655882776928639,0.08024810576646692,-1.7406665844466813,7.166253972740177,-13.116075461802046,10.794907689652966,21.999999999999996,23.91376632249697,-63.28917519985234,-64.44934059659661,FLAT
2026-10-08T20:20:22.022103+00:00,0,PERP,DOT|GATE|HTX,DOT,GATE,HTX,20.794435291691116,1.0365588040764495,6.927603995414515,13.37775651679659,-19.05461041883605,60.680174414475815,20.0,79.5693080644757,-131.55152247872627,-159.321878483537,FLAT
2026-10-08T20:20:22.463560+00:00,0,PERP,AVAX|HTX|OKX,AVAX,HTX,OKX,-5.091495527768108,-0.08139197721377534,-4.380832091373768,8.731369610640973,-23.50903761356382,13.391693776787505,20.0,36.91941210465627,-82.04761762684632,-80.69193797281754,FLAT
2026-10-08T20:20:32.722875+00:00,1,PERP,OP|GATE|OKX,OP,GATE,OKX,1.6326002718414223,0.5787615492597478,-1.7782746371435627,5.893402755154673,-8.729378030736257,12.010156796444793,20.0,20.736137743397514,-53.68724113699021,-60.52456917698587,FLAT
2026-10-08T20:20:32.950572+00:00,1,PERP,OP|BITGET|GATE,OP,BITGET,GATE,0.42246850180616136,0.3018501848359304,-1.7406665844466813,7.166253972740177,-14.696484698963896,15.564475915961218,21.999999999999996,30.25966467562897,-71.21548279014618,-75.56480717603687,FLAT
2026-10-08T20:20:33.355211+00:00,1,PERP,DOT|GATE|HTX,DOT,GATE,HTX,24.386726152429983,1.3050859563107218,6.927603995414515,13.37775651679659,-19.05461041883605,67.9005226729057,20.0,86.74353363065461,-138.72574804490517,-173.7164523081458,FLAT
2026-10-08T20:20:33.762765+00:00,1,PERP,AVAX|HTX|OKX,AVAX,HTX,OKX,-3.8506132650995006,0.060725733752936814,-4.380832091373768,8.731369610640973,-22.527588541154664,14.892933949597342,20.0,37.434818758767705,-81.5815752085486,-82.70858479973882,FLAT
2026-10-08T20:20:44.005129+00:00,2,PERP,OP|GATE|OKX,OP,GATE,OKX,2.180720746440823,0.6717673215396054,-1.7782746371435627,5.893402755154673,-8.3805873999665,12.75894768562491,20.0,21.134912610583854,-53.73722537340679,-61.672134933352325,FLAT
2026-10-08T20:20:44.232418+00:00,2,PERP,OP|BITGET|GATE,OP,BITGET,GATE,0.053018918202418774,0.2502961113954554,-1.7406665844466813,7.166253972740177,-12.134688132272586,12.250941984646158,21.999999999999996,24.385496547798837,-62.77951809562474,-66.37710511689167,FLAT
2026-10-08T20:20:44.633775+00:00,2,PERP,DOT|GATE|HTX,DOT,GATE,HTX,24.56704306027291,1.3185648163584829,6.927603995414515,13.37775651679659,-19.05461041883605,68.26303053059758,20.0,87.10358990410774,-139.0858043183583,-174.4390164392908,FLAT
2026-10-08T20:20:45.076143+00:00,2,PERP,AVAX|HTX|OKX,AVAX,HTX,OKX,-9.057401406923349,-0.5356054690263274,-4.380832091373768,8.731369610640973,-29.395072010200973,11.358659115077163,20.0,40.790525958766644,-91.80476587759384,-82.53001716521757,FLAT
2026-10-08T20:42:42.526046+00:00,0,PERP,OP|GATE|OKX,OP,GATE,OKX,4.291334647137379,1.0297832727376282,-1.7779634525881858,5.893762561893858,-4.772373387971207,13.367959150760722,20.0,18.13254206121456,-47.12695199659758,-59.27846466456347,FLAT
2026-10-08T20:42:42.868168+00:00,0,PERP,OP|BITGET|GATE,OP,BITGET,GATE,-1.5117699295896792,0.02037088921291377,-1.6588296970542236,7.219113801439676,-15.717743370797788,12.714384357277453,21.999999999999996,28.436412335216822,-70.49532600896038,-70.8096263895485,FLAT
2026-10-08T20:42:43.340123+00:00,0,PERP,DOT|GATE|HTX,DOT,GATE,HTX,18.047205034394942,0.8159028378271126,7.0692762126629995,13.454946242089347,-21.71385934053305,57.84501715828449,20.0,79.4155366779271,-134.19867223112314,-156.1912776235486,FLAT
2026-10-08T20:42:43.780979+00:00,0,PERP,AVAX|HTX|OKX,AVAX,HTX,OKX,11.262915034091492,1.8043366134474061,-4.431388966293575,8.698102052254638,-9.924309134361486,32.53798012885723,20.0,42.41433664139011,-73.90725680945802,-105.38370573654092,FLAT
2026-10-08T20:42:54.128859+00:00,1,PERP,OP|GATE|OKX,OP,GATE,OKX,3.5015345961730837,0.8957771870376797,-1.7779634525881858,5.893762561893858,-5.158208330657832,12.172768259690603,20.0,17.324902597210265,-46.705147475279915,-57.27563430948906,FLAT
2026-10-08T20:42:54.454542+00:00,1,PERP,OP|BITGET|GATE,OP,BITGET,GATE,-0.7948143897906768,0.1196844004718751,-1.6588296970542236,7.219113801439676,-12.567957293115883,10.990420216134833,21.999999999999996,23.560243905084047,-62.4693715011457,-64.2094938182731,FLAT
2026-10-08T20:42:54.839649+00:00,1,PERP,DOT|GATE|HTX,DOT,GATE,HTX,24.751396854285623,1.314172522392543,7.0692762126629995,13.454946242089347,-17.275449306018984,66.81712076312296,20.0,83.88492518780635,-134.22965070648831,-169.6327697382663,FLAT
2026-10-08T20:42:55.280801+00:00,1,PERP,AVAX|HTX|OKX,AVAX,HTX,OKX,10.423767905010095,1.7078618740111309,-4.431388966293575,8.698102052254638,-11.194514916905707,32.13167879586587,20.0,43.28089330224773,-76.04401925285987,-105.84396106440718,FLAT
2026-10-08T20:43:05.627551+00:00,2,PERP,OP|GATE|OKX,OP,GATE,OKX,2.773953694856779,0.7723278804740795,-1.7779634525881858,5.893762561893858,-5.673015364985323,11.231784094791752,20.0,16.90010447063725,-46.79515638303438,-55.90985201801718,FLAT
2026-10-08T20:43:05.923352+00:00,2,PERP,OP|BITGET|GATE,OP,BITGET,GATE,0.2858138802497301,0.26937427928011637,-1.6588296970542236,7.219113801439676,-10.478984747862574,11.059673786668611,21.999999999999996,21.538039135412237,-58.35819418622059,-62.25654261913507,FLAT
2026-10-08T20:43:06.315557+00:00,2,PERP,DOT|GATE|HTX,DOT,GATE,HTX,29.521579642552975,1.6687025741994699,7.0692762126629995,13.454946242089347,-7.363610285811006,66.47497533705416,20.0,73.62118126361041,-114.05406776208441,-159.0268803880016,FLAT
2026-10-08T20:43:06.732047+00:00,2,PERP,AVAX|HTX|OKX,AVAX,HTX,OKX,8.961877631314952,1.5397918439157485,-4.431388966293575,8.698102052254638,-12.570517991011831,30.583545239539767,20.0,43.11523920552089,-77.25436823023915,-104.13017341135424,FLAT
2026-10-08T21:01:31.023732+00:00,0,PERP,OP|GATE|OKX,OP,GATE,OKX,3.0251819865956264,0.8113243329938764,-1.7672256283567112,5.906894961806241,-7.654863832717851,13.72248527206521,20.0,21.370870096082914,-53.25850830044405,-62.86058099650483,FLAT
2026-10-08T21:01:31.364696+00:00,0,PERP,OP|BITGET|GATE,OP,BITGET,GATE,-0.7842884644793102,0.13479667341819074,-1.7506064613590562,7.1687080428302465,-16.148082799049,14.602311371212373,21.999999999999996,30.752789162732334,-73.15026550042228,-75.10570699530376,FLAT
2026-10-08T21:01:31.757984+00:00,0,PERP,DOT|GATE|HTX,DOT,GATE,HTX,18.83320698768287,0.895627195442295,7.46198785274719,12.696375448179797,-21.0093937070599,58.71263078842448,20.0,79.5721476144747,-134.0435291742818,-156.82279055015198,FLAT
2026-10-08T21:01:32.178688+00:00,0,PERP,AVAX|HTX|OKX,AVAX,HTX,OKX,6.845081969564237,1.3081623799758686,-4.563244612838293,8.720879576595818,-18.371900955348465,32.18481310208077,20.0,50.52183342416158,-90.33048976667175,-113.26989113908063,FLAT
2026-10-08T21:01:42.526036+00:00,1,PERP,OP|GATE|OKX,OP,GATE,OKX,1.8183869104704264,0.6070215505797162,-1.7672256283567112,5.906894961806241,-8.767861452374515,12.421585398196822,20.0,21.185580933311012,-54.18621675732882,-61.374391959864546,FLAT
2026-10-08T21:01:42.827449+00:00,1,PERP,OP|BITGET|GATE,OP,BITGET,GATE,2.5870477686251725,0.6050817251962877,-1.7506064613590562,7.1687080428302465,-12.624200224262694,17.820273529662867,21.999999999999996,30.43658379862618,-69.31017756152981,-78.0074637896481,FLAT
2026-10-08T21:01:43.207498+00:00,1,PERP,DOT|GATE|HTX,DOT,GATE,HTX,13.763048101131936,0.4962881157778058,7.46198785274719,12.696375448179797,-29.884027917359557,57.485467847468996,20.0,87.24934909277519,-150.59536486288192,-163.272829087497,FLAT
2026-10-08T21:01:43.630500+00:00,1,PERP,AVAX|HTX|OKX,AVAX,HTX,OKX,5.872306672880523,1.1966168313715344,-4.563244612838293,8.720879576595818,-19.331840535740106,31.19913960894838,20.0,50.501026520718355,-91.26962244362016,-112.26341074250503,FLAT
2026-10-08T21:01:53.974677+00:00,2,PERP,OP|GATE|OKX,OP,GATE,OKX,2.27028210015634,0.6835245513284769,-1.7672256283567112,5.906894961806241,-8.990161396419394,13.550707594809364,20.0,22.535735030030843,-55.758670798093526,-63.853668253196915,FLAT
2026-10-08T21:01:54.302278+00:00,2,PERP,OP|BITGET|GATE,OP,BITGET,GATE,0.7104837788385332,0.34331015093564016,-1.7506064613590562,7.1687080428302465,-12.337714202134142,13.769564326933104,21.999999999999996,26.1054192450826,-64.69252698585768,-69.62559003337476,FLAT
2026-10-08T21:01:54.689816+00:00,2,PERP,DOT|GATE|HTX,DOT,GATE,HTX,10.010012513577138,0.20068913929252485,7.46198785274719,12.696375448179797,-29.368421952177258,49.42480749129841,20.0,78.7144194319322,-141.54482923685666,-146.6772390704834,FLAT
2026-10-08T21:01:55.131289+00:00,2,PERP,AVAX|HTX|OKX,AVAX,HTX,OKX,7.305763653699948,1.3609875199275816,-4.563244612838293,8.720879576595818,-14.57706190924335,29.28254793899354,20.0,43.8273893093655,-79.84120660577055,-103.67318186119734,FLAT
2026-10-08T21:24:24.560887+00:00,0,PERP,OP|GATE|OKX,OP,GATE,OKX,1.1036611721304546,0.5179085434372385,-1.929249218556337,5.856073295408628,-10.601226807314124,12.82837732800024,20.0,23.427001807753665,-58.09897939651145,-64.18462835431025,FLAT
2026-10-08T21:24:24.802699+00:00,0,PERP,OP|BITGET|GATE,OP,BITGET,GATE,-0.568178542974529,0.13584519233132147,-1.5651700376529316,7.339173934450155,-17.356378559983952,16.248048519138525,21.999999999999996,33.60631314237488,-77.39752166470589,-79.41953169916633,FLAT
2026-10-08T21:24:25.200687+00:00,0,PERP,DOT|GATE|HTX,DOT,GATE,HTX,12.417746722863665,0.39499891391762165,7.4100417222635855,12.67776903721931,-17.29079174052628,42.15361594840594,20.0,59.37067012862313,-110.071503591413,-120.11424435476549,FLAT
2026-10-08T21:24:25.617685+00:00,0,PERP,AVAX|HTX|OKX,AVAX,HTX,OKX,6.650600882931457,1.2815311164683778,-4.479184810248489,8.684756499593412,-13.578988633224931,26.95939019441651,20.0,40.51128165851301,-75.61108548148945,-97.94985666317801,FLAT
2026-10-08T21:24:35.859845+00:00,1,PERP,OP|GATE|OKX,OP,GATE,OKX,1.1404094439981804,0.5241837845440289,-1.929249218556337,5.856073295408628,-10.28239460045044,12.58419147247336,20.0,22.86395940003557,-57.21710478192967,-63.37740009106527,FLAT
2026-10-08T21:24:36.094855+00:00,1,PERP,OP|BITGET|GATE,OP,BITGET,GATE,0.0227997476009989,0.21636900820676624,-1.5651700376529316,7.339173934450155,-13.57836041369298,13.635313131066251,21.999999999999996,27.213606761994008,-67.22679713803404,-70.41408993071319,FLAT
2026-10-08T21:24:36.494562+00:00,1,PERP,DOT|GATE|HTX,DOT,GATE,HTX,12.417746722863665,0.39499891391762165,7.4100417222635855,12.67776903721931,-17.29079174052628,42.15361594840594,20.0,59.37067012862313,-110.071503591413,-120.11424435476549,FLAT
2026-10-08T21:24:36.921182+00:00,1,PERP,AVAX|HTX|OKX,AVAX,HTX,OKX,3.501151306164463,0.9188900249289155,-4.479184810248489,8.684756499593412,-15.473996740499318,22.546034470796172,20.0,38.00659662084573,-75.00140855109656,-91.03181590189038,FLAT
2026-10-08T21:24:47.161820+00:00,2,PERP,OP|GATE|OKX,OP,GATE,OKX,0.8270971460877519,0.4706816710790085,-1.929249218556337,5.856073295408628,-11.17542055191878,12.851744647228713,20.0,24.025157702939822,-59.27132903630226,-64.80615156872487,FLAT
2026-10-08T21:24:47.395951+00:00,2,PERP,OP|BITGET|GATE,OP,BITGET,GATE,-3.358041100491871,-0.24428785567040245,-1.5651700376529316,7.339173934450155,-16.24075276334014,9.535424077935506,21.999999999999996,25.784831007266558,-68.46041373295377,-64.885425122855,FLAT
2026-10-08T21:24:47.791273+00:00,2,PERP,DOT|GATE|HTX,DOT,GATE,HTX,17.01827075874185,0.7578801134703187,7.4100417222635855,12.67776903721931,-17.29079174052628,51.39048316292527,20.0,68.56453186266958,-119.26536532545944,-138.54497330333126,FLAT
2026-10-08T21:24:48.216503+00:00,2,PERP,AVAX|HTX|OKX,AVAX,HTX,OKX,-0.010959196332649412,0.5144906036369615,-4.479184810248489,8.684756499593412,-16.47697650068669,16.5064541341442,20.0,32.983386694743956,-70.98117838518216,-79.96902563913665,FLAT
2026-10-08T22:02:40.037537+00:00,0,PERP,OP|GATE|OKX,OP,GATE,OKX,2.4238009191646093,0.5952745094929685,-1.4796049608923552,6.557320728182588,-9.835016644016426,14.7053334916869,20.0,24.534382464386386,-58.88979414751046,-66.71932091696564,FLAT
2026-10-08T22:02:40.436412+00:00,0,PERP,DOT|GATE|HTX,DOT,GATE,HTX,10.67374343171501,0.28132981710254656,7.107838308846901,12.67517662931659,-19.51239690546558,40.88752675455609,20.0,60.33551043295081,-112.95574564726329,-120.11519887866001,FLAT
2026-10-08T22:02:40.896196+00:00,0,PERP,AVAX|HTX|OKX,AVAX,HTX,OKX,6.956857438797925,1.2771619337142455,-4.284788500706828,8.802052146051496,-18.930188635889465,32.971312300136276,20.0,51.865106355429845,-92.51050649061249,-115.12120715627294,FLAT
2026-10-08T22:02:51.288383+00:00,1,PERP,OP|GATE|OKX,OP,GATE,OKX,1.8258621433875355,0.5040880629909384,-1.4796049608923552,6.557320728182588,-11.161146194359484,14.839262606840542,20.0,25.995635566767415,-61.67717680023455,-68.31450313450031,FLAT
2026-10-08T22:02:51.681852+00:00,1,PERP,DOT|GATE|HTX,DOT,GATE,HTX,5.407288851859704,-0.13416376802623586,7.107838308846901,12.67517662931659,-31.505125393718192,42.387308251732314,20.0,73.85243764633306,-138.46540134889815,-135.13190758921849,FLAT
2026-10-08T22:02:52.145311+00:00,1,PERP,AVAX|HTX|OKX,AVAX,HTX,OKX,8.590407401494193,1.4627493326061118,-4.284788500706828,8.802052146051496,-13.59220067639666,30.867107555274664,20.0,44.420949693093235,-79.72836186878307,-105.57284574907473,FLAT
2026-10-08T22:03:02.487733+00:00,2,PERP,OP|GATE|OKX,OP,GATE,OKX,0.8477589742406089,0.3549260485506267,-1.4796049608923552,6.557320728182588,-10.922103848229892,12.639728746208778,20.0,23.55981454811646,-59.002313435454,-63.6791482552176,FLAT
2026-10-08T22:03:03.239013+00:00,2,PERP,DOT|GATE|HTX,DOT,GATE,HTX,9.621160593924483,0.19828696345457497,7.107838308846901,12.67517662931659,-30.733254061270365,50.04948443346757,20.0,80.70502327529131,-144.54611564540858,-149.64666939991199,FLAT
2026-10-08T22:03:03.708684+00:00,2,PERP,AVAX|HTX|OKX,AVAX,HTX,OKX,6.188575594094914,1.1898775332182028,-4.284788500706828,8.802052146051496,-16.28169271659985,28.754156150478938,20.0,45.00779373829268,-83.00469795418572,-104.04673838947846,FLAT
2026-10-08T22:25:32.444837+00:00,0,PERP,OP|GATE|OKX,OP,GATE,OKX,1.8621428152698627,0.5203106531595213,-1.5371312393883736,6.533162513618682,-8.304256382193342,12.044536219548707,20.0,20.344991502275054,-53.11211664508002,-59.92665896121213,FLAT
2026-10-08T22:25:32.837647+00:00,0,PERP,DOT|GATE|HTX,DOT,GATE,HTX,26.149839214686388,1.4936589756592595,7.183454602528881,12.697935018123042,-15.896811113098597,68.27335727616068,20.0,83.95056880279881,-133.03083451842627,-171.0404714764306,FLAT
2026-10-08T22:25:33.338450+00:00,0,PERP,AVAX|HTX|OKX,AVAX,HTX,OKX,-0.03459362235447294,0.4801413879900587,-4.265521204070036,8.811836862110217,-24.136570097094136,24.179816308909086,20.0,48.31629191405432,-94.18734080707841,-102.76162942703344,FLAT
2026-10-08T22:25:43.688120+00:00,1,PERP,OP|GATE|OKX,OP,GATE,OKX,0.9618381226261796,0.38250531144837363,-1.5371312393883736,6.533162513618682,-8.608834441575786,10.546770452219967,20.0,19.1537519976913,-52.225455199878716,-57.23765368929964,FLAT
2026-10-08T22:25:44.080020+00:00,1,PERP,DOT|GATE|HTX,DOT,GATE,HTX,27.975157362782888,1.6374081872823563,7.183454602528881,12.697935018123042,-11.27982122878568,67.26601801887666,20.0,78.32670267237599,-122.78997850369055,-164.40926608872377,FLAT
2026-10-08T22:25:44.636125+00:00,1,PERP,AVAX|HTX|OKX,AVAX,HTX,OKX,-0.6315385501232118,0.4123978587906557,-4.265521204070036,8.811836862110217,-24.34009687262151,23.18761797016844,20.0,47.5304592097086,-93.60503487826007,-100.98359838394707,FLAT
2026-10-08T22:25:54.980893+00:00,2,PERP,OP|GATE|OKX,OP,GATE,OKX,-0.04156068765359677,0.22891984526899342,-1.5371312393883736,6.533162513618682,-9.412318592340041,9.342100007665444,20.0,18.75448766799722,-52.629675020948895,-55.63371891505104,FLAT
2026-10-08T22:25:55.771701+00:00,2,PERP,DOT|GATE|HTX,DOT,GATE,HTX,28.11734890320494,1.6486061923295638,7.183454602528881,12.697935018123042,-15.258897446740471,71.53324447285003,20.0,86.54877160581492,-134.99112365508427,-176.89856147613608,FLAT
2026-10-08T22:25:56.284631+00:00,2,PERP,AVAX|HTX|OKX,AVAX,HTX,OKX,-0.9200663183672741,0.37965465521584885,-4.265521204070036,8.811836862110217,-24.964596901950742,23.23662974205165,20.0,48.205400848661704,-94.9044765465424,-101.70755179478338,FLAT
2026-10-08T23:02:53.131298+00:00,0,PERP,OP|GATE|OKX,OP,GATE,OKX,0.7190225465647515,0.2988953112904742,-1.2185863209694823,6.482566953521782,-10.390263168207348,11.84713358344025,20.0,22.235782011995536,-57.4074588592334,-61.30150191640527,FLAT
2026-10-08T23:02:53.511785+00:00,0,PERP,DOT|GATE|HTX,DOT,GATE,HTX,20.77978552156301,1.0830700740382158,7.050887657305487,12.675909152460898,-10.160151295173225,51.74779850600775,20.0,61.77956046661469,-104.99059941909341,-132.47647131531696,FLAT
2026-10-08T23:02:53.930191+00:00,0,PERP,AVAX|HTX|OKX,AVAX,HTX,OKX,5.968403800644673,1.1648811308107168,-3.9450965927815025,8.51031073576299,-15.641972448889874,27.667576255419046,20.0,43.28353328778454,-80.9804091438929,-100.89620613598508,FLAT
2026-10-08T23:03:04.225697+00:00,1,PERP,OP|GATE|OKX,OP,GATE,OKX,1.0639816659185897,0.3521086636286914,-1.2185863209694823,6.482566953521782,-9.579324568390613,11.725372997413164,20.0,21.302415675783422,-55.663153923204554,-60.24637499416607,FLAT
2026-10-08T23:03:04.599865+00:00,1,PERP,DOT|GATE|HTX,DOT,GATE,HTX,20.77978552156301,1.0830700740382158,7.050887657305487,12.675909152460898,-10.160151295173225,51.74779850600775,20.0,61.77956046661469,-104.99059941909341,-132.47647131531696,FLAT
2026-10-08T23:03:05.028433+00:00,1,PERP,AVAX|HTX|OKX,AVAX,HTX,OKX,7.488280323966201,1.3434734960617918,-3.9450965927815025,8.51031073576299,-14.178049366664336,29.245100592973916,20.0,43.39046938426643,-79.62342215814925,-102.58066657002183,FLAT
2026-10-08T23:03:15.319976+00:00,2,PERP,OP|GATE|OKX,OP,GATE,OKX,1.5862212768191775,0.43266928330989207,-1.2185863209694823,6.482566953521782,-8.175252952568046,11.363172976672775,20.0,19.535314935458086,-52.491981567056655,-58.11707423310035,FLAT
2026-10-08T23:03:15.745818+00:00,2,PERP,DOT|GATE|HTX,DOT,GATE,HTX,20.77978552156301,1.0830700740382158,7.050887657305487,12.675909152460898,-10.160151295173225,51.74779850600775,20.0,61.77956046661469,-104.99059941909341,-132.47647131531696,FLAT
2026-10-08T23:03:16.519194+00:00,2,PERP,AVAX|HTX|OKX,AVAX,HTX,OKX,7.952401933726261,1.3980098842349844,-3.9450965927815025,8.51031073576299,-12.550026993478625,28.537104352108766,20.0,41.05431855568106,-75.65924895637818,-99.53651950057132,FLAT
2026-10-08T23:24:41.280596+00:00,0,PERP,OP|GATE|OKX,OP,GATE,OKX,0.3544388961240763,0.25385976739711785,-1.276176382962303,6.423291472317374,-8.637003881026839,9.35820028710177,20.0,17.994557938297582,-51.35538543636212,-54.628934608361654,FLAT
2026-10-08T23:24:41.678991+00:00,0,PERP,DOT|GATE|HTX,DOT,GATE,HTX,21.671284493773868,1.1636178903858074,6.92450062192614,12.67321858291325,-9.049937608629488,52.42025837766118,20.0,61.337257741011406,-103.31169597156702,-132.83301549674644,FLAT
2026-10-08T23:24:42.128552+00:00,0,PERP,AVAX|HTX|OKX,AVAX,HTX,OKX,16.02024565694693,2.3262446508002257,-3.8738489014938313,8.552021624895394,-0.3279173722969819,32.41981517195347,20.0,32.69527321689401,-55.14934168769716,-94.98893729034131,FLAT
2026-10-08T23:24:52.483003+00:00,1,PERP,OP|GATE|OKX,OP,GATE,OKX,-0.057581427810315944,0.18971503323549885,-1.276176382962303,6.423291472317374,-9.327128722380618,9.225464283679763,20.0,18.55269001397812,-52.60364235339644,-55.05433068062019,FLAT
2026-10-08T23:24:52.886029+00:00,1,PERP,DOT|GATE|HTX,DOT,GATE,HTX,26.845016852867776,1.5718592795203266,6.92450062192614,12.67321858291325,-7.761105050578809,61.50924595304641,20.0,69.08484388077648,-109.77044955328142,-149.66958921189675,FLAT
2026-10-08T23:24:53.328589+00:00,1,PERP,AVAX|HTX|OKX,AVAX,HTX,OKX,7.162228213239974,1.2904641263543104,-3.8738489014938313,8.552021624895394,-13.866529206240097,28.276215921712033,20.0,42.11241088685736,-78.10509119160363,-100.26247571006323,FLAT
2026-10-08T23:25:03.695608+00:00,2,PERP,OP|GATE|OKX,OP,GATE,OKX,-0.5071198823114464,0.11972934810218082,-1.276176382962303,6.423291472317374,-9.864015939247128,8.863331588349066,20.0,18.728287464476445,-53.31612702076127,-54.86779543578781,FLAT
2026-10-08T23:25:04.101111+00:00,2,PERP,DOT|GATE|HTX,DOT,GATE,HTX,21.671284493773868,1.1636178903858074,6.92450062192614,12.67321858291325,-9.049937608629488,52.42025837766118,20.0,61.337257741011406,-103.31169597156702,-132.83301549674644,FLAT
2026-10-08T23:25:04.579707+00:00,2,PERP,AVAX|HTX|OKX,AVAX,HTX,OKX,7.708877025698335,1.3543845461609019,-3.8738489014938313,8.552021624895394,-13.866529206240097,29.371729133376157,20.0,43.20477545732222,-79.1974557620685,-102.45035349219222,FLAT
2026-10-09T00:36:11.464408+00:00,0,PERP,OP|GATE|OKX,OP,GATE,OKX,3.1353282789559067,0.6827651786914519,-1.2623722242844113,6.44101462770655,-6.615181411946391,12.900251966134757,20.0,19.509305924122263,-50.86211511178424,-59.671930114541425,FLAT
2026-10-09T00:36:11.892424+00:00,0,PERP,DOT|GATE|HTX,DOT,GATE,HTX,26.253832979354907,1.518945462490237,6.93995377786083,12.715321042422364,-1.291408196102406,53.82345047443948,20.0,54.970529180141845,-89.20189115410508,-127.8540258767205,FLAT
2026-10-09T00:36:12.314754+00:00,0,PERP,AVAX|HTX|OKX,AVAX,HTX,OKX,12.337402943318754,1.8963455988457285,-3.863426148027189,8.543183848559618,-13.659068209742609,38.462557568921255,20.0,52.05708314998706,-87.85272521170248,-120.3830668669355,FLAT
2026-10-09T00:36:22.571277+00:00,1,PERP,OP|GATE|OKX,OP,GATE,OKX,3.603385216730537,0.7554333784749526,-1.2623722242844113,6.44101462770655,-6.626940320256791,13.849245887507244,20.0,20.468798724698956,-51.83336682067134,-61.58041683649061,FLAT
2026-10-09T00:36:22.973735+00:00,1,PERP,DOT|GATE|HTX,DOT,GATE,HTX,30.49407869607501,1.8524207795957424,6.93995377786083,12.715321042422364,-1.68336090449972,62.72851996112827,20.0,64.21600961659895,-98.8393242989595,-146.0045757998664,FLAT
2026-10-09T00:36:23.413648+00:00,1,PERP,AVAX|HTX|OKX,AVAX,HTX,OKX,13.765527688802681,2.0635109988651497,-3.863426148027189,8.543183848559618,-10.987997007058103,38.6373995288225,20.0,49.5568966171666,-82.68146747619751,-118.05772229401629,FLAT
2026-10-09T00:36:33.667342+00:00,2,PERP,OP|GATE|OKX,OP,GATE,OKX,3.1788931341925064,0.6895288421442878,-1.2623722242844113,6.44101462770655,-6.93359340001809,13.308209985027908,20.0,20.23535678757936,-51.90657796331304,-60.80593899689168,FLAT
2026-10-09T00:36:34.067081+00:00,2,PERP,DOT|GATE|HTX,DOT,GATE,HTX,39.271756240493175,2.542743699098367,6.93995377786083,12.715321042422364,7.1029288154567105,71.46910212955771,20.0,64.11437227857654,-89.95139724098065,-154.64352063027343,FLAT
2026-10-09T00:36:34.564571+00:00,2,PERP,AVAX|HTX|OKX,AVAX,HTX,OKX,7.519820595267568,1.33243612042997,-3.863426148027189,8.543183848559618,-19.144394593951787,34.32010791833528,20.0,53.42398231979149,-94.70495076571609,-117.60751638615396,FLAT
2026-10-09T01:04:23.038276+00:00,0,PERP,OP|GATE|OKX,OP,GATE,OKX,0.851400827519555,0.33051352253694954,-1.2769780666948807,6.439612146206498,-6.768338903168081,8.480166572093495,20.0,15.247201984473092,-46.73856282094629,-51.00434662326147,FLAT
2026-10-09T01:04:23.540863+00:00,0,PERP,AVAX|HTX|OKX,AVAX,HTX,OKX,5.137060435951302,1.067817841418945,-3.987937457029322,8.545463035956658,-20.484935620672662,30.885564444942393,20.0,51.34381289285898,-93.84081105650232,-112.21731479483068,FLAT
2026-10-09T01:04:33.952701+00:00,1,PERP,OP|GATE|OKX,OP,GATE,OKX,1.261300187767045,0.39416632505688964,-1.2769780666948807,6.439612146206498,-7.994532883029981,10.529754169286143,20.0,18.521942280548007,-51.239497096883106,-56.32867451652903,FLAT
2026-10-09T01:04:34.400483+00:00,1,PERP,AVAX|HTX|OKX,AVAX,HTX,OKX,11.406380602017041,1.801460961714052,-3.987937457029322,8.545463035956658,-14.301132403617967,37.23972334976011,20.0,51.481826427149386,-87.79502137373802,-118.70948723393883,FLAT
2026-10-09T01:04:44.810143+00:00,2,PERP,OP|GATE|OKX,OP,GATE,OKX,1.2513101821265415,0.3926149885146123,-1.2769780666948807,6.439612146206498,-7.782504487341413,10.297391480209583,20.0,18.077625573342896,-50.58315199398943,-55.65199512024736,FLAT
2026-10-09T01:04:45.595483+00:00,2,PERP,AVAX|HTX|OKX,AVAX,HTX,OKX,11.178041303896435,1.774740432099703,-3.987937457029322,8.545463035956658,-12.31857859340435,34.77959725654678,20.0,47.045354557839644,-81.37599569421468,-111.81288927141574,FLAT
2026-10-09T01:27:58.429411+00:00,0,PERP,OP|GATE|OKX,OP,GATE,OKX,0.5073983406944649,0.297761628189379,-1.4616918381251307,6.612974918202815,-10.327430058119091,11.359663320860136,20.0,21.685979016863236,-56.5517172368572,-60.5073341758485,FLAT
2026-10-09T01:27:58.887941+00:00,0,PERP,AVAX|HTX|OKX,AVAX,HTX,OKX,6.971998813796176,1.2749093479571243,-3.9022728094435184,8.529446929434076,-18.964917712138707,33.03681148268511,20.0,51.96518451896847,-93.02782942166365,-114.9042688110971,FLAT
2026-10-09T01:28:09.230585+00:00,1,PERP,OP|GATE|OKX,OP,GATE,OKX,1.6741299967737433,0.4741923073482767,-1.4616918381251307,6.612974918202815,-9.919714501968047,13.288082761255815,20.0,23.203895206829763,-57.66191787067268,-63.95366980621071,FLAT
2026-10-09T01:28:09.685660+00:00,1,PERP,AVAX|HTX|OKX,AVAX,HTX,OKX,8.990178446424135,1.5115225362827904,-3.9022728094435184,8.529446929434076,-16.723161940176425,34.83005928831551,20.0,51.50660527014496,-90.32749440087787,-116.23893736790399,FLAT
2026-10-09T01:28:20.033975+00:00,2,PERP,OP|GATE|OKX,OP,GATE,OKX,-1.669513898798769,-0.0314264099356538,-1.4616918381251307,6.612974918202815,-13.71085430477259,10.395543182217803,20.0,24.11039941843077,-62.359561885078236,-61.96763443877371,FLAT
2026-10-09T01:28:20.440349+00:00,2,PERP,AVAX|HTX|OKX,AVAX,HTX,OKX,9.014666469593369,1.5143935340592967,-3.9022728094435184,8.529446929434076,-15.874370126646165,34.02324711453186,20.0,49.85239057176168,-87.82448788896431,-113.77791049573705,FLAT
2026-10-09T02:06:54.891455+00:00,0,PERP,OP|GATE|OKX,OP,GATE,OKX,0.06073637013326305,0.15958224742465926,-0.9862098243983924,6.560542989131241,-10.515110334354816,10.65342562492022,20.0,21.16839398951358,-56.69729449947,-58.808029438832186,FLAT
2026-10-09T02:06:55.439927+00:00,0,PERP,AVAX|HTX|OKX,AVAX,HTX,OKX,13.461176564184552,1.9246839995534628,-3.5174158164504803,8.821496092124296,-4.969115516596512,31.957360589645045,20.0,36.8767181266661,-64.32841782681213,-98.35149453276162,FLAT
2026-10-09T02:07:05.795135+00:00,1,PERP,OP|GATE|OKX,OP,GATE,OKX,3.027090823530809,0.6117330005424826,-0.9862098243983924,6.560542989131241,-7.207538270910252,13.27638312864865,20.0,20.477712113603523,-52.699040560115385,-60.74030506665056,FLAT
2026-10-09T02:07:06.263746+00:00,1,PERP,AVAX|HTX|OKX,AVAX,HTX,OKX,7.814271910693282,1.2845539587395534,-3.5174158164504803,8.821496092124296,-11.566120184480777,27.26811437767429,20.0,38.80377331585901,-72.85247768388932,-95.5893035099838,FLAT
2026-10-09T02:07:16.633388+00:00,2,PERP,OP|GATE|OKX,OP,GATE,OKX,-3.059773445193148,-0.31606585373039997,-0.9862098243983924,6.560542989131241,-12.871465097549217,6.7665783868609,20.0,19.64404317246713,-57.529298445617954,-53.39683138372642,FLAT
2026-10-09T02:07:17.114506+00:00,2,PERP,AVAX|HTX|OKX,AVAX,HTX,OKX,4.802187224401955,0.9431056766300737,-3.5174158164504803,8.821496092124296,-13.341447780255145,23.0100874707051,20.0,36.33397338328754,-72.1580053470922,-88.86147667044312,FLAT
2026-10-09T02:28:31.663501+00:00,0,PERP,OP|GATE|OKX,OP,GATE,OKX,3.1293360991924146,0.6497021010176626,-1.078080010665382,6.475915813212701,-8.729166763002949,15.008459705130317,20.0,23.730182583308565,-57.38126933564613,-65.81672229910426,FLAT
2026-10-09T02:28:42.062514+00:00,1,PERP,OP|GATE|OKX,OP,GATE,OKX,0.8323492773709695,0.2950052692375239,-1.078080010665382,6.475915813212701,-10.200140837720584,11.882839212087326,20.0,22.08112745712162,-57.203188284176825,-61.04204667987433,FLAT
2026-10-09T02:28:52.459165+00:00,2,PERP,OP|GATE|OKX,OP,GATE,OKX,-0.1440773445915422,0.14422711675284752,-1.078080010665382,6.475915813212701,-11.511434205546678,11.243046212128238,20.0,22.75479109143855,-59.188145286319845,-61.07591731423217,FLAT
2026-10-09T02:49:09.882435+00:00,0,PERP,OP|GATE|OKX,OP,GATE,OKX,-1.2913590390606355,-0.04147805376558818,-1.0210132191318697,6.517803883871122,-12.401794874918881,9.839024796669538,20.0,22.243674237019512,-59.62445589280652,-59.10371225282092,FLAT
2026-10-09T02:49:10.728401+00:00,0,PERP,AVAX|HTX|OKX,AVAX,HTX,OKX,6.882074617999834,1.183289197216946,-3.5365062297233587,8.80476292036412,-11.719995523220561,25.54817899243389,20.0,37.242433970984735,-71.42592326448194,-92.32711919314198,FLAT
2026-10-09T02:49:21.095988+00:00,1,PERP,OP|GATE|OKX,OP,GATE,OKX,-1.4192420148351204,-0.06109861585260379,-1.0210132191318697,6.517803883871122,-12.047140281313817,9.226897053531413,20.0,21.277041421915513,-58.30316848409746,-57.524951694578796,FLAT
2026-10-09T02:49:21.527297+00:00,1,PERP,AVAX|HTX|OKX,AVAX,HTX,OKX,5.080254672840123,0.9786476910848085,-3.5365062297233587,8.80476292036412,-13.687570939557858,23.913822951822095,20.0,37.5821862384948,-73.7332509483293,-91.03251542004026,FLAT
2026-10-09T02:49:31.832498+00:00,2,PERP,OP|GATE|OKX,OP,GATE,OKX,-0.7129086438151244,0.047271225217312404,-1.0210132191318697,6.517803883871122,-10.824588121477463,9.416424562274095,20.0,20.24244038766461,-56.04601529001021,-56.67987816907058,FLAT
2026-10-09T02:49:32.627591+00:00,2,PERP,AVAX|HTX|OKX,AVAX,HTX,OKX,6.605055993531561,1.1518268367906852,-3.5365062297233587,8.80476292036412,-11.92171482706228,25.196762262233996,20.0,37.0938627864781,-71.47907138381701,-91.82713127843544,FLAT
2026-10-09T03:04:18.860187+00:00,0,PERP,OP|GATE|OKX,OP,GATE,OKX,1.8256726943799428,0.4162563773573861,-0.8613706840402475,6.455260566766452,-8.28284513402111,11.949686766274947,20.0,20.22882690991718,-53.650301359898044,-59.03988436023238,FLAT
2026-10-09T03:04:19.306510+00:00,0,PERP,AVAX|HTX|OKX,AVAX,HTX,OKX,7.5752309586518685,1.2796977506788223,-3.7776363509913082,8.871522438498458,-13.475686702022482,28.71071010905224,20.0,42.154294458216874,-77.85234480924804,-100.64264091826041,FLAT
2026-10-09T03:04:29.558750+00:00,1,PERP,OP|GATE|OKX,OP,GATE,OKX,-0.6675098801234292,0.030031445192912867,-0.8613706840402475,6.455260566766452,-12.622917789177901,11.31084645048741,20.0,23.93533994360859,-61.69688704874624,-62.107557078136246,FLAT
2026-10-09T03:04:30.355374+00:00,1,PERP,AVAX|HTX|OKX,AVAX,HTX,OKX,5.691969902155147,1.0674161417946237,-3.7776363509913082,8.871522438498458,-14.694616248520642,26.15687534182287,20.0,40.828102205993254,-77.74508210352258,-96.76261389880743,FLAT
2026-10-09T03:04:40.613033+00:00,2,PERP,OP|GATE|OKX,OP,GATE,OKX,3.1705051585251276,0.6245876213460131,-0.8613706840402475,6.455260566766452,-7.572280589130953,13.930609231376234,20.0,21.496060535328233,-54.20697044041894,-62.28804045074472,FLAT
2026-10-09T03:04:41.107274+00:00,2,PERP,AVAX|HTX|OKX,AVAX,HTX,OKX,7.217367199721103,1.2393592674690188,-3.7776363509913082,8.871522438498458,-13.629210028565097,28.14538470436556,20.0,41.74430756411975,-77.59588124169355,-99.66732861947662,FLAT
2026-10-09T03:27:15.334913+00:00,0,PERP,OP|GATE|OKX,OP,GATE,OKX,-1.0825685828019793,0.0009407527105299811,-1.088769694029237,6.591648536164515,-12.79250624005801,10.648592015349845,20.0,23.44361697304782,-61.147353519076596,-61.180978682426904,FLAT
2026-10-09T03:27:15.796433+00:00,0,PERP,AVAX|HTX|OKX,AVAX,HTX,OKX,-3.576874771035188,0.03278254622203399,-3.8680033003407917,8.880595403841111,-28.639491885698032,21.604905763452642,20.0,50.2620931534507,-101.03358173880795,-101.73500221724414,FLAT
2026-10-09T03:27:26.154916+00:00,1,PERP,OP|GATE|OKX,OP,GATE,OKX,0.13158998181772574,0.18513724892211167,-1.088769694029237,6.591648536164515,-10.978974701050248,11.261136018769768,20.0,22.239801866217626,-58.130006873238635,-60.58970757901663,FLAT
2026-10-09T03:27:26.597244+00:00,1,PERP,AVAX|HTX|OKX,AVAX,HTX,OKX,4.293273364246453,0.9190010684483226,-3.8680033003407917,8.880595403841111,-12.960327687348006,21.604905763452642,20.0,34.55030263294374,-69.64262701995095,-86.02321169673718,FLAT
2026-10-09T03:27:36.945095+00:00,2,PERP,OP|GATE|OKX,OP,GATE,OKX,-0.5261148170165875,0.08535874962472466,-1.088769694029237,6.591648536164515,-11.927647339025071,10.895380554212242,20.0,22.824211247701836,-59.66308889269767,-60.808361495943316,FLAT
2026-10-09T03:27:37.380873+00:00,2,PERP,AVAX|HTX|OKX,AVAX,HTX,OKX,2.3475752510826453,0.6999056109160229,-3.8680033003407917,8.880595403841111,-14.902764655607692,19.655935536737612,20.0,34.55049179436109,-71.58525314962799,-84.0744306314395,FLAT
2026-10-09T03:51:40.097090+00:00,0,PERP,OP|GATE|OKX,OP,GATE,OKX,-0.9555709653863431,0.015181509797311877,-1.0547951057342242,6.535854580514137,-12.675087322115974,10.785378159023917,20.0,23.462687927149453,-61.0829801435312,-61.302861191907596,FLAT
2026-10-09T03:51:40.536650+00:00,0,PERP,AVAX|HTX|OKX,AVAX,HTX,OKX,5.843979701862789,1.0835474821908153,-3.770854416835454,8.87347742182751,-11.679471266825558,23.425277004462952,20.0,35.08414984494155,-68.99276669493166,-88.28028126623995,FLAT
2026-10-09T03:51:40.984070+00:00,0,PERP,ARB|HTX|OKX,ARB,HTX,OKX,-4.9338853963942775,1.1754190609399926,-15.822581781146157,9.263671780210963,-33.554908461401745,23.835594105476865,20.0,57.41844814745113,-101.15077482770673,-123.07662403407414,FLAT
2026-10-09T03:51:51.340995+00:00,1,PERP,OP|GATE|OKX,OP,GATE,OKX,0.38168174782082787,0.2197840903372812,-1.0547951057342242,6.535854580514137,-10.28629209439913,11.0666916018487,20.0,21.35215513164923,-56.583652120314134,-59.47364183923215,FLAT
2026-10-09T03:51:51.836970+00:00,1,PERP,AVAX|HTX|OKX,AVAX,HTX,OKX,6.901389955709103,1.2027127432918614,-3.770854416835454,8.87347742182751,-10.04667223495681,23.90539907523248,20.0,33.92856369480693,-66.2043815129283,-87.60481718687487,FLAT
2026-10-09T03:51:52.285453+00:00,1,PERP,ARB|HTX|OKX,ARB,HTX,OKX,0.8340447372456872,1.798058794998944,-15.822581781146157,9.263671780210963,-29.343642710722982,31.168262996192908,20.0,60.50645428762425,-100.02751521720107,-133.49729906496333,FLAT
2026-10-09T03:52:02.691448+00:00,2,PERP,OP|GATE|OKX,OP,GATE,OKX,-2.161285227392229,-0.16929540093454218,-1.0547951057342242,6.535854580514137,-13.44671156143007,9.144125917293078,20.0,22.595703375305618,-60.98761983100147,-58.79462439833292,FLAT
2026-10-09T03:52:03.185891+00:00,2,PERP,AVAX|HTX|OKX,AVAX,HTX,OKX,4.867196994284839,0.9734685738729554,-3.770854416835454,8.87347742182751,-12.960327687348006,22.753571781835014,20.0,35.69642833988265,-70.8859016103952,-88.22085453855311,FLAT
2026-10-09T03:52:03.636403+00:00,2,PERP,ARB|HTX|OKX,ARB,HTX,OKX,-5.954357761620566,1.0652605417871208,-15.822581781146157,9.263671780210963,-34.85853406381412,23.09974368526424,20.0,57.992420688174285,-103.02837297084226,-122.91474615458469,FLAT
2026-10-09T04:08:08.490052+00:00,0,PERP,OP|GATE|OKX,OP,GATE,OKX,-0.13071108007634002,0.08932774186069034,-0.7582387950194613,7.025003676033501,-12.275279999816036,12.036812569720112,20.0,24.312388686244702,-61.82942989104127,-63.10744005098428,FLAT
2026-10-09T04:08:08.937384+00:00,0,PERP,AVAX|HTX|OKX,AVAX,HTX,OKX,8.4230832875698,1.318102929217282,-3.4904555591755737,9.038397975353785,-11.32602030362917,28.247823878235767,20.0,39.540394414265336,-73.37595915871893,-97.27867385167667,FLAT
2026-10-09T04:08:09.377293+00:00,0,PERP,ARB|HTX|OKX,ARB,HTX,OKX,-3.794321291485936,1.2415842353822875,-15.486309754212792,9.416991718751051,-28.627981136207794,21.145792550536502,20.0,49.79243885862402,-88.93411024061902,-112.42454116337332,FLAT
2026-10-09T04:08:19.739656+00:00,1,PERP,OP|GATE|OKX,OP,GATE,OKX,1.5896233317369557,0.3342150744726842,-0.7582387950194613,7.025003676033501,-10.600870402553975,13.80305929758796,20.0,24.40002944644963,-60.24266105398414,-64.96132753905705,FLAT
2026-10-09T04:08:20.580130+00:00,1,PERP,AVAX|HTX|OKX,AVAX,HTX,OKX,9.078955697991997,1.3906680466430306,-3.4904555591755737,9.038397975353785,-10.985042969358094,29.21979737998681,20.0,40.168224926782564,-73.66281233696508,-98.87847786594494,FLAT
2026-10-09T04:08:21.085394+00:00,1,PERP,ARB|HTX|OKX,ARB,HTX,OKX,-2.5697866849772044,1.3716188200013273,-15.486309754212792,9.416991718751051,-28.712995553301646,23.693611415676052,20.0,52.41980209812088,-91.64648789720974,-117.59972326800973,FLAT
2026-10-09T04:08:31.435705+00:00,2,PERP,OP|GATE|OKX,OP,GATE,OKX,-0.7072261138496572,0.007261587825760008,-0.7582387950194613,7.025003676033501,-12.537043014259064,11.145295348122808,20.0,23.683991588960538,-61.46279580820014,-61.587525732102804,FLAT
2026-10-09T04:08:31.926131+00:00,2,PERP,AVAX|HTX|OKX,AVAX,HTX,OKX,3.7983409834763115,0.8064257142169693,-3.4904555591755737,9.038397975353785,-19.57282082148737,27.271838688562866,20.0,46.82664959087747,-88.90901485318928,-103.58894383861592,FLAT
2026-10-09T04:08:32.427968+00:00,2,PERP,ARB|HTX|OKX,ARB,HTX,OKX,-2.1368941984722944,1.4175881167187638,-15.486309754212792,9.416991718751051,-27.434362292733105,23.276874969826444,20.0,50.721809251846,-88.66986179036631,-115.48499397588523,FLAT
2026-10-09T04:32:08.566374+00:00,0,PERP,OP|GATE|OKX,OP,GATE,OKX,0.19168575062344928,0.08716700210750188,-0.40704507387009925,6.868778436995481,-12.238719132428022,12.646443371244764,20.0,24.884661668462876,-62.7163357270208,-63.93815011357774,FLAT
2026-10-09T04:32:09.060994+00:00,0,PERP,AVAX|HTX|OKX,AVAX,HTX,OKX,12.49261550154479,1.7968980427019534,-3.5811129851731014,8.945264619771192,-10.884968453030996,35.97726319334305,20.0,46.80351720888374,-80.10737267674163,-112.36189338739987,FLAT
2026-10-09T04:32:09.510316+00:00,0,PERP,ARB|HTX|OKX,ARB,HTX,OKX,5.9307437025091225,2.25862857478841,-15.45491066811423,9.468424604796642,-18.799653345572544,30.765392770804034,20.0,49.53544863418836,-78.88019131164667,-121.75575207310662,FLAT
2026-10-09T04:32:19.813977+00:00,1,PERP,OP|GATE|OKX,OP,GATE,OKX,1.8379145342484193,0.3268353505227491,-0.40704507387009925,6.868778436995481,-11.200947624427915,14.903149726703813,20.0,26.09927388290904,-62.893176433466856,-67.40946868348296,FLAT
2026-10-09T04:32:20.309997+00:00,1,PERP,AVAX|HTX|OKX,AVAX,HTX,OKX,13.4006691602373,1.8984102614333582,-3.5811129851731014,8.945264619771192,-9.911180674558873,36.8192816857249,20.0,46.66768063018101,-78.99774831956678,-113.068075301079,FLAT
2026-10-09T04:32:20.760892+00:00,1,PERP,ARB|HTX|OKX,ARB,HTX,OKX,4.381333239689145,2.0949888429965915,-15.45491066811423,9.468424604796642,-22.456289449944713,31.34665229375333,20.0,53.77907626260538,-86.78045504443585,-126.58063922447293,FLAT
2026-10-09T04:32:31.021357+00:00,2,PERP,OP|GATE|OKX,OP,GATE,OKX,0.10829334415651815,0.07502621066520164,-0.40704507387009925,6.868778436995481,-11.617636527189168,11.857114207058927,20.0,23.474474199568565,-60.68506565288763,-61.73863348049759,FLAT
2026-10-09T04:32:31.514639+00:00,2,PERP,AVAX|HTX|OKX,AVAX,HTX,OKX,7.2183109907197895,1.2072783125972102,-3.5811129851731014,8.945264619771192,-16.405745165400944,30.94979672567444,20.0,47.32114030834537,-86.14577248857321,-107.85205001919292,FLAT
2026-10-09T04:32:31.961671+00:00,2,PERP,ARB|HTX|OKX,ARB,HTX,OKX,-0.6643101620207315,1.5620972995444964,-15.45491066811423,9.468424604796642,-26.614021450722667,25.404383426408383,20.0,52.02158857453384,-89.18069935714227,-118.88088266905645,FLAT
2026-10-09T04:53:35.689283+00:00,0,PERP,OP|GATE|OKX,OP,GATE,OKX,1.4116726382962241,0.2754704575454748,-0.4636687780050805,6.8077768956103855,-11.81450935250683,14.665792022179325,20.0,26.476534280124582,-63.82737485462633,-67.60599508030899,FLAT
2026-10-09T04:53:36.220655+00:00,0,PERP,AVAX|HTX|OKX,AVAX,HTX,OKX,-4.024459951192938,-0.04270690255656416,-3.643570752885427,8.918680014384876,-16.29812321941038,8.277181068172546,20.0,24.585166638169195,-63.239719104694146,-62.505918459227175,FLAT
2026-10-09T04:53:36.714277+00:00,0,PERP,ARB|HTX|OKX,ARB,HTX,OKX,-3.316687793084583,1.2846152797453498,-15.462708358929993,9.454986841082198,-33.00707571079586,26.527565987459756,20.0,59.553996236834195,-103.09836358870007,-127.54427058322395,FLAT
2026-10-09T04:53:47.122990+00:00,1,PERP,OP|GATE|OKX,OP,GATE,OKX,1.3537394066553965,0.2669605970536918,-0.4636687780050805,6.8077768956103855,-9.418669057192908,12.143604027750055,20.0,21.559340380105972,-56.5143406592938,-60.16661318586111,FLAT
2026-10-09T04:53:47.583546+00:00,1,PERP,AVAX|HTX|OKX,AVAX,HTX,OKX,-1.9653729894897332,0.18816660769182664,-3.643570752885427,8.918680014384876,-14.287001536552602,10.384929247135855,20.0,24.676747360431577,-61.32017814409875,-64.70524736045286,FLAT
2026-10-09T04:53:48.039276+00:00,1,PERP,ARB|HTX|OKX,ARB,HTX,OKX,0.9850545985568004,1.7395860231154185,-15.462708358929993,9.454986841082198,-28.582718782879102,30.70605841187568,20.0,59.282541520341084,-98.4025519442902,-131.45130829114674,FLAT
2026-10-09T04:53:58.411561+00:00,2,PERP,OP|GATE|OKX,OP,GATE,OKX,2.9928172664273056,0.5077261046349959,-0.4636687780050805,6.8077768956103855,-9.859894849935102,15.871683340142884,20.0,25.723852927688966,-61.12007899961899,-68.05920504583693,FLAT
2026-10-09T04:53:58.861395+00:00,2,PERP,AVAX|HTX|OKX,AVAX,HTX,OKX,-4.348937850799928,-0.07908873250041701,-3.643570752885427,8.918680014384876,-19.04251596337336,10.384929247135855,20.0,29.4401934081814,-70.83913861866934,-69.46869340820268,FLAT
2026-10-09T04:53:59.308203+00:00,2,PERP,ARB|HTX|OKX,ARB,HTX,OKX,1.8164598685044275,1.8275190138135275,-15.462708358929993,9.454986841082198,-27.703889981834926,31.487817193631695,20.0,59.180572017935255,-97.42175364084018,-132.13109757049693,FLAT
2026-10-09T05:56:01.716660+00:00,0,PERP,OP|GATE|OKX,OP,GATE,OKX,0.5254629892026408,0.13692409346698545,-0.4105114387529622,6.83571754434351,-9.034996557332198,10.101105589652715,20.0,19.135084622499754,-53.75956974107899,-55.64670165090543,FLAT
2026-10-09T05:56:02.874026+00:00,0,PERP,AVAX|HTX|OKX,AVAX,HTX,OKX,2.366683967258698,0.6775215229176598,-3.685189621455698,8.932370978641057,-13.372704335641306,18.151839987063934,20.0,31.51701879426956,-67.20453350845517,-79.35404840278919,FLAT
2026-10-09T05:56:03.868250+00:00,0,PERP,ARB|HTX|OKX,ARB,HTX,OKX,-6.795633549426805,0.9189130053970038,-15.293061568684799,9.247260588706975,-33.911056178309586,20.44519141941148,20.0,54.39292172518299,-99.01091633480777,-116.13117471327926,FLAT
2026-10-09T05:56:14.168464+00:00,1,PERP,OP|GATE|OKX,OP,GATE,OKX,-1.2707134717138135,-0.12583931787419453,-0.4105114387529622,6.83571754434351,-11.605089293891258,9.081316406411855,20.0,20.689019615689077,-57.88359747082737,-56.1808474608539,FLAT
2026-10-09T05:56:14.623553+00:00,1,PERP,AVAX|HTX|OKX,AVAX,HTX,OKX,1.179361495555753,0.5445979716520382,-3.685189621455698,8.932370978641057,-14.192250966030828,16.59542558194005,20.0,30.78398182388651,-67.29104316846164,-77.06459702728225,FLAT
2026-10-09T05:56:15.023374+00:00,1,PERP,ARB|HTX|OKX,ARB,HTX,OKX,-10.172903714225079,0.553694556927768,-15.293061568684799,9.247260588706975,-36.836816817406024,16.61342837219859,20.0,53.5043943142514,-101.04814956297263,-111.41088425513479,FLAT
2026-10-09T05:56:25.318810+00:00,2,PERP,OP|GATE|OKX,OP,GATE,OKX,-1.4329966297710328,-0.1495797894493413,-0.4105114387529622,6.83571754434351,-11.485439201275316,8.635254238114065,20.0,20.12356471927067,-57.198492481793025,-55.1693303961377,FLAT
2026-10-09T05:56:25.724699+00:00,2,PERP,AVAX|HTX|OKX,AVAX,HTX,OKX,2.1396943121088086,0.6521094956191225,-3.685189621455698,8.932370978641057,-13.676911171855988,18.002238116090474,20.0,31.67230576697807,-67.66402731737836,-79.35973350452424,FLAT
2026-10-09T05:56:26.169777+00:00,2,PERP,ARB|HTX|OKX,ARB,HTX,OKX,-6.472899620916239,0.9538134957005536,-15.293061568684799,9.247260588706975,-33.249228176583934,20.42636403824183,20.0,53.71007664569495,-97.66624325359409,-115.42950225262157,FLAT
2026-10-09T06:22:04.887139+00:00,0,PERP,OP|GATE|OKX,OP,GATE,OKX,-0.4881164942605043,-0.02890491904633387,-0.2902127741982113,6.846714213074192,-10.939021456461973,9.979391365919632,20.0,20.91942075613065,-57.56822943839441,-57.18902489624849,FLAT
2026-10-09T06:22:05.331358+00:00,0,PERP,AVAX|HTX|OKX,AVAX,HTX,OKX,-6.407935731865821,-0.3336897846164167,-3.4751607787159946,8.788926387186567,-20.40472187346154,7.6263957305755525,20.0,28.049040960424584,-70.97860205517013,-65.15059746971613,FLAT
2026-10-09T06:22:05.782076+00:00,0,PERP,ARB|HTX|OKX,ARB,HTX,OKX,-11.746437534745358,0.3687624890320424,-15.158245715915847,9.252047815725724,-37.255663444846206,13.878162769784819,20.0,51.19370025302676,-99.29111798195711,-106.23010873872742,FLAT
2026-10-09T06:22:16.141439+00:00,1,PERP,OP|GATE|OKX,OP,GATE,OKX,0.40008473485508844,0.10082172083875462,-0.2902127741982113,6.846714213074192,-11.294823041542168,12.115995300765459,20.0,23.409862906978674,-60.41447317432263,-61.816070981942346,FLAT
2026-10-09T06:22:16.612423+00:00,1,PERP,AVAX|HTX|OKX,AVAX,HTX,OKX,-8.847282832774583,-0.611237575261825,-3.4751607787159946,8.788926387186567,-23.208158185257233,5.553338537240826,20.0,28.78691039059017,-74.5199077971314,-63.81540970654699,FLAT
2026-10-09T06:22:17.084085+00:00,1,PERP,ARB|HTX|OKX,ARB,HTX,OKX,-12.539877354907913,0.283004196817648,-15.158245715915847,9.252047815725724,-38.575221592892504,13.613220831618644,20.0,52.25370223538377,-101.67067811236043,-107.02516878291826,FLAT
2026-10-09T06:22:27.439758+00:00,2,PERP,OP|GATE|OKX,OP,GATE,OKX,-0.700057989496683,-0.05986013181561586,-0.2902127741982113,6.846714213074192,-11.501609668290724,10.120479915785019,20.0,21.62358668884639,-58.834983582938904,-58.034279378829616,FLAT
2026-10-09T06:22:27.982891+00:00,2,PERP,AVAX|HTX|OKX,AVAX,HTX,OKX,-9.691944446637013,-0.7073427850055164,-3.4751607787159946,8.788926387186567,-26.142503218118396,6.8089062469778305,20.0,32.983299938372355,-81.65064237777476,-69.26736696406618,FLAT
2026-10-09T06:22:28.433470+00:00,2,PERP,ARB|HTX|OKX,ARB,HTX,OKX,-12.918425009273982,0.24208918406526575,-15.158245715915847,9.252047815725724,-39.42861766157102,13.71166925957068,20.0,53.208753713913794,-103.47912565956896,-108.07866868940032,FLAT
2026-10-09T06:50:12.120915+00:00,0,PERP,OP|GATE|OKX,OP,GATE,OKX,-1.313129590693185,-0.13304246327257122,-0.40295330838600724,6.841246470628335,-13.617210785881184,11.014045393735739,20.0,24.634469352391193,-63.848726829886374,-62.05146805451294,FLAT
2026-10-09T06:50:12.622020+00:00,0,PERP,AVAX|HTX|OKX,AVAX,HTX,OKX,-10.879019156665448,-0.8409771646252877,-3.4900004774054505,8.786229864579386,-30.35111009466407,8.664576197912055,20.0,39.05804656944282,-91.91915618670144,-77.21262324476032,FLAT
2026-10-09T06:50:13.474079+00:00,0,PERP,ARB|HTX|OKX,ARB,HTX,OKX,-15.596656296658074,-0.054615485250633165,-15.088475762664217,9.304696857709693,-31.26089605947069,0.10442060788484753,20.0,31.41426915969283,-73.5866894564993,-72.6071655302419,FLAT
2026-10-09T06:50:23.721775+00:00,1,PERP,OP|GATE|OKX,OP,GATE,OKX,-0.5091177398819369,-0.01551828777865665,-0.40295330838600724,6.841246470628335,-11.399966172652709,10.400795090022008,20.0,21.801854562274354,-58.79886742654106,-58.605602960682376,FLAT
2026-10-09T06:50:24.217631+00:00,1,PERP,AVAX|HTX|OKX,AVAX,HTX,OKX,-4.12579207314856,-0.07236227660127872,-3.4900004774054505,8.786229864579386,-14.97262946666078,6.7426132528791705,20.0,21.724184244633722,-59.20681323388905,-57.95679797491834,FLAT
2026-10-09T06:50:25.077465+00:00,1,PERP,ARB|HTX|OKX,ARB,HTX,OKX,-18.191127077199496,-0.3334500158341518,-15.088475762664217,9.304696857709693,-33.86633594084864,-2.4790552761000395,20.0,31.44443834828676,-76.22229852647118,-70.05385883485094,FLAT
2026-10-09T06:50:35.379422+00:00,2,PERP,OP|GATE|OKX,OP,GATE,OKX,2.297924904526294,0.39479329161842613,-0.40295330838600724,6.841246470628335,-6.861766012207227,11.470123507535401,20.0,18.327669425058577,-50.78648212887979,-56.20074624097998,FLAT
2026-10-09T06:50:36.273457+00:00,2,PERP,AVAX|HTX|OKX,AVAX,HTX,OKX,-4.791482845487582,-0.14812751181583575,-3.4900004774054505,8.786229864579386,-15.412516116326547,5.8506693672666366,20.0,21.273357600717357,-59.19587323963846,-56.614027445389446,FLAT
2026-10-09T06:50:37.123011+00:00,2,PERP,ARB|HTX|OKX,ARB,HTX,OKX,-14.485396415458984,0.06481450781553756,-15.088475762664217,9.304696857709693,-30.174906911364374,1.241010650634422,20.0,31.461447382365087,-72.54787853106524,-73.79093379566373,FLAT
2026-10-09T07:09:54.216429+00:00,0,PERP,OP|GATE|OKX,OP,GATE,OKX,1.260861366223498,0.25198574691532855,-0.4480063866890088,6.781604808333524,-8.28061846403827,10.815750964647819,20.0,19.09395252943061,-52.92656460677987,-56.35770988076744,FLAT
2026-10-09T07:09:54.713372+00:00,0,PERP,AVAX|HTX|OKX,AVAX,HTX,OKX,8.45950406848095,1.2886418173548861,-3.1453712218695706,9.00550884975246,-11.884445879681849,28.882038603037508,20.0,40.73187585012676,-75.47095050793904,-98.75928567503384,FLAT
2026-10-09T07:09:55.166870+00:00,0,PERP,ARB|HTX|OKX,ARB,HTX,OKX,-3.0362686836726827,1.2749558965203043,-14.996048560728424,9.380543993480229,-29.064013827446722,23.10707749910934,20.0,52.18668045538951,-92.25464572210781,-116.28980651522727,FLAT
2026-10-09T07:10:05.417111+00:00,1,PERP,OP|GATE|OKX,OP,GATE,OKX,-1.1303058934719612,-0.10061033133993798,-0.4480063866890088,6.781604808333524,-11.490414205233002,9.246410156225071,20.0,20.73915521956477,-57.78156303810876,-56.43357176247885,FLAT
2026-10-09T07:10:05.861588+00:00,1,PERP,AVAX|HTX|OKX,AVAX,HTX,OKX,7.1237225783549185,1.1403124433670133,-3.1453712218695706,9.00550884975246,-13.029651799951747,27.354945387965124,20.0,40.35569884104029,-76.23997941912248,-96.85601545087499,FLAT
2026-10-09T07:10:06.362966+00:00,1,PERP,ARB|HTX|OKX,ARB,HTX,OKX,-4.338307584609291,1.1361538289811972,-14.996048560728424,9.380543993480229,-30.090556459059226,21.52831872477501,20.0,51.64102521071412,-92.73553310904492,-114.16539249621755,FLAT
2026-10-09T07:10:16.619665+00:00,2,PERP,OP|GATE|OKX,OP,GATE,OKX,0.477865515904341,0.13652696209245324,-0.4480063866890088,6.781604808333524,-10.696223650671355,11.670032033939126,20.0,22.3651723192725,-58.61338958325485,-60.48321073990064,FLAT
2026-10-09T07:10:17.071631+00:00,2,PERP,AVAX|HTX|OKX,AVAX,HTX,OKX,10.065087720161348,1.4669308711405067,-3.1453712218695706,9.00550884975246,-10.130395844406559,30.33858237534881,20.0,40.428136565535546,-73.41316118807252,-99.91209016275391,FLAT
2026-10-09T07:10:17.563659+00:00,2,PERP,ARB|HTX|OKX,ARB,HTX,OKX,-0.6665097376956641,1.5275807920086764,-14.996048560728424,9.380543993480229,-26.790570242509748,25.57357958639761,20.0,52.367383068579436,-90.16190475036076,-118.93701121570547,FLAT
2026-10-09T07:56:08.286235+00:00,0,PERP,OP|GATE|OKX,OP,GATE,OKX,1.958564563082632,0.3637895896054959,-0.5366299959605778,6.858894895120753,-10.992692950225758,14.936743843498856,20.0,25.92433139397169,-62.38039434823687,-67.39770523343113,FLAT
2026-10-09T07:56:09.209652+00:00,0,PERP,AVAX|HTX|OKX,AVAX,HTX,OKX,6.201578020454956,1.0958246334088275,-3.3608376332661885,8.726228049806599,-12.782190293801898,25.255266336259297,20.0,38.013753578077655,-73.43510623861337,-92.62985754760314,FLAT
2026-10-09T07:56:09.709893+00:00,0,PERP,ARB|HTX|OKX,ARB,HTX,OKX,-4.023644383733815,1.1718833139281613,-15.003640214324694,9.369529969486342,-36.31405749927485,28.453230565621546,20.0,64.79282157771999,-112.10323886267015,-134.24969235766622,FLAT
2026-10-09T07:56:20.104814+00:00,1,PERP,OP|GATE|OKX,OP,GATE,OKX,0.936218597897831,0.2147355538143844,-0.5366299959605778,6.858894895120753,-11.479117502647407,13.375798890320478,20.0,24.852566001045275,-61.795053507732106,-64.76499488732634,FLAT
2026-10-09T07:56:20.999603+00:00,1,PERP,AVAX|HTX|OKX,AVAX,HTX,OKX,4.129471591551859,0.8583673475029175,-3.3608376332661885,8.726228049806599,-14.994239308997459,23.323617922705875,20.0,38.30191109275493,-75.9353127684862,-90.98636664872699,FLAT
2026-10-09T07:56:21.484442+00:00,1,PERP,ARB|HTX|OKX,ARB,HTX,OKX,-11.84773773638792,0.3368261255596141,-15.003640214324694,9.369529969486342,-39.46454886374906,15.902989667420098,20.0,55.43289006509377,-105.89379871451814,-112.33951994683856,FLAT
2026-10-09T07:56:31.836079+00:00,2,PERP,OP|GATE|OKX,OP,GATE,OKX,3.3536623918761777,0.5671893865299222,-0.5366299959605778,6.858894895120753,-9.74016164921876,16.474956819076958,20.0,26.206300973934436,-61.409832627192614,-69.21788778897196,FLAT
2026-10-09T07:56:32.684295+00:00,2,PERP,AVAX|HTX|OKX,AVAX,HTX,OKX,7.986480272512697,1.3003691676417255,-3.3608376332661885,8.726228049806599,-10.857500024057387,26.899865710863224,20.0,37.72710747525382,-71.22376986604502,-93.98781081938323,FLAT
2026-10-09T07:56:33.210926+00:00,2,PERP,ARB|HTX|OKX,ARB,HTX,OKX,-7.65911807705022,0.783873060995942,-15.003640214324694,9.369529969486342,-34.66024793673639,19.469399886551386,20.0,54.170838114102665,-99.82744583651436,-114.64387821497874,FLAT
2026-10-09T08:18:50.257049+00:00,0,PERP,OP|GATE|OKX,OP,GATE,OKX,3.3166939698348052,0.5399823713935868,-0.3393907162236834,6.770748231322558,-9.182772272208206,15.84092916642188,20.0,25.01538008580214,-59.85876164178666,-67.1956999684477,FLAT
2026-10-09T08:18:50.472695+00:00,0,SPOT,ARB|BITGET|HTX,ARB,BITGET,HTX,-2.795923642131548,-0.42491440049363133,18.513747714542134,50.15050403544296,-33.509211382988234,27.94552802498851,60.0,61.47191357845768,-179.49487267598803,-136.90369388890406,FLAT
2026-10-09T08:18:50.960182+00:00,0,PERP,AVAX|HTX|OKX,AVAX,HTX,OKX,7.160187210464297,1.1913682557220677,-3.2380635735543746,8.72799047152425,-11.09029989658672,25.47430098693404,20.0,36.53832803878537,-70.39056436181772,-91.25069259927379,FLAT
2026-10-09T08:18:51.462685+00:00,0,PERP,ARB|HTX|OKX,ARB,HTX,OKX,-2.7282608815182297,1.2527805208690834,-14.57597952964194,9.457138302170174,-34.02760263064852,28.742050781505046,20.0,62.78631747532154,-108.23794057632813,-132.1043477864685,FLAT
2026-10-09T08:19:01.709426+00:00,1,PERP,OP|GATE|OKX,OP,GATE,OKX,3.8918072289884087,0.6249232434368034,-0.3393907162236834,6.770748231322558,-7.825997726920164,15.631410581418148,20.0,23.44826243989518,-56.93486945059166,-65.41906373753702,FLAT
2026-10-09T08:19:03.111611+00:00,1,PERP,AVAX|HTX|OKX,AVAX,HTX,OKX,6.040582156208174,1.0630907263286842,-3.2380635735543746,8.72799047152425,-12.548925088772256,24.69489799644453,20.0,37.22122652302702,-72.53208803824491,-91.15418809302592,FLAT
2026-10-09T08:19:03.611710+00:00,1,PERP,ARB|HTX|OKX,ARB,HTX,OKX,-7.659135725001098,0.7313886699799664,-14.57597952964194,9.457138302170174,-38.451894169325705,23.300418988021487,20.0,61.79919547437565,-111.67511011405941,-125.67559399203907,FLAT
2026-10-09T08:19:13.859140+00:00,2,PERP,OP|GATE|OKX,OP,GATE,OKX,4.442464497924625,0.7062521084489136,-0.3393907162236834,6.770748231322558,-7.795993653564315,16.703848694432644,20.0,24.488941769212495,-57.94554470655313,-67.53218117986881,FLAT
2026-10-09T08:19:14.560940+00:00,2,PERP,AVAX|HTX|OKX,AVAX,HTX,OKX,-1.217772641511905,0.23147263263334517,-3.2380635735543746,8.72799047152425,-19.564316181115426,17.192517049011702,20.0,36.761199355586385,-79.08745196314743,-83.19177997815245,FLAT
2026-10-09T08:19:15.074368+00:00,2,PERP,ARB|HTX|OKX,ARB,HTX,OKX,-9.946579566687541,0.4895138270201746,-14.57597952964194,9.457138302170174,-35.03965142427457,15.256945246726605,20.0,50.34643159150299,-96.81010348613562,-106.17935636787153,FLAT
2026-10-09T08:41:44.858235+00:00,0,PERP,OP|GATE|OKX,OP,GATE,OKX,4.394734101758058,0.7008553485602821,-0.3506513688010372,6.770848621341346,-7.627917078880664,16.439609355503038,20.0,24.056933529947216,-57.33419924002684,-66.84719425425129,FLAT
2026-10-09T08:41:45.203980+00:00,0,SPOT,ARB|BITGET|HTX,ARB,BITGET,HTX,-4.654473353064015,-0.45921875117266686,18.39733198022821,50.19787470443408,-43.95244313420754,34.667582681866534,60.0,78.65662895529292,-207.00640406972866,-160.92687965693125,FLAT
2026-10-09T08:41:45.761999+00:00,0,PERP,AVAX|HTX|OKX,AVAX,HTX,OKX,3.8649619390285217,0.8293416741095124,-3.382162341582167,8.73840602353925,-21.143214610848116,28.99268486393769,20.0,50.11624468501532,-93.87729695428126,-108.49109189053517,FLAT
2026-10-09T08:41:46.241819+00:00,0,PERP,ARB|HTX|OKX,ARB,HTX,OKX,-6.250751478501515,0.9045586977216813,-14.669075377266969,9.306553482895858,-34.9820585715066,22.624561255670805,20.0,57.642290603665295,-103.95527379790491,-120.93592723660306,FLAT
2026-10-09T08:41:56.594525+00:00,1,PERP,OP|GATE|OKX,OP,GATE,OKX,1.1950518120817932,0.22828795433571772,-0.3506513688010372,6.770848621341346,-11.456895646495546,13.870552416219706,20.0,25.324399762590883,-62.430644040285394,-65.54560354761163,FLAT
2026-10-09T08:41:56.964608+00:00,1,SPOT,ARB|BITGET|HTX,ARB,BITGET,HTX,-2.6677286123566457,-0.4196404871046092,18.39733198022821,50.19787470443408,-41.51243658036541,36.191264321432385,60.0,77.72443304505549,-203.6342016056491,-161.51836538625966,FLAT
2026-10-09T08:41:57.464379+00:00,1,PERP,AVAX|HTX|OKX,AVAX,HTX,OKX,2.2677490392641886,0.6465608676944969,-3.382162341582167,8.73840602353925,-22.719740375586326,27.374685938614807,20.0,50.08278397952869,-95.42036201353287,-106.83963225972568,FLAT
2026-10-09T08:41:57.991721+00:00,1,PERP,ARB|HTX|OKX,ARB,HTX,OKX,-9.11431318359246,0.5968656607285806,-14.669075377266969,9.306553482895858,-37.048284575476046,18.95449045504316,20.0,56.05353935976165,-104.43274855797074,-115.67710519207179,FLAT
2026-10-09T08:42:08.344314+00:00,2,PERP,OP|GATE|OKX,OP,GATE,OKX,7.4627390082238065,1.1539750500989583,-0.3506513688010372,6.770848621341346,-4.1070190237102455,19.053266893271914,20.0,23.14299627673096,-52.89936393164016,-68.5469145388039,FLAT
2026-10-09T08:42:08.670385+00:00,2,SPOT,ARB|BITGET|HTX,ARB,BITGET,HTX,-3.3890609231990165,-0.434010265010339,18.39733198022821,50.19787470443408,-42.95426566884642,36.191264321432385,60.0,79.17235909639717,-206.5239567454718,-162.96629143760134,FLAT
2026-10-09T08:42:09.141128+00:00,2,PERP,AVAX|HTX|OKX,AVAX,HTX,OKX,4.448197107591589,0.8960855593206101,-3.382162341582167,8.73840602353925,-20.288938700717686,29.303583637170227,20.0,49.57019057752188,-92.4769669366574,-108.25593655627428,FLAT
2026-10-09T08:42:09.648292+00:00,2,PERP,ARB|HTX|OKX,ARB,HTX,OKX,-3.6110182881365915,1.1882011003808808,-14.669075377266969,9.306553482895858,-29.84930067667313,22.746367803552214,20.0,52.61439792336226,-93.79462322276842,-116.02984110418144,FLAT
2026-10-09T09:01:07.783405+00:00,0,PERP,OP|GATE|OKX,OP,GATE,OKX,3.736810388252909,0.595388255311628,-0.29962560698773566,6.779502214278583,-8.912301240054932,16.41011082762045,20.0,25.312929999738863,-59.92560563280606,-68.02266643434704,FLAT
2026-10-09T09:01:08.136482+00:00,0,SPOT,ARB|BITGET|HTX,ARB,BITGET,HTX,-3.3054499435014595,-0.41457270386726985,16.849167897574038,48.6154000325314,-25.848174142093505,19.255185991271517,60.0,45.11826663733218,-153.81560867699972,-113.52428473102965,FLAT
2026-10-09T09:01:08.637720+00:00,0,PERP,AVAX|HTX|OKX,AVAX,HTX,OKX,-10.191371187084908,-0.8021194864696974,-3.1948086807363003,8.722593858356444,-30.28742227214942,9.981661288158694,20.0,40.31001783235702,-93.40263142377015,-79.48648780125201,FLAT
2026-10-09T09:01:09.139103+00:00,0,PERP,ARB|HTX|OKX,ARB,HTX,OKX,-6.030426472732886,0.9304152171849561,-14.507339985823421,9.110893025522625,-31.520255916640536,19.575281240415965,20.0,51.126105581730236,-94.13902151254734,-111.20872680796961,FLAT
2026-10-09T09:01:19.483952+00:00,1,PERP,OP|GATE|OKX,OP,GATE,OKX,4.330502559386495,0.6829599017790025,-0.29962560698773566,6.779502214278583,-7.100766888332721,15.781545740580771,20.0,22.872390646833395,-55.67353192817838,-64.9535619944019,FLAT
2026-10-09T09:01:19.795599+00:00,1,SPOT,ARB|BITGET|HTX,ARB,BITGET,HTX,-0.8080619677708345,-0.3632023978724724,16.849167897574038,48.6154000325314,-23.688716109642183,22.09102014305797,60.0,45.78342841951379,-152.32131242673,-117.02528066499772,FLAT
2026-10-09T09:01:20.294372+00:00,1,PERP,AVAX|HTX|OKX,AVAX,HTX,OKX,-10.572463381228747,-0.8458097236092778,-3.1948086807363003,8.722593858356444,-30.788898762966753,9.72141657288983,20.0,40.553041838133325,-94.14713192036378,-79.46926709175946,FLAT
2026-10-09T09:01:20.785073+00:00,1,PERP,ARB|HTX|OKX,ARB,HTX,OKX,-8.44480483619292,0.6654161268985745,-14.507339985823421,9.110893025522625,-33.29302689929592,16.516107843564942,20.0,49.85097796409198,-94.63666487756447,-106.87442579348034,FLAT
2026-10-09T09:01:31.134466+00:00,2,PERP,OP|GATE|OKX,OP,GATE,OKX,3.552761787168901,0.568240450758017,-0.29962560698773566,6.779502214278583,-8.658696771528529,15.787761621166574,20.0,24.437753571382316,-58.79682473592311,-66.52514079953663,FLAT
2026-10-09T09:01:31.470220+00:00,2,SPOT,ARB|BITGET|HTX,ARB,BITGET,HTX,-7.4433775814397585,-0.49968827702247104,16.849167897574038,48.6154000325314,-38.0697249708517,23.20865459603194,60.0,61.32401458065691,-182.24290744908265,-133.6835012791148,FLAT
2026-10-09T09:01:31.986858+00:00,2,PERP,AVAX|HTX|OKX,AVAX,HTX,OKX,-13.179182374940535,-1.144656492820536,-3.1948086807363003,8.722593858356444,-34.62664350629918,8.356661008201982,20.0,43.03984578064765,-100.47168060621053,-80.59131546958594,FLAT
2026-10-09T09:01:32.537216+00:00,2,PERP,ARB|HTX|OKX,ARB,HTX,OKX,-11.115935302508095,0.37223625322071935,-14.507339985823421,9.110893025522625,-36.22810884831074,14.110125921666938,20.0,50.39399474345808,-98.1147636059454,-105.01146065094844,FLAT
2026-10-09T09:26:04.457586+00:00,0,PERP,OP|GATE|OKX,OP,GATE,OKX,5.711579664300359,0.8911872976430281,-0.3221249722676499,6.770411396712766,-4.950349214931649,16.391679183458407,20.0,21.329830225419638,-51.95805446808364,-64.0436343811457,FLAT
2026-10-09T09:26:04.793344+00:00,0,SPOT,ARB|BITGET|HTX,ARB,BITGET,HTX,4.9061870734168345,-0.24617809499235846,16.872412864990494,48.60800385974674,-18.23761800790247,28.065924276308163,60.0,46.28083056102313,-147.3908614339161,-123.4743419723408,FLAT
2026-10-09T09:26:05.299627+00:00,0,PERP,AVAX|HTX|OKX,AVAX,HTX,OKX,17.05915081093634,2.2797050906168277,-3.0744086356947355,8.831650869886627,-8.525099957711335,42.770103012497174,20.0,51.20753430699467,-82.65822562901126,-123.05204595518657,FLAT
2026-10-09T09:26:05.851882+00:00,0,PERP,ARB|HTX|OKX,ARB,HTX,OKX,-3.4856208612421558,1.1738879580110744,-14.368185608092281,9.270531035422257,-31.585799844975337,24.754936890616364,20.0,56.36003193769057,-99.57764617457363,-121.48315443639922,FLAT
2026-10-09T09:26:16.259632+00:00,1,PERP,OP|GATE|OKX,OP,GATE,OKX,3.544719726693568,0.5711388086163693,-0.3221249722676499,6.770411396712766,-7.509176568001319,14.618531373069565,20.0,22.11984915031773,-55.306900746051404,-63.06050549565495,FLAT
2026-10-09T09:26:16.588743+00:00,1,SPOT,ARB|BITGET|HTX,ARB,BITGET,HTX,5.6604901497459,-0.23066001121122795,16.872412864990494,48.60800385974674,-16.765225639124857,28.099438985331737,60.0,44.839279491318706,-144.47691799543406,-122.06630561165994,FLAT
2026-10-09T09:26:17.097208+00:00,1,PERP,AVAX|HTX|OKX,AVAX,HTX,OKX,19.574031189608654,2.564462766811584,-3.0744086356947355,8.831650869886627,-6.134254161701547,45.41090592592667,20.0,51.44414237177117,-80.50398789777798,-125.92945693339257,FLAT
2026-10-09T09:26:17.610477+00:00,1,PERP,ARB|HTX|OKX,ARB,HTX,OKX,-5.691595624661705,0.9359323592443345,-14.368185608092281,9.270531035422257,-33.00010925624708,21.753341888961497,20.0,54.78429223480625,-99.41621588296105,-116.90581973186003,FLAT
2026-10-09T09:26:28.008804+00:00,2,PERP,OP|GATE|OKX,OP,GATE,OKX,3.0967290500094613,0.5049699083185796,-0.3221249722676499,6.770411396712766,-9.07436505650061,15.291794818768079,20.0,24.35859309543135,-59.110833179664304,-65.97251288646707,FLAT
2026-10-09T09:26:28.337045+00:00,2,SPOT,ARB|BITGET|HTX,ARB,BITGET,HTX,7.476100650911643,-0.19330792190502036,16.872412864990494,48.60800385974674,-15.082611571500815,30.04735438885353,60.0,45.09624806614369,-143.051272502635,-124.27118959000673,FLAT
2026-10-09T09:26:28.859021+00:00,2,PERP,AVAX|HTX|OKX,AVAX,HTX,OKX,21.206207524355758,2.749272646503766,-3.0744086356947355,8.831650869886627,-4.211987236170112,46.75154067577125,20.0,50.855365796520296,-77.99294439699567,-126.68131510798628,FLAT
2026-10-09T09:26:29.402444+00:00,2,PERP,ARB|HTX|OKX,ARB,HTX,OKX,-6.2225508303181964,0.8786589189605215,-14.368185608092281,9.270531035422257,-33.20399302444543,20.889186787764746,20.0,54.12654648545338,-98.96235390180654,-115.38391888131042,FLAT
2026-10-09T09:49:30.898894+00:00,0,PERP,OP|GATE|OKX,OP,GATE,OKX,4.8612217111232425,0.7634358128098236,-0.3106023271966549,6.774405852516941,-4.9540790330560025,14.692022925733017,20.0,19.636543969770948,-50.2800206756303,-60.639169222700616,FLAT
2026-10-09T09:49:31.239701+00:00,0,SPOT,ARB|BITGET|HTX,ARB,BITGET,HTX,15.413875986602932,-0.036092767145284754,17.167359496025234,48.58268423598499,-4.808822064696905,35.64884060158757,60.0,40.395393987787635,-128.37157554850978,-124.87687509334997,FLAT
2026-10-09T09:49:31.760878+00:00,0,PERP,AVAX|HTX|OKX,AVAX,HTX,OKX,8.045192153753877,1.2079528416095824,-2.9377019343486257,9.09215468500238,-12.105871265725154,28.274484449033466,20.0,40.347743626887286,-75.51591295826381,-97.55993001026937,FLAT
2026-10-09T09:49:32.252449+00:00,0,PERP,ARB|HTX|OKX,ARB,HTX,OKX,-9.772217333338107,0.5209057336430367,-14.515619594988562,9.106066520859198,-34.66859725597238,15.236077938862724,20.0,49.953239606828376,-96.10621726781218,-105.70493714067966,FLAT
2026-10-09T09:49:42.666742+00:00,1,PERP,OP|GATE|OKX,OP,GATE,OKX,6.192230818315991,0.9599119519974736,-0.3106023271966549,6.774405852516941,-4.097630725586887,16.498959189596984,20.0,20.58383011998672,-50.370858518376956,-63.393391636780365,FLAT
2026-10-09T09:49:42.998263+00:00,1,SPOT,ARB|BITGET|HTX,ARB,BITGET,HTX,14.781774287959681,-0.04910361058845242,17.167359496025234,48.58268423598499,-5.5586239300287055,35.13634580142089,60.0,40.63489920433004,-129.36088263038397,-124.6038855097257,FLAT
2026-10-09T09:49:43.498544+00:00,1,PERP,AVAX|HTX|OKX,AVAX,HTX,OKX,12.653254417047677,1.7147702488073342,-2.9377019343486257,9.09215468500238,-10.12576715408331,35.53083867828821,20.0,45.59869586695461,-78.7867610866893,-110.06723647959146,FLAT
2026-10-09T09:49:43.997864+00:00,1,PERP,ARB|HTX|OKX,ARB,HTX,OKX,-8.998499348283895,0.6058730445320866,-14.515619594988562,9.106066520859198,-34.01721749496711,16.132684088361327,20.0,50.194817173604,-95.69641507358256,-106.8431208569539,FLAT
2026-10-09T09:49:54.419379+00:00,2,PERP,OP|GATE|OKX,OP,GATE,OKX,5.361542603594671,0.8372903918480047,-0.3106023271966549,6.774405852516941,-5.434621902746795,16.17845267149365,20.0,21.601472939625804,-52.725492515175944,-64.09052793831611,FLAT
2026-10-09T09:49:54.752021+00:00,2,SPOT,ARB|BITGET|HTX,ARB,BITGET,HTX,11.23889698792846,-0.12202830290932315,17.167359496025234,48.58268423598499,-7.128477224652707,29.61390177124601,60.0,36.70112938994464,-126.99696611062258,-115.14767166516542,FLAT
2026-10-09T09:49:55.261107+00:00,2,PERP,AVAX|HTX|OKX,AVAX,HTX,OKX,0.6822407012863074,0.39813913874629436,-2.9377019343486257,9.09215468500238,-9.597849544590309,10.981718722202771,20.0,20.578146076912482,-53.23829368715417,-60.49756673346388,FLAT
2026-10-09T09:49:55.751764+00:00,2,PERP,ARB|HTX|OKX,ARB,HTX,OKX,-6.4715628856570895,0.8833733743219438,-14.515619594988562,9.106066520859198,-32.92717739407536,20.106105885620007,20.0,53.06734524223165,-97.47890304131845,-113.68907072284023,FLAT
2026-10-09T10:30:21.612552+00:00,0,PERP,OP|GATE|OKX,OP,GATE,OKX,4.008560392350091,0.628585343598844,-0.23945702608128064,6.758059922476348,-4.227146389530478,12.254952751755699,20.0,16.475487914844592,-46.46317727829379,-54.96989769268157,FLAT
2026-10-09T10:30:21.845223+00:00,0,SPOT,ARB|BITGET|HTX,ARB,BITGET,HTX,-4.381427058043341,-0.4406982670659913,17.021146847094897,48.5651419680608,-28.01330706316496,19.270342384767325,60.0,47.304367145039535,-158.33882105529938,-115.55356268271197,FLAT
2026-10-09T10:30:22.362893+00:00,0,PERP,AVAX|HTX|OKX,AVAX,HTX,OKX,4.732373634315223,0.8862202156208584,-2.9615726145675345,8.681754391590603,-15.314806889793475,24.85506352346567,20.0,40.15072764994098,-78.50396192516693,-93.9673637879742,FLAT
2026-10-09T10:30:23.310791+00:00,0,PERP,ARB|HTX|OKX,ARB,HTX,OKX,-2.603246883421395,1.1104371687794958,-13.90607802350489,10.178721910494644,-32.51673452612347,27.469586062394136,20.0,60.00151718618169,-104.61217368880027,-127.37718127208072,FLAT
2026-10-09T10:30:33.561532+00:00,1,PERP,OP|GATE|OKX,OP,GATE,OKX,3.5091806834963712,0.5546913985048009,-0.23945702608128064,6.758059922476348,-6.019060040940438,13.051801258456841,20.0,19.064160498296474,-50.84376351315563,-58.3554187828346,FLAT
2026-10-09T10:30:33.789772+00:00,1,SPOT,ARB|BITGET|HTX,ARB,BITGET,HTX,-3.581380868017403,-0.42422459567114407,17.021146847094897,48.5651419680608,-27.585140893110484,20.441919599605285,60.0,48.04425902143726,-158.65054676164263,-117.46503177394764,FLAT
2026-10-09T10:30:34.262418+00:00,1,PERP,AVAX|HTX|OKX,AVAX,HTX,OKX,5.5513946500296285,0.9805584079691391,-2.9615726145675345,8.681754391590603,-14.439781536244034,25.618039813868343,20.0,40.03545390601693,-77.51366282769342,-94.6150663344528,FLAT
2026-10-09T10:30:34.810832+00:00,1,PERP,ARB|HTX|OKX,ARB,HTX,OKX,1.8071022443688634,1.5437282210915768,-13.90607802350489,10.178721910494644,-30.234145211145425,34.03027655347613,20.0,64.25229569912894,-106.58036288676948,-138.18865027610997,FLAT
2026-10-09T10:30:45.061023+00:00,2,PERP,OP|GATE|OKX,OP,GATE,OKX,2.867148058580682,0.4596888930105273,-0.23945702608128064,6.758059922476348,-6.884328591527655,12.634146965802007,20.0,19.512868584774775,-52.15774015022115,-58.386472576658065,FLAT
2026-10-09T10:30:45.298836+00:00,2,SPOT,ARB|BITGET|HTX,ARB,BITGET,HTX,1.353930984326901,-0.3226020809961113,17.021146847094897,48.5651419680608,-24.51463934434961,27.245173434311543,60.0,51.75279587630522,-159.28858206774973,-127.97682246352186,FLAT
2026-10-09T10:30:45.761407+00:00,2,PERP,AVAX|HTX|OKX,AVAX,HTX,OKX,1.6705393047056205,0.5335456072979848,-2.9615726145675345,8.681754391590603,-18.44663917512257,21.86420538298206,20.0,40.30396649110012,-81.78903305165515,-91.1297444886497,FLAT
2026-10-09T10:30:46.266089+00:00,2,PERP,ARB|HTX|OKX,ARB,HTX,OKX,-3.9718643047770286,0.9759784977016922,-13.90607802350489,10.178721910494644,-36.665611025481496,28.913862015407243,20.0,65.60496843645814,-114.36450143843474,-134.42490847537027,FLAT
2026-10-09T10:52:53.768848+00:00,0,PERP,OP|GATE|OKX,OP,GATE,OKX,0.813189731847519,0.14997674129899305,-0.2046372556432764,6.786565561266992,-11.423047672241005,13.072622303589299,20.0,24.49365621314612,-61.71206662974385,-63.7709157723787,FLAT
2026-10-09T10:52:54.150042+00:00,0,SPOT,ARB|BITGET|HTX,ARB,BITGET,HTX,-1.8852612690345438,-0.3921378369112312,17.146786684436048,48.534076954626805,-26.39841379517671,22.646920112265878,60.0,49.05457459348794,-158.59977507310072,-120.55470802131777,FLAT
2026-10-09T10:52:54.636239+00:00,0,PERP,AVAX|HTX|OKX,AVAX,HTX,OKX,-3.1597064828525756,-0.008640349350479543,-3.085075288257821,8.637520494540256,-16.78032579829125,10.495485618158273,20.0,27.28438866053611,-66.97963917056954,-66.8649495669522,FLAT
2026-10-09T10:52:55.201657+00:00,0,PERP,ARB|HTX|OKX,ARB,HTX,OKX,2.2839294555443423,1.7175082847269922,-14.105875734003583,9.54278086184206,-29.401310193096776,34.148122200723385,20.0,63.534417655037,-104.8298521141302,-137.78841558976399,FLAT
2026-10-09T10:53:05.588786+00:00,1,PERP,OP|GATE|OKX,OP,GATE,OKX,4.9111858299810685,0.7538162034154526,-0.2046372556432764,6.786565561266992,-7.2820813191820655,17.12828408825695,20.0,24.398359654020325,-57.47580371755912,-67.73128099792055,FLAT
2026-10-09T10:53:05.929520+00:00,1,SPOT,ARB|BITGET|HTX,ARB,BITGET,HTX,12.328115976041332,-0.0992842763425698,17.146786684436048,48.534076954626805,-28.284482845679637,52.97660058683373,60.0,81.16101134888994,-192.5922808790056,-182.99082525128762,FLAT
2026-10-09T10:53:06.487304+00:00,1,PERP,AVAX|HTX|OKX,AVAX,HTX,OKX,4.624807627218175,0.8926037188970357,-3.085075288257821,8.637520494540256,-11.137924656339226,20.433953471965527,20.0,31.55721529110929,-65.6100646591907,-81.07624405133264,FLAT
2026-10-09T10:53:07.037607+00:00,1,PERP,ARB|HTX|OKX,ARB,HTX,OKX,5.785482046598567,2.084440381539107,-14.105875734003583,9.54278086184206,-30.05340760432351,41.859013453497965,20.0,71.87007514647746,-113.81760701679738,-153.834964333979,FLAT
2026-10-09T10:53:17.437368+00:00,2,PERP,OP|GATE|OKX,OP,GATE,OKX,4.604448682321571,0.7086185043892854,-0.2046372556432764,6.786565561266992,-7.045487962856756,16.275950950734863,20.0,23.310685685993963,-56.15153639320744,-65.7912738923721,FLAT
2026-10-09T10:53:17.789981+00:00,2,SPOT,ARB|BITGET|HTX,ARB,BITGET,HTX,-1.7914120547934953,-0.39020416020138493,17.146786684436048,48.534076954626805,-37.62164712923788,34.05848105317632,60.0,71.69296595561059,-192.46139976928453,-154.60466032435087,FLAT
2026-10-09T10:53:18.287697+00:00,2,PERP,AVAX|HTX|OKX,AVAX,HTX,OKX,0.8374462010696249,0.4541258676962743,-3.085075288257821,8.637520494540256,-18.026529192646244,19.769245852374606,20.0,37.79248841727234,-78.73394232166076,-86.64680955790476,FLAT
2026-10-09T10:53:18.863799+00:00,2,PERP,ARB|HTX|OKX,ARB,HTX,OKX,0.9528076840337185,1.5780183613197314,-14.105875734003583,9.54278086184206,-31.13937284664359,33.22632860861097,20.0,64.35905837624713,-107.39255548888714,-137.69126271886168,FLAT
2026-10-09T11:10:14.095349+00:00,0,PERP,OP|GATE|OKX,OP,GATE,OKX,2.858036554103105,0.46361266863793765,-0.2650095260958718,6.736326014071774,-9.937919272582363,15.681582711601916,20.0,25.61215222468629,-61.28506197117278,-67.55874446238408,FLAT
2026-10-09T11:10:14.418075+00:00,0,SPOT,ARB|BITGET|HTX,ARB,BITGET,HTX,-5.518764957770372,-0.46163241021140866,16.904249349379054,48.57331030306258,-34.36029162772414,23.33093674951714,60.0,57.72308323171149,-174.98762420881468,-130.14977063184958,FLAT
2026-10-09T11:10:14.889882+00:00,0,PERP,AVAX|HTX|OKX,AVAX,HTX,OKX,0.10507699337969356,0.3044531449377894,-2.405525694270121,8.2462695143544,-15.25365075861873,15.507551443485479,20.0,30.760816762814684,-69.60894182716329,-74.67389390057028,FLAT
2026-10-09T11:10:15.441229+00:00,0,PERP,ARB|HTX|OKX,ARB,HTX,OKX,0.39602711751518527,1.5774917393528185,-14.21587956817695,9.262746879224112,-32.685679470663146,33.66774984072451,20.0,66.35025751257524,-110.82005741506143,-140.2338869214767,FLAT
2026-10-09T11:10:25.789606+00:00,1,PERP,OP|GATE|OKX,OP,GATE,OKX,3.715869319937948,0.5909569753182976,-0.2650095260958718,6.736326014071774,-6.9014564308556015,14.35178826493022,20.0,21.245333941252515,-53.88178084601224,-61.862131732278606,FLAT
2026-10-09T11:10:26.110475+00:00,1,SPOT,ARB|BITGET|HTX,ARB,BITGET,HTX,-6.649417360524712,-0.4849096461193565,16.904249349379054,48.57331030306258,-37.85171565577894,24.57394610731578,60.0,62.46719169767008,-183.22315670282808,-136.1368884556068,FLAT
2026-10-09T11:10:26.592019+00:00,1,PERP,AVAX|HTX|OKX,AVAX,HTX,OKX,3.0970195373458687,0.6672769089147074,-2.405525694270121,8.2462695143544,-11.78547927938367,18.021974263806584,20.0,29.79816452182577,-65.17811810693932,-76.22566447990248,FLAT
2026-10-09T11:10:27.144826+00:00,1,PERP,ARB|HTX|OKX,ARB,HTX,OKX,3.6267033158132733,1.9262733956392855,-14.21587956817695,9.262746879224112,-28.498057248078634,35.93598346683269,20.0,64.41015265525121,-104.69233033515289,-140.56201569026086,FLAT
2026-10-09T11:10:37.488819+00:00,2,PERP,OP|GATE|OKX,OP,GATE,OKX,3.9828405574016124,0.6305885544470361,-0.2650095260958718,6.736326014071774,-6.281825281566622,14.264408909046011,20.0,20.53804031164334,-52.554856067114095,-61.06745874678523,FLAT
2026-10-09T11:10:37.806147+00:00,2,SPOT,ARB|BITGET|HTX,ARB,BITGET,HTX,-7.273957057025715,-0.4977673182154999,16.904249349379054,48.57331030306258,-38.0377807128307,23.50880672102651,60.0,61.59138291273249,-182.53341297494222,-134.19594028437993,FLAT
2026-10-09T11:10:38.292041+00:00,2,PERP,AVAX|HTX|OKX,AVAX,HTX,OKX,3.0665101991411703,0.6635771343497856,-2.405525694270121,8.2462695143544,-11.78547927938367,17.960868552169273,20.0,29.737168550859412,-65.11712213597296,-76.1035627972988,FLAT
2026-10-09T11:10:38.740679+00:00,2,PERP,ARB|HTX|OKX,ARB,HTX,OKX,3.069639757691256,1.8661331839520285,-14.21587956817695,9.262746879224112,-29.580599407048602,35.90741677624409,20.0,65.46738300348204,-106.83210284235369,-141.5906793479031,FLAT
2026-10-09T11:51:36.046398+00:00,0,PERP,OP|GATE|OKX,OP,GATE,OKX,4.471923388873478,0.6912791878615976,-0.19749725942597163,6.754753694731981,-8.141697348404975,17.112975363704486,20.0,25.24335428207686,-59.18755437105587,-68.55382690520733,FLAT
2026-10-09T11:51:36.887337+00:00,0,PERP,AVAX|HTX|OKX,AVAX,HTX,OKX,9.94001106499054,1.5610850342828424,-2.59065758586963,8.026896918281405,-8.14387851897136,28.085080344697477,20.0,36.19287978720959,-67.74610072031132,-92.8686177177767,FLAT
2026-10-09T11:51:37.487356+00:00,0,PERP,ARB|HTX|OKX,ARB,HTX,OKX,-3.7241909900564973,1.0921547212924816,-14.044330534862722,9.449338398311484,-29.99494166613492,22.661275493573996,20.0,52.67558463585846,-94.62619576713065,-115.38119066429518,FLAT
2026-10-09T11:51:47.851478+00:00,1,PERP,OP|GATE|OKX,OP,GATE,OKX,2.6635195396318423,0.4235560507985828,-0.19749725942597163,6.754753694731981,-9.441658077126158,14.791774743276864,20.0,24.226957945945454,-59.47111876364565,-65.21622994864829,FLAT
2026-10-09T11:51:48.886822+00:00,1,PERP,AVAX|HTX|OKX,AVAX,HTX,OKX,3.565190448062694,0.7669025897059009,-2.59065758586963,8.026896918281405,-12.685794172974107,19.866429374413297,20.0,32.540544640616496,-68.63568122772097,-80.99763160089942,FLAT
2026-10-09T11:51:49.443410+00:00,1,PERP,ARB|HTX|OKX,ARB,HTX,OKX,-0.08901233390923302,1.4768566446352671,-14.044330534862722,9.449338398311484,-25.378597360117272,25.301980705545457,20.0,50.68082627774095,-88.0150931029955,-116.02713751814912,FLAT
2026-10-09T11:51:59.794211+00:00,2,PERP,OP|GATE|OKX,OP,GATE,OKX,2.5660867984522717,0.40913172896793515,-0.19749725942597163,6.754753694731981,-10.903889968318925,16.065132820108907,20.0,26.96207275348964,-63.668465462382585,-69.22470283302451,FLAT
2026-10-09T11:52:00.109315+00:00,2,SPOT,ARB|BITGET|HTX,ARB,BITGET,HTX,-5.754208497211755,-0.46267237256889565,16.749761753004385,48.639105303105424,-56.985664721267426,45.50198225004909,60.0,102.54664848145569,-242.2820749557275,-197.2988689785004,FLAT
2026-10-09T11:52:00.641098+00:00,2,PERP,AVAX|HTX|OKX,AVAX,HTX,OKX,5.300184663090679,0.9830501536638363,-2.59065758586963,8.026896918281405,-14.479467869565887,25.15473992582118,20.0,39.613070581504886,-77.50188086520114,-93.3584680931957,FLAT
2026-10-09T11:52:01.189326+00:00,2,PERP,ARB|HTX|OKX,ARB,HTX,OKX,1.2783097346247274,1.621556941195531,-14.044330534862722,9.449338398311484,-23.576311915177726,26.23234638390315,20.0,49.80209362278717,-85.33407500310217,-116.07877054155304,FLAT
2026-10-09T13:02:52.717849+00:00,0,PERP,OP|GATE|OKX,OP,GATE,OKX,1.3854467435225892,0.22464917816040947,-0.14699652606222882,6.821495106875422,-10.153954058071957,12.945503736083719,20.0,23.096239461827818,-59.10319699383755,-62.18873972397377,FLAT
2026-10-09T13:02:53.426237+00:00,0,PERP,AVAX|HTX|OKX,AVAX,HTX,OKX,5.011773459169255,0.9254321617188618,-2.3574089675138277,7.962963393227927,-14.026324914064858,24.117271351207226,20.0,38.12437010008321,-75.79328604663425,-90.59905041880427,FLAT
2026-10-09T13:02:53.926025+00:00,0,PERP,ARB|HTX|OKX,ARB,HTX,OKX,-1.251723818744832,1.3140737289550082,-13.826441210358796,9.569263211443825,-32.009069999775484,29.673538143903944,20.0,61.689872902450524,-105.87250169186723,-131.18985225671327,FLAT
2026-10-09T13:03:04.216960+00:00,1,PERP,OP|GATE|OKX,OP,GATE,OKX,1.901408537463567,0.30028681856873246,-0.14699652606222882,6.821495106875422,-9.848163170520507,13.672728381151078,20.0,23.516400014305432,-59.217566658763715,-63.33612492151874,FLAT
2026-10-09T13:03:04.967226+00:00,1,PERP,AVAX|HTX|OKX,AVAX,HTX,OKX,6.667759531528983,1.1333931921272213,-2.3574089675138277,7.962963393227927,-12.248735716041681,25.651738305625393,20.0,37.875099658487706,-73.76642640701556,-91.88424693162693,FLAT
2026-10-09T13:03:05.477007+00:00,1,PERP,ARB|HTX|OKX,ARB,HTX,OKX,0.6778389647177363,1.515715458399237,-13.826441210358796,9.569263211443825,-31.637926001090165,33.17914367676478,20.0,64.81214534805008,-108.62363013878145,-137.81773023517366,FLAT
2026-10-09T13:03:15.767488+00:00,2,PERP,OP|GATE|OKX,OP,GATE,OKX,3.5211758256470382,0.5377372986769566,-0.14699652606222882,6.821495106875422,-9.281233344780038,16.34933754582013,20.0,25.62152322667094,-60.755760045388755,-68.1178572985533,FLAT
2026-10-09T13:03:16.526337+00:00,2,PERP,AVAX|HTX|OKX,AVAX,HTX,OKX,3.4053973330383513,0.7237012172444667,-2.3574089675138277,7.962963393227927,-14.513015829992204,21.385622593022013,20.0,35.88631127693958,-74.04191813941796,-85.62934283747542,FLAT
2026-10-09T13:03:17.017634+00:00,2,PERP,ARB|HTX|OKX,ARB,HTX,OKX,0.9685464880759831,1.5460947589717817,-13.826441210358796,9.569263211443825,-30.894227226283544,33.010529844825776,20.0,63.89806568450259,-106.96585170042735,-136.73503673968716,FLAT
2026-10-09T13:28:31.793985+00:00,0,PERP,OP|GATE|OKX,OP,GATE,OKX,1.5237026563963418,0.25028048582640594,-0.18084952119295444,6.810567639586453,-10.604897080649378,13.676498549333171,20.0,24.277672323386163,-60.70171988284259,-64.13502039391228,FLAT
2026-10-09T13:28:32.769742+00:00,0,PERP,AVAX|HTX|OKX,AVAX,HTX,OKX,1.3378294922028466,0.45810919502513153,-2.3208229713469106,7.986420057229033,-19.31948787716964,22.078810606653843,20.0,41.39259178086833,-84.39125668669107,-91.79222535886908,FLAT
2026-10-09T13:28:33.303307+00:00,0,PERP,ARB|HTX|OKX,ARB,HTX,OKX,0.9067518267680263,1.5610427583202098,-13.895801309518571,9.482477694727063,-31.159882519739,33.153258151219504,20.0,64.30680657081996,-107.57088778104038,-137.35586603155804,FLAT
2026-10-09T13:28:43.707227+00:00,1,PERP,OP|GATE|OKX,OP,GATE,OKX,2.7551394996594425,0.43109314468693455,-0.18084952119295444,6.810567639586453,-7.625610306511987,13.153565950236867,20.0,20.773437847481862,-54.21819863280089,-60.10785331891168,FLAT
2026-10-09T13:28:44.615130+00:00,1,PERP,AVAX|HTX|OKX,AVAX,HTX,OKX,4.265865416199777,0.8247360319577284,-2.3208229713469106,7.986420057229033,-16.413984840386586,25.02949144019384,20.0,41.42563531385051,-81.51879718289018,-94.77594972539126,FLAT
2026-10-09T13:28:45.211796+00:00,1,PERP,ARB|HTX|OKX,ARB,HTX,OKX,3.248965049367225,1.8080471065510142,-13.895801309518571,9.482477694727063,-27.393527135008977,34.05390271588038,20.0,61.42704297036229,-100.9247687958527,-135.37674699576127,FLAT
2026-10-09T13:28:55.598127+00:00,2,PERP,OP|GATE|OKX,OP,GATE,OKX,2.7934775826365943,0.4367223499170994,-0.18084952119295444,6.810567639586453,-8.085888931282925,13.691602804275504,20.0,21.771393787123248,-55.676433197213214,-61.6438461125917,FLAT
2026-10-09T13:28:56.462183+00:00,2,PERP,AVAX|HTX|OKX,AVAX,HTX,OKX,-0.11286062045146039,0.2764645905266251,-2.3208229713469106,7.986420057229033,-21.243187717413512,21.103045947845622,20.0,42.346538639391134,-87.26890338545773,-91.77040755858366,FLAT
2026-10-09T13:28:56.943532+00:00,2,PERP,ARB|HTX|OKX,ARB,HTX,OKX,-2.5474056622398766,1.196775358996016,-13.895801309518571,9.482477694727063,-33.791587390068486,28.86241129310907,20.0,62.66952527200407,-108.56531135255399,-131.4277378746317,FLAT
2026-10-09T13:52:52.848692+00:00,0,PERP,OP|GATE|OKX,OP,GATE,OKX,2.87421222826989,0.46091463260373633,-0.2829885425075106,6.849860142087855,-9.256613416953607,15.028398736338655,20.0,24.278011665609267,-59.251636540055365,-65.58939894445544,FLAT
2026-10-09T13:52:53.793049+00:00,0,PERP,AVAX|HTX|OKX,AVAX,HTX,OKX,8.852349074455201,1.4202598139388851,-2.5336572379597144,8.016847481474164,-15.124786301184967,32.941300050122194,20.0,48.02331432171721,-86.61444338494246,-109.49827160979912,FLAT
2026-10-09T13:52:54.305310+00:00,0,PERP,ARB|HTX|OKX,ARB,HTX,OKX,-6.388866519453362,0.8055273511915646,-13.98066366925609,9.424629888200162,-29.681742562079894,16.990029335293144,20.0,46.70145028918835,-88.40252918201216,-103.67214329373759,FLAT
2026-10-09T13:53:04.695405+00:00,1,PERP,OP|GATE|OKX,OP,GATE,OKX,2.49183344244841,0.40509177229860166,-0.2829885425075106,6.849860142087855,-11.148267794970357,16.160253297539118,20.0,27.301688600363935,-64.16696785282677,-69.74493044041056,FLAT
2026-10-09T13:53:05.701795+00:00,1,PERP,AVAX|HTX|OKX,AVAX,HTX,OKX,12.969761733376828,1.9338547985555192,-2.5336572379597144,8.016847481474164,-12.778171778936587,38.84393876571579,20.0,51.55493628810716,-87.79945082908404,-118.93253229178266,FLAT
2026-10-09T13:53:06.241062+00:00,1,PERP,ARB|HTX|OKX,ARB,HTX,OKX,-6.53417057678185,0.7901098696509461,-13.98066366925609,9.424629888200162,-30.89493396697729,17.920705401328618,20.0,48.84737563534393,-91.76164593306513,-106.74874470592863,FLAT
2026-10-09T13:53:16.599171+00:00,2,PERP,OP|GATE|OKX,OP,GATE,OKX,0.9887256905383168,0.18565550342144732,-0.2829885425075106,6.849860142087855,-11.258809400962466,13.258055982356964,20.0,24.514422203744058,-61.49024306219901,-64.05546672860854,FLAT
2026-10-09T13:53:17.445008+00:00,2,PERP,AVAX|HTX|OKX,AVAX,HTX,OKX,7.214051175963299,1.2159029389605616,-2.5336572379597144,8.016847481474164,-16.6234881949745,31.16199839999556,20.0,47.750783838980716,-87.84061479599549,-107.44643947693598,FLAT
2026-10-09T13:53:17.956805+00:00,2,PERP,ARB|HTX|OKX,ARB,HTX,OKX,-8.042069329594614,0.6301143291681642,-13.98066366925609,9.424629888200162,-32.765640374693426,16.777015933031603,20.0,49.58234663098506,-94.3673233364224,-106.34002623327275,FLAT
2026-10-09T14:38:53.916174+00:00,0,PERP,OP|GATE|OKX,OP,GATE,OKX,0.46606273615745764,0.09114511492730323,-0.1554461943068889,6.818894583215547,-11.799408710191361,12.755430319115746,20.0,24.553671419073698,-62.19763393495817,-63.46454793249633,FLAT
2026-10-09T14:38:54.172690+00:00,0,SPOT,ARB|BITGET|HTX,ARB,BITGET,HTX,8.08141054842837,-0.15356430808598326,15.503339099658335,48.3310779942062,-20.60248561290279,36.78292826678309,60.0,57.33907041172136,-159.44489512428248,-144.61865957884612,FLAT
2026-10-09T14:38:54.612200+00:00,0,PERP,AVAX|HTX|OKX,AVAX,HTX,OKX,-9.067687355008847,-0.8341886941671585,-2.4078047104052818,7.983664476839611,-27.017330112971692,8.943172157227508,20.0,35.99303541810386,-86.60256082067028,-73.34401228573665,FLAT
2026-10-09T14:38:55.119262+00:00,0,PERP,ARB|HTX|OKX,ARB,HTX,OKX,-14.027476816402817,-0.017291163418039258,-13.862974070727512,9.51368868006217,-35.55199939021425,7.570367572431458,20.0,43.18281688838751,-90.87184220787424,-90.61615853154647,FLAT
2026-10-09T14:39:05.425164+00:00,1,PERP,OP|GATE|OKX,OP,GATE,OKX,-0.2745535648807085,-0.017467255010364564,-0.1554461943068889,6.818894583215547,-12.611920113710928,12.088592149375188,20.0,24.701163537413816,-63.15763745681786,-62.9452018810959,FLAT
2026-10-09T14:39:05.677486+00:00,1,SPOT,ARB|BITGET|HTX,ARB,BITGET,HTX,9.906065944471631,-0.1158110554839619,15.503339099658335,48.3310779942062,-19.293872100344387,39.12850775266152,60.0,58.364554871825284,-159.161766071828,-147.98972352482846,FLAT
2026-10-09T14:39:06.611827+00:00,1,PERP,AVAX|HTX|OKX,AVAX,HTX,OKX,-2.97180567132016,-0.07064437171063859,-2.4078047104052818,7.983664476839611,-13.885010208767312,7.964206666994933,20.0,21.85568815312129,-59.332893651483325,-58.227699530521505,FLAT
2026-10-09T14:39:07.017759+00:00,1,PERP,ARB|HTX|OKX,ARB,HTX,OKX,-14.817708285497222,-0.10035373732278474,-13.862974070727512,9.51368868006217,-35.99085324832107,6.425939731025121,20.0,42.479620855718814,-90.60750003331239,-88.76853465747146,FLAT
2026-10-09T14:39:17.472486+00:00,2,PERP,OP|GATE|OKX,OP,GATE,OKX,1.3032196777884586,0.213915298776696,-0.1554461943068889,6.818894583215547,-11.329691563721767,13.96200943836634,20.0,25.288378891837432,-62.46262426125231,-65.40583452451067,FLAT
2026-10-09T14:39:17.724691+00:00,2,SPOT,ARB|BITGET|HTX,ARB,BITGET,HTX,15.561879725249916,0.0012112418762643515,15.503339099658335,48.3310779942062,-13.25218945733675,44.39329220091048,60.0,57.55590862756931,-152.3114371845644,-152.44586172882146,FLAT
2026-10-09T14:39:18.160769+00:00,2,PERP,AVAX|HTX|OKX,AVAX,HTX,OKX,-0.10102172670944931,0.2889378668639878,-2.4078047104052818,7.983664476839611,-12.016060490607217,11.839020087949237,20.0,23.855295362605176,-59.46355114280711,-64.1021201609597,FLAT
2026-10-09T14:39:18.567971+00:00,2,PERP,ARB|HTX|OKX,ARB,HTX,OKX,-6.700851652622353,0.7528228701780849,-13.862974070727512,9.51368868006217,-33.18756886594221,19.902064971750733,20.0,53.124977766887646,-98.44957256210233,-112.89001680936587,FLAT
2026-10-09T15:01:01.942740+00:00,0,PERP,OP|GATE|OKX,OP,GATE,OKX,2.316948698493082,0.35649737698531153,-0.11330413887496017,6.817028663490486,-8.77042026194208,13.424144575893138,20.0,22.189405954468583,-56.8465220775357,-61.72685466923668,FLAT
2026-10-09T15:01:02.297288+00:00,0,SPOT,ARB|BITGET|HTX,ARB,BITGET,HTX,3.436405314811708,-0.22425160269403735,14.022350387052027,47.20566071799045,-23.872932992325957,30.763873657437824,60.0,54.61803166427718,-158.51331504365515,-137.35955493466298,FLAT
2026-10-09T15:01:04.733864+00:00,0,PERP,AVAX|HTX|OKX,AVAX,HTX,OKX,-2.1993712440881996,0.03288132311164655,-2.4615020829390115,7.972028314090721,-17.15520558557393,12.799383007409126,20.0,29.961116657778902,-70.65482016041382,-71.22200174812704,FLAT
2026-10-09T15:01:05.185880+00:00,0,PERP,ARB|HTX|OKX,ARB,HTX,OKX,-2.0872410794503526,1.1402721359951804,-13.295327626623845,9.829308454855434,-35.2779657750546,31.294925373042126,20.0,66.58623877780845,-114.5688769262392,-137.1764917774744,FLAT
2026-10-09T15:01:15.555967+00:00,1,PERP,OP|GATE|OKX,OP,GATE,OKX,3.7394120236422523,0.5651606224205793,-0.11330413887496017,6.817028663490486,-9.639349557466481,17.147329394762156,20.0,26.776634330958554,-62.30267974955008,-70.03726786459568,FLAT
2026-10-09T15:01:15.908552+00:00,1,SPOT,ARB|BITGET|HTX,ARB,BITGET,HTX,0.8425519069765741,-0.27919953411546106,14.022350387052027,47.20566071799045,-32.112827763506324,33.82321152051837,60.0,65.93047460695811,-178.06565275751646,-151.73133574042447,FLAT
2026-10-09T15:01:16.389060+00:00,1,PERP,AVAX|HTX|OKX,AVAX,HTX,OKX,6.072031420920609,1.0704344199049605,-2.4615020829390115,7.972028314090721,-9.427029624325955,21.615753173573893,20.0,31.023880747454122,-63.98940828884106,-81.10113600396703,FLAT
2026-10-09T15:01:16.904827+00:00,1,PERP,ARB|HTX|OKX,ARB,HTX,OKX,8.46650054928677,2.2139734728907414,-13.295327626623845,9.829308454855434,-24.55317056875184,41.67641092430286,20.0,66.1730096635036,-103.4308526056316,-147.1447482144303,FLAT
2026-10-09T15:01:27.289519+00:00,2,PERP,OP|GATE|OKX,OP,GATE,OKX,1.8045543288258692,0.28133349034780775,-0.11330413887496017,6.817028663490486,-11.562721753214378,15.200470750278416,20.0,26.75833316774999,-64.2077507820894,-68.07210805690336,FLAT
2026-10-09T15:01:27.632358+00:00,2,SPOT,ARB|BITGET|HTX,ARB,BITGET,HTX,-4.6275304319243205,-0.3950772118282995,14.022350387052027,47.20566071799045,-34.06478654421785,24.82690025883194,60.0,58.91894671632214,-173.00608364759202,-135.72349658810205,FLAT
2026-10-09T15:01:28.104350+00:00,2,PERP,AVAX|HTX|OKX,AVAX,HTX,OKX,8.828372220410774,1.416185926409055,-2.4615020829390115,7.972028314090721,-9.289693522168685,27.006892865713006,20.0,36.26447007133012,-69.0926615105598,-91.73286501998214,FLAT
2026-10-09T15:01:28.533863+00:00,2,PERP,ARB|HTX|OKX,ARB,HTX,OKX,5.917674386191063,1.9546646746368166,-13.295327626623845,9.829308454855434,-28.708392021098426,40.754567650045374,20.0,69.42123856254312,-110.83430295701771,-149.47113383921234,FLAT
2026-10-09T15:24:32.033439+00:00,0,PERP,OP|GATE|OKX,OP,GATE,OKX,-0.3106534457730792,-0.015693139513412398,-0.2038735160664329,6.804242682949775,-10.433048552737079,9.829615913377054,20.0,20.263278184464003,-56.492453221134646,-56.29676761390749,FLAT
2026-10-09T15:24:32.839581+00:00,0,PERP,AVAX|HTX|OKX,AVAX,HTX,OKX,9.922695120103686,1.5490593640394095,-2.431541891878568,7.975315406742509,-11.288839717376042,31.218998069444392,20.0,42.46553149207203,-77.3228293175695,-102.116071453395,FLAT
2026-10-09T15:24:33.287410+00:00,0,PERP,ARB|HTX|OKX,ARB,HTX,OKX,1.4242768844274778,1.5217184248663875,-13.356997190814567,9.713540845468764,-28.232389672280256,31.231497373100936,20.0,59.45503782107195,-100.33043030253765,-130.04353238498746,FLAT
2026-10-09T15:24:43.631410+00:00,1,PERP,OP|GATE|OKX,OP,GATE,OKX,0.8150056011135831,0.14974173683327702,-0.2038735160664329,6.804242682949775,-8.94387896839599,10.589756015917384,20.0,19.53203022616168,-54.272035678491235,-56.3256597581455,FLAT
2026-10-09T15:24:44.437259+00:00,1,PERP,AVAX|HTX|OKX,AVAX,HTX,OKX,11.261388545780182,1.7169139700835458,-2.431541891878568,7.975315406742509,-9.604114253477514,32.210276601638554,20.0,41.767188915950946,-74.9397612775499,-102.40900740946807,FLAT
2026-10-09T15:24:44.884924+00:00,1,PERP,ARB|HTX|OKX,ARB,HTX,OKX,-1.970018624726233,1.1722788576526353,-13.356997190814567,9.713540845468764,-31.194334192991,27.402656018533644,20.0,58.60816050465457,-102.445497506831,-125.36781371400278,FLAT
2026-10-09T15:24:55.234391+00:00,2,PERP,OP|GATE|OKX,OP,GATE,OKX,2.365722378718793,0.37764612676502224,-0.2038735160664329,6.804242682949775,-8.184546567872042,12.934175039949203,20.0,21.113711033347073,-55.09438408515268,-60.251759589362706,FLAT
2026-10-09T15:24:56.035581+00:00,2,PERP,AVAX|HTX|OKX,AVAX,HTX,OKX,12.210309601146108,1.8358962305924764,-2.431541891878568,7.975315406742509,-8.686433764850676,33.19051901856662,20.0,41.8257159309623,-74.08060780393441,-103.44777684140749,FLAT
2026-10-09T15:24:56.486319+00:00,2,PERP,ARB|HTX|OKX,ARB,HTX,OKX,4.1646491756308635,1.8038372047016247,-13.356997190814567,9.713540845468764,-26.071460747295603,34.56077750127129,20.0,60.606575421370266,-99.3210389778513,-134.52435011345614,FLAT
2026-10-09T16:28:32.016030+00:00,0,PERP,OP|GATE|OKX,OP,GATE,OKX,6.318525695403476,0.9000129425689513,0.131571649171553,6.874294528001115,-6.347226123430971,19.007810427831284,20.0,25.339004194615818,-57.817801967218344,-70.21524297327555,FLAT
2026-10-09T16:28:32.271644+00:00,0,SPOT,ARB|BITGET|HTX,ARB,BITGET,HTX,3.653493466628799,-0.18225778286487124,11.810421223963301,44.7548940249217,-18.71782923518639,26.040943681702178,60.0,44.742420491716175,-141.27067095086585,-124.97294294945505,FLAT
2026-10-09T16:28:32.719372+00:00,0,PERP,AVAX|HTX|OKX,AVAX,HTX,OKX,2.061996148816636,0.5720151727082005,-2.4962493032230295,7.968749203729502,-13.276931319223806,17.44573654961057,20.0,30.716268820650406,-67.49695083665118,-76.65825467348401,FLAT
2026-10-09T16:28:33.268969+00:00,0,PERP,ARB|HTX|OKX,ARB,HTX,OKX,8.060227222577154,2.1621927716928995,-13.139686324070082,9.804821209372864,-21.561905265869985,37.83107648420714,20.0,59.34477613341169,-93.7669950752116,-136.3155389416889,FLAT
2026-10-09T16:28:43.513240+00:00,1,PERP,OP|GATE|OKX,OP,GATE,OKX,8.767205329718308,1.2562210777223997,0.131571649171553,6.874294528001115,-4.536421829243187,22.09788470115326,20.0,26.610948688603727,-57.27894216701847,-74.57726174058544,FLAT
2026-10-09T16:28:43.749272+00:00,1,SPOT,ARB|BITGET|HTX,ARB,BITGET,HTX,3.1876091748928026,-0.19266746658519399,11.810421223963301,44.7548940249217,-17.921708560214576,24.306806376666046,60.0,42.21505611553499,-137.94718589971288,-120.71144126823773,FLAT
2026-10-09T16:28:44.266900+00:00,1,PERP,AVAX|HTX|OKX,AVAX,HTX,OKX,3.777346384967739,0.7872748316956224,-2.4962493032230295,7.968749203729502,-12.217731637835794,19.819154295328545,20.0,32.02472092527642,-67.74620325988919,-80.340124523828,FLAT
2026-10-09T16:28:44.666121+00:00,1,PERP,ARB|HTX|OKX,ARB,HTX,OKX,4.509335877698195,1.800035087319776,-13.139686324070082,9.804821209372864,-23.29889870940849,32.44835083963116,20.0,55.72181590618532,-91.88102829152373,-127.30985306988657,FLAT
2026-10-09T16:28:54.913899+00:00,2,PERP,OP|GATE|OKX,OP,GATE,OKX,8.075775995186607,1.1556392170361436,0.131571649171553,6.874294528001115,-5.600268352959903,21.77869375530106,20.0,27.35684295749715,-59.088682959628606,-75.00396506362665,FLAT
2026-10-09T16:28:55.564834+00:00,2,PERP,AVAX|HTX|OKX,AVAX,HTX,OKX,2.505807882975386,0.6277091998148685,-2.4962493032230295,7.968749203729502,-13.060911645017548,18.118005842029383,20.0,31.171040287102883,-67.7357026288974,-77.7852954323553,FLAT
2026-10-09T16:28:56.016730+00:00,2,PERP,ARB|HTX|OKX,ARB,HTX,OKX,5.1970766487086095,1.8701782093945545,-13.139686324070082,9.804821209372864,-25.00651048597313,35.55672102597551,20.0,60.531370771683015,-98.39819493358607,-135.22777812172862,FLAT
2026-10-09T16:51:57.062776+00:00,0,PERP,OP|GATE|OKX,OP,GATE,OKX,6.444217330678903,0.9623758472944702,-0.020549271480664447,6.7175071156804105,-4.820868014866475,17.730161091091823,20.0,22.53648681122602,-53.33680555461183,-66.2871971737985,FLAT
2026-10-09T16:51:57.913176+00:00,0,PERP,AVAX|HTX|OKX,AVAX,HTX,OKX,19.83138617171143,2.796207474491235,-2.4594775930227484,7.971820391757575,-5.980867787309663,45.77259798003608,20.0,51.65071390840106,-81.17210410268797,-125.8827894814599,FLAT
2026-10-09T16:51:58.510836+00:00,0,PERP,ARB|HTX|OKX,ARB,HTX,OKX,4.334678350972343,1.7485607234645908,-13.025125263130697,9.928053044509886,-26.70557450182742,35.54572832022096,20.0,62.22386216806756,-101.9043114067643,-136.79471575141923,FLAT
2026-10-09T16:52:08.900288+00:00,1,PERP,OP|GATE|OKX,OP,GATE,OKX,6.245651580472078,0.932816407045673,-0.020549271480664447,6.7175071156804105,-6.033938670634287,18.54865214635515,20.0,24.567224690477016,-56.58061408963064,-69.13642610831283,FLAT
2026-10-09T16:52:09.853480+00:00,1,PERP,AVAX|HTX|OKX,AVAX,HTX,OKX,13.80459261689504,2.040195264149948,-2.4594775930227484,7.971820391757575,1.1481048993378096,26.491211236507883,20.0,25.308133666451425,-47.70055117409087,-80.25882249598206,FLAT
2026-10-09T16:52:10.389040+00:00,1,PERP,ARB|HTX|OKX,ARB,HTX,OKX,7.092345962436131,2.0263259206387487,-13.025125263130697,9.928053044509886,-28.42627107402795,42.83070740305206,20.0,71.20579920645706,-112.60694501735432,-153.06163187263982,FLAT
2026-10-09T16:52:20.745197+00:00,2,PERP,OP|GATE|OKX,OP,GATE,OKX,3.3853519142490462,0.5070186197167474,-0.020549271480664447,6.7175071156804105,-8.775476703422047,15.568201863491726,20.0,24.33542025022716,-59.09034768216854,-65.92417138519954,FLAT
2026-10-09T16:52:21.655562+00:00,2,PERP,AVAX|HTX|OKX,AVAX,HTX,OKX,14.978115603998532,2.1874041737130447,-2.4594775930227484,7.971820391757575,2.1246841498911984,27.862146817918543,20.0,25.698934126764765,-47.11477238385082,-82.02055853770605,FLAT
2026-10-09T16:52:22.192319+00:00,2,PERP,ARB|HTX|OKX,ARB,HTX,OKX,8.587458576150286,2.1769206653496402,-13.025125263130697,9.928053044509886,-21.27563713034575,38.60341928061173,20.0,59.827289725305185,-94.07780159252023,-137.4558342690476,FLAT
2026-10-09T17:09:00.356274+00:00,0,PERP,OP|GATE|OKX,OP,GATE,OKX,4.977858162915627,0.7500509365889928,-0.036264991260310304,6.685043521148936,-7.122602640633469,17.10078393086789,20.0,24.211313688763337,-57.2976513381365,-67.34836261089154,FLAT
2026-10-09T17:09:00.880578+00:00,0,PERP,ICP|HTX|OKX,ICP,HTX,OKX,-29.31633703630809,-0.879193345240121,-15.965020791329222,15.185870454163211,-49.09983633387904,-9.460561945450197,20.0,39.75569173102163,-98.89050727357144,-72.26015057690066,FLAT
2026-10-09T17:09:01.225737+00:00,0,SPOT,ARB|BITGET|HTX,ARB,BITGET,HTX,15.655891601746852,0.10340620773804077,11.051800758103923,44.524317682227405,-24.81135844086935,56.152202177068844,60.0,80.83699266767766,-182.70015186665094,-191.9373940866426,FLAT
2026-10-09T17:09:01.702464+00:00,0,PERP,AVAX|HTX|OKX,AVAX,HTX,OKX,4.460899756426606,0.8678492188931407,-2.448194627452814,7.961169098811098,-17.02063891042549,26.030708199742403,20.0,43.03196999691866,-83.60441427989133,-97.51087282411387,FLAT
2026-10-09T17:09:02.455580+00:00,0,PERP,DOT|HTX|MEXC,DOT,HTX,MEXC,-19.81189519544513,-0.9836537398554512,-8.379557177124294,11.622319475957898,-33.19029861849066,-6.398629696471314,26.0,26.84480821118404,-83.6555496525504,-60.825735691837025,FLAT
2026-10-09T17:09:12.831560+00:00,1,PERP,OP|GATE|OKX,OP,GATE,OKX,6.145861372488515,0.9247698005541666,-0.036264991260310304,6.685043521148936,-4.571716480853416,16.881351538122757,20.0,21.439876412203414,-51.975327901796526,-64.35749294158649,FLAT
2026-10-09T17:09:13.329068+00:00,1,PERP,ICP|HTX|OKX,ICP,HTX,OKX,-33.66905463121572,-1.1658227885799548,-15.965020791329222,15.185870454163211,-52.044876237055114,-15.23676306276811,20.0,36.932374352647265,-99.01222979837316,-63.66063208120838,FLAT
2026-10-09T17:09:13.671847+00:00,1,SPOT,ARB|BITGET|HTX,ARB,BITGET,HTX,16.35544687332402,0.11911796499774623,11.051800758103923,44.524317682227405,-30.643420766032214,63.385899044579034,60.0,93.8757711825109,-201.57099270664705,-212.20986946898603,FLAT
2026-10-09T17:09:14.134784+00:00,1,PERP,AVAX|HTX|OKX,AVAX,HTX,OKX,7.380719434202376,1.234606869878322,-2.448194627452814,7.961169098811098,-14.022507906757964,28.871894762609873,20.0,42.86258667369429,-80.43689995299944,-100.18267606375699,FLAT
2026-10-09T17:09:14.790715+00:00,1,PERP,DOT|HTX|MEXC,DOT,HTX,MEXC,-18.28126475208469,-0.8519562377753611,-8.379557177124294,11.622319475957898,-35.350044306383666,-1.1553170631672938,26.0,34.257258268012684,-93.22774539727206,-73.48149838196969,FLAT
2026-10-09T17:09:25.137973+00:00,2,PERP,OP|GATE|OKX,OP,GATE,OKX,4.799119791205619,0.723313882275951,-0.036264991260310304,6.685043521148936,-7.318135369862588,16.939460599856293,20.0,24.245938083267408,-57.52780846186968,-67.221663674384,FLAT
2026-10-09T17:09:25.632594+00:00,2,PERP,ICP|HTX|OKX,ICP,HTX,OKX,-36.17043092287386,-1.330540135485307,-15.965020791329222,15.185870454163211,-53.76664307393697,-18.520144594148526,20.0,35.37436612736558,-99.17598840997333,-58.81924232454628,FLAT
2026-10-09T17:09:25.964631+00:00,2,SPOT,ARB|BITGET|HTX,ARB,BITGET,HTX,11.726552122521827,0.015154670515866034,11.051800758103923,44.524317682227405,-27.739267723561056,51.21800939343446,60.0,78.86478758829706,-183.65585606996206,-185.0309962236276,FLAT
2026-10-09T17:09:26.432542+00:00,2,PERP,AVAX|HTX|OKX,AVAX,HTX,OKX,5.1751847302750065,0.9575703345964951,-2.448194627452814,7.961169098811098,-15.035723429644987,25.4632669788335,20.0,40.47789528847435,-79.06542409066651,-94.38935689476065,FLAT
2026-10-09T17:09:27.089520+00:00,2,PERP,DOT|HTX|MEXC,DOT,HTX,MEXC,-21.700605301829825,-1.1461608977675797,-8.379557177124294,11.622319475957898,-44.34341069238901,1.0323330049266666,26.0,45.47424652772313,-113.43810004298784,-86.88613670977409,FLAT
2026-10-09T17:51:03.635694+00:00,0,PERP,OP|GATE|OKX,OP,GATE,OKX,2.3644258105770533,0.35515804139037893,-0.013682389745855388,6.6959154043452,-10.84005583631531,15.596849432120141,20.0,26.43062641017901,-63.256999856748465,-68.041158232045,FLAT
2026-10-09T17:51:04.135091+00:00,0,PERP,ICP|HTX|OKX,ICP,HTX,OKX,-31.009548941213218,-0.985347026580291,-16.010782837231186,15.221810894417771,-49.196457855035234,-12.762063857801875,20.0,36.547625821878434,-95.73330083968247,-65.79634480130774,FLAT
2026-10-09T17:51:05.204082+00:00,0,PERP,DOT|HTX|MEXC,DOT,HTX,MEXC,-7.972489531183902,-0.0024784531671513113,-7.942994174639629,11.90071167581289,-28.70244701573266,12.842099498326931,26.0,41.57752174448255,-94.33697458557558,-94.36261541744912,FLAT
2026-10-09T17:51:05.788492+00:00,0,PERP,AVAX|HTX|OKX,AVAX,HTX,OKX,11.878228230790544,1.791644693978606,-2.3668204303709435,7.950822341637559,-12.335082264035568,36.203464064885615,20.0,48.48070175555191,-84.44896358921653,-113.05098625080846,FLAT
2026-10-09T17:51:16.098613+00:00,1,PERP,OP|GATE|OKX,OP,GATE,OKX,4.656317250446573,0.6974400598254141,-0.013682389745855388,6.6959154043452,-7.869285362046563,17.207722773260326,20.0,25.06531038177099,-58.92091335407169,-68.28671554477717,FLAT
2026-10-09T17:51:16.637817+00:00,1,PERP,ICP|HTX|OKX,ICP,HTX,OKX,-29.592618866992602,-0.892261513690347,-16.010782837231186,15.221810894417771,-45.916693998031555,-13.224947506412787,20.0,32.78871875940398,-88.69462992020435,-61.57455409022238,FLAT
2026-10-09T17:51:17.693259+00:00,1,PERP,DOT|HTX|MEXC,DOT,HTX,MEXC,-8.254440401287422,-0.026170386707273913,-7.942994174639629,11.90071167581289,-26.01326091657752,9.56624373956716,26.0,35.608790154788146,-85.67905689672604,-85.11802806899495,FLAT
2026-10-09T17:51:18.138618+00:00,1,PERP,AVAX|HTX|OKX,AVAX,HTX,OKX,13.99014237117635,2.057266795648008,-2.3668204303709435,7.950822341637559,-11.326173583694477,39.43033104708782,20.0,50.68529286947866,-85.64464602280219,-118.48244434693743,FLAT
2026-10-09T17:51:28.484934+00:00,2,PERP,OP|GATE|OKX,OP,GATE,OKX,3.107114549452117,0.46607472626861207,-0.013682389745855388,6.6959154043452,-9.006415021255432,15.244735476549476,20.0,24.243593802885684,-59.23632643439526,-65.50201166918102,FLAT
2026-10-09T17:51:28.934050+00:00,2,PERP,ICP|HTX|OKX,ICP,HTX,OKX,-27.716173823523206,-0.7689880703080267,-16.010782837231186,15.221810894417771,-42.636930141028984,-12.755569078947149,20.0,29.96435765656079,-82.59050496035859,-59.21957141484483,FLAT
2026-10-09T17:51:29.942679+00:00,2,PERP,DOT|HTX|MEXC,DOT,HTX,MEXC,-17.229836883078107,-0.7803602810841253,-7.942994174639629,11.90071167581289,-30.943530681724063,-3.4795082431327007,26.0,27.51137522135004,-82.51191172843447,-63.97486115285697,FLAT
2026-10-09T17:51:30.387585+00:00,2,PERP,AVAX|HTX|OKX,AVAX,HTX,OKX,13.206092758508703,1.9586544032465747,-2.3668204303709435,7.950822341637559,-12.058311920997156,38.594116157211204,20.0,50.58532293644816,-86.27681442707438,-117.54625952403032,FLAT
2026-10-09T18:07:18.903831+00:00,0,PERP,OP|GATE|OKX,OP,GATE,OKX,3.3088559010585605,0.47406836628361554,0.11700653447745278,6.732888320735486,-8.362804543489144,15.0047912527973,20.0,23.359841144018507,-57.8396522219851,-64.24762586233835,FLAT
2026-10-09T18:07:19.688540+00:00,0,PERP,AVAX|HTX|OKX,AVAX,HTX,OKX,4.138209284125782,0.8298607817310576,-2.454330121394717,7.944151055998472,-16.377564310050552,24.73393666499568,20.0,41.09433978280898,-81.01757397146483,-94.28260656919939,FLAT
2026-10-09T18:07:30.115921+00:00,1,PERP,OP|GATE|OKX,OP,GATE,OKX,2.4587171836754074,0.34780179584831594,0.11700653447745278,6.732888320735486,-11.250479853684991,16.1998129763119,20.0,27.443508179368987,-64.81099456753144,-69.52631462120344,FLAT
2026-10-09T18:07:30.989667+00:00,1,PERP,AVAX|HTX|OKX,AVAX,HTX,OKX,8.765470713352208,1.4123347800990107,-2.454330121394717,7.944151055998472,-11.463099464619209,29.07325716806408,20.0,40.50070105708592,-75.5094704003104,-98.02828834654471,FLAT
2026-10-09T18:07:41.344408+00:00,2,PERP,OP|GATE|OKX,OP,GATE,OKX,2.996501573209187,0.4276760435582547,0.11700653447745278,6.732888320735486,-9.363781848903407,15.38072316809691,20.0,24.737069392150296,-60.21785777553116,-66.00078602576976,FLAT
2026-10-09T18:07:42.159336+00:00,2,PERP,AVAX|HTX|OKX,AVAX,HTX,OKX,8.757527841041224,1.411334941065866,-2.454330121394717,7.944151055998472,-14.227659419639993,31.843933973967342,20.0,46.031059188424116,-83.80438848666938,-106.32932328378617,FLAT
2026-10-09T18:31:49.600589+00:00,0,PERP,OP|GATE|OKX,OP,GATE,OKX,4.174442969129277,0.5996895453339556,0.12887828054072847,6.746098410529488,-8.759703467603464,17.133991462894294,20.0,25.882865356213888,-60.771447104358074,-68.88797853856745,FLAT
2026-10-09T18:31:49.944635+00:00,0,SPOT,ARB|BITGET|HTX,ARB,BITGET,HTX,-4.990968163566256,-0.3460067952426267,10.427658257114231,44.561628941040446,-36.49620698217282,26.54130384716291,60.0,63.068976761854564,-175.99284200114164,-145.18262235190326,FLAT
2026-10-09T18:31:50.433123+00:00,0,PERP,AVAX|HTX|OKX,AVAX,HTX,OKX,4.131578409558578,0.8115362454504744,-2.3400254199651416,7.974509907356519,-8.093307218556278,16.383990264896564,20.0,24.467157730454122,-56.22043952904526,-69.19117341531583,FLAT
2026-10-09T18:32:00.790156+00:00,1,PERP,OP|GATE|OKX,OP,GATE,OKX,2.419388167875791,0.33953105157196856,0.12887828054072847,6.746098410529488,-8.888989571446126,13.747232028540335,20.0,22.630729608063533,-57.64859746005039,-62.24908335606314,FLAT
2026-10-09T18:32:01.142243+00:00,1,SPOT,ARB|BITGET|HTX,ARB,BITGET,HTX,1.2605061825876618,-0.20571851371626565,10.427658257114231,44.561628941040446,-34.60212129762774,37.140683152869784,60.0,71.73375807304298,-182.76353762778493,-164.44678296879852,FLAT
2026-10-09T18:32:01.631215+00:00,1,PERP,AVAX|HTX|OKX,AVAX,HTX,OKX,-2.479568679506494,-0.017498662759528754,-2.3400254199651416,7.974509907356519,-17.219761113648204,12.301033226966851,20.0,29.52806071165258,-70.40779640533565,-70.16911935858457,FLAT
2026-10-09T18:32:11.994974+00:00,2,PERP,OP|GATE|OKX,OP,GATE,OKX,2.3410761938835734,0.3279225677897002,0.12887828054072847,6.746098410529488,-10.081663559424747,14.789173587301807,20.0,24.86499020909124,-61.07553204905672,-65.52528551585232,FLAT
2026-10-09T18:32:12.333911+00:00,2,SPOT,ARB|BITGET|HTX,ARB,BITGET,HTX,3.9989843671173197,-0.14426478660604394,10.427658257114231,44.561628941040446,-32.49866339037011,40.51281172103849,60.0,72.98228602386499,-181.90860767134933,-169.06743948778924,FLAT
2026-10-09T18:32:12.907531+00:00,2,PERP,AVAX|HTX|OKX,AVAX,HTX,OKX,-2.817569693214228,-0.05988383973396908,-2.3400254199651416,7.974509907356519,-15.437915985735406,9.831192002758282,20.0,25.27619777992684,-64.3740883456971,-63.44741520265026,FLAT
2026-10-09T18:55:44.953892+00:00,0,PERP,OP|GATE|OKX,OP,GATE,OKX,1.5162783108935152,0.23500787493936764,-0.06135183534898404,6.71309481288459,-11.943806905617693,15.005113918700186,20.0,26.944804569756396,-64.8272596400251,-68.01127032380558,FLAT
2026-10-09T18:55:45.845423+00:00,0,PERP,AVAX|HTX|OKX,AVAX,HTX,OKX,-5.775502557747725,-0.42490027574514194,-2.4000830443195946,7.944027589788456,-25.03584997789354,13.557459318103149,20.0,38.61547504723525,-87.2512419808092,-80.573017409658,FLAT
2026-10-09T18:55:56.253300+00:00,1,PERP,OP|GATE|OKX,OP,GATE,OKX,2.864863222868941,0.4358965782222495,-0.06135183534898404,6.71309481288459,-10.067621066064403,15.824681760245873,20.0,25.88485831195427,-61.89112754266969,-67.77089190754913,FLAT
2026-10-09T18:55:56.592152+00:00,1,SPOT,ARB|BITGET|HTX,ARB,BITGET,HTX,11.96680975967368,0.03643170062373749,10.342178634816758,44.59388656148473,-23.777737027468326,47.73917126295268,60.0,71.43141685494435,-171.55133251722944,-174.8284094830803,FLAT
2026-10-09T18:55:57.083809+00:00,1,PERP,AVAX|HTX|OKX,AVAX,HTX,OKX,-8.394848721351433,-0.7546254855330223,-2.4000830443195946,7.944027589788456,-28.838077925352756,12.128590121873728,20.0,41.00093066385127,-93.43892554488444,-81.5296038300446,FLAT
2026-10-09T18:56:07.443088+00:00,2,PERP,OP|GATE|OKX,OP,GATE,OKX,2.1736935361404974,0.3329381505531115,-0.06135183534898404,6.71309481288459,-10.958990210723218,15.333677224378395,20.0,26.28692511737544,-63.184563492749675,-67.68195417710282,FLAT
2026-10-09T18:56:07.778365+00:00,2,SPOT,ARB|BITGET|HTX,ARB,BITGET,HTX,0.24205498663443237,-0.2264912172267509,10.342178634816758,44.59388656148473,-23.666429312788615,24.16935904878903,60.0,47.83462309651866,-147.84323104412402,-127.66180351049094,FLAT
2026-10-09T18:56:08.417050+00:00,2,PERP,AVAX|HTX|OKX,AVAX,HTX,OKX,-8.658050148869778,-0.7877574736264013,-2.4000830443195946,7.944027589788456,-28.96570879795668,11.729286224195778,20.0,40.7301033469261,-93.2957291005632,-80.85947261544148,FLAT
2026-10-09T19:15:12.264023+00:00,0,PERP,OP|GATE|OKX,OP,GATE,OKX,2.2948580022119636,0.33915283724518325,0.0265187032429886,6.688250988533314,-8.466357151848403,13.073910122325394,20.0,21.53531045586729,-56.02818631095868,-60.58270187494969,FLAT
2026-10-09T19:15:12.657497+00:00,0,PERP,ICP|HTX|OKX,ICP,HTX,OKX,-35.899905548056886,-1.220607215513996,-16.904339544868527,15.56239039205528,-53.015241882040655,-18.731297405188975,20.0,34.40738388407443,-96.51828622124656,-58.58042602375398,FLAT
2026-10-09T19:15:13.508485+00:00,0,PERP,AVAX|HTX|OKX,AVAX,HTX,OKX,4.48539407321924,0.8618904634085867,-2.3730977866327927,7.957498256481699,-15.850104045519453,24.89959618930726,20.0,40.73127864229452,-80.20828490118117,-94.00397261823457,FLAT
2026-10-09T19:15:14.203053+00:00,0,PERP,DOT|HTX|MEXC,DOT,HTX,MEXC,-15.076482387638146,-0.5690770503823719,-8.420415116936784,11.696249683991025,-34.11035336976176,4.027052369077744,26.0,38.194862905145214,-95.88480115797019,-82.64233039115975,FLAT
2026-10-09T19:15:24.460933+00:00,1,PERP,OP|GATE|OKX,OP,GATE,OKX,2.246767111788728,0.331962483518075,0.0265187032429886,6.688250988533314,-11.2053164970638,15.7285903919413,20.0,26.92782399635225,-64.15965919665904,-68.62989568505056,FLAT
2026-10-09T19:15:24.858637+00:00,1,PERP,ICP|HTX|OKX,ICP,HTX,OKX,-29.682530373295045,-0.8210943503222925,-16.904339544868527,15.56239039205528,-53.015241882040655,-6.247922769638814,20.0,46.90632694980563,-109.01722928697777,-83.56274372503535,FLAT
2026-10-09T19:15:25.075462+00:00,1,SPOT,ARB|BITGET|HTX,ARB,BITGET,HTX,-0.6428720789797282,-0.23049847046080874,9.55402567154757,44.238461670230734,-25.917051544015468,24.647308741090335,60.0,50.5676060715967,-152.03868328715976,-131.66088914113948,FLAT
2026-10-09T19:15:25.508210+00:00,1,PERP,AVAX|HTX|OKX,AVAX,HTX,OKX,3.084659852559124,0.6858635042422228,-2.3730977866327927,7.957498256481699,-16.843747119447137,23.090195266679547,20.0,39.921479001850834,-80.39212833466517,-91.38477205516317,FLAT
2026-10-09T19:15:26.155697+00:00,1,PERP,DOT|HTX|MEXC,DOT,HTX,MEXC,-21.298910836503595,-1.1010790695750927,-8.420415116936784,11.696249683991025,-39.907364133132674,-2.6223507896905307,26.0,37.36447119013339,-100.8514202063293,-75.16253551737965,FLAT
2026-10-09T19:15:36.411307+00:00,2,PERP,OP|GATE|OKX,OP,GATE,OKX,3.7935100620711815,0.5632251787928592,0.0265187032429886,6.688250988533314,-9.683111456961768,17.29886551257609,20.0,26.971714622814265,-62.681344783019014,-70.24406143214736,FLAT
2026-10-09T19:15:36.806237+00:00,2,PERP,ICP|HTX|OKX,ICP,HTX,OKX,-29.737263925596615,-0.8246113905020269,-16.904339544868527,15.56239039205528,-53.015241882040655,-6.357886151797665,20.0,46.79629473608485,-108.90719707325698,-83.34274812915572,FLAT
2026-10-09T19:15:37.025578+00:00,2,SPOT,ARB|BITGET|HTX,ARB,BITGET,HTX,-0.28116370151209935,-0.22232213783505128,9.55402567154757,44.238461670230734,-25.195665482933283,24.647308741090335,60.0,49.84437175094346,-150.59406290542432,-130.93765482048622,FLAT
2026-10-09T19:15:37.406761+00:00,2,PERP,AVAX|HTX|OKX,AVAX,HTX,OKX,4.957742906317453,0.9212494249658155,-2.3730977866327927,7.957498256481699,-15.380788704353332,25.37576201623981,20.0,40.73619973559916,-79.7438906533197,-94.48505953847176,FLAT
2026-10-09T19:15:38.016260+00:00,2,PERP,DOT|HTX|MEXC,DOT,HTX,MEXC,-15.620548071291207,-0.6155933011766532,-8.420415116936784,11.696249683991025,-34.34537133416127,3.1732096345526983,26.0,37.577151883343426,-95.50210810056791,-81.1707766348329,FLAT
2026-10-09T19:36:44.784416+00:00,0,PERP,OP|GATE|OKX,OP,GATE,OKX,1.7953969307393791,0.24545352277518234,0.1488039943743327,6.70836954282871,-11.985137405478019,15.605130389417798,20.0,27.58528423963621,-65.71922563948856,-69.04161063467967,FLAT
2026-10-09T19:36:45.386001+00:00,0,PERP,ICP|HTX|OKX,ICP,HTX,OKX,-36.587393979709006,-1.2725884551994153,-16.860129098358662,15.501684618268104,-69.62864721485329,-3.3366700033343744,20.0,66.53474862773831,-145.30326674423293,-106.0582077227626,FLAT
2026-10-09T19:36:46.181773+00:00,0,PERP,AVAX|HTX|OKX,AVAX,HTX,OKX,-0.90295202287205,0.18493035023292775,-2.3743885352058474,7.956706459921044,-19.167709036561618,17.424228663251995,20.0,36.59513557390625,-79.38845607526201,-82.39375277236408,FLAT
2026-10-09T19:36:46.863695+00:00,0,PERP,DOT|HTX|MEXC,DOT,HTX,MEXC,-8.992868639530194,-0.0705461026178799,-8.143122514796465,12.045259669927688,-29.245901785714956,11.339225935163011,26.0,40.62150409112128,-93.72428336203977,-92.10385254108076,FLAT
2026-10-09T19:36:57.233224+00:00,1,PERP,OP|GATE|OKX,OP,GATE,OKX,3.6569199999814117,0.5229461470794013,0.1488039943743327,6.70836954282871,-8.241317905143264,15.577733290645934,20.0,23.810322554657578,-58.20044445417517,-65.23925185092918,FLAT
2026-10-09T19:36:57.733734+00:00,1,PERP,ICP|HTX|OKX,ICP,HTX,OKX,-31.635031635032227,-0.953115929043089,-16.860129098358662,15.501684618268104,-53.17381189763992,-10.010010010008674,20.0,43.30061119772275,-105.61429399700401,-76.15073028607274,FLAT
2026-10-09T19:36:58.552649+00:00,1,PERP,AVAX|HTX|OKX,AVAX,HTX,OKX,-4.857512302507416,-0.3120793483848353,-2.3743885352058474,7.956706459921044,-23.1340855888007,13.481525040834885,20.0,36.63329873959509,-83.39299579318995,-78.48921231563583,FLAT
2026-10-09T19:36:59.244986+00:00,1,PERP,DOT|HTX|MEXC,DOT,HTX,MEXC,-12.743210520133053,-0.38190027707092206,-8.143122514796465,12.045259669927688,-31.767102623521115,6.3518433915210615,26.0,38.167450753637986,-93.79143086236263,-84.66241665995551,FLAT
2026-10-09T19:37:09.586772+00:00,2,PERP,OP|GATE|OKX,OP,GATE,OKX,1.7100409317993837,0.23272971583594754,0.1488039943743327,6.70836954282871,-13.557740438766563,17.013892233299632,20.0,30.566363141759552,-70.27290757490044,-73.43145138068485,FLAT
2026-10-09T19:37:10.033634+00:00,2,PERP,ICP|HTX|OKX,ICP,HTX,OKX,-28.305028305027903,-0.7383003517683422,-16.860129098358662,15.501684618268104,-49.85044865403631,-6.673340006672079,20.0,43.29949562876563,-102.28981518444328,-79.4862847204522,FLAT
2026-10-09T19:37:10.831204+00:00,2,PERP,AVAX|HTX|OKX,AVAX,HTX,OKX,-6.160124709628789,-0.4757918610535883,-2.3743885352058474,7.956706459921044,-24.078538342597877,11.819528893974862,20.0,35.92008998821149,-83.62423979560351,-76.1140074173922,FLAT
2026-10-09T19:37:11.582128+00:00,2,PERP,DOT|HTX|MEXC,DOT,HTX,MEXC,-12.249080587301009,-0.34087750575900977,-8.143122514796465,12.045259669927688,-27.626439294877734,3.1732096345526983,26.0,30.837356308149747,-82.32067308823102,-74.15368845749892,FLAT
2026-10-09T19:54:36.476183+00:00,0,PERP,OP|GATE|OKX,OP,GATE,OKX,2.4253561064813134,0.3454183398183828,0.11548316694335993,6.6871751533299,-11.774131692072753,16.65638981953821,20.0,28.423592775491972,-66.31320763450807,-70.96449942808681,FLAT
2026-10-09T19:54:36.922018+00:00,0,PERP,ICP|HTX|OKX,ICP,HTX,OKX,-34.05294475830378,-1.1277385669656883,-16.721425148070146,15.368384231875746,-53.12084993359778,-14.92075460282738,20.0,38.33051383589667,-100.72993862142431,-66.13118438113943,FLAT
2026-10-09T19:54:37.815226+00:00,0,PERP,DOT|HTX|MEXC,DOT,HTX,MEXC,-12.425170143414155,-0.3526754905422463,-8.235875804017088,11.878609236371759,-30.446135604431657,5.65956003651058,26.0,36.15050064093435,-90.36076044134893,-82.04593648146202,FLAT
2026-10-09T19:54:38.315805+00:00,0,PERP,AVAX|HTX|OKX,AVAX,HTX,OKX,7.407103438281659,1.2411749540526456,-2.4428439314361534,7.935986250412219,-12.37159404710253,27.262218009522776,20.0,39.604329382080884,-75.53307949774727,-95.30939132303982,FLAT
2026-10-09T19:54:48.573037+00:00,1,PERP,OP|GATE|OKX,OP,GATE,OKX,7.32966583733452,1.078808690512441,0.11548316694335993,6.6871751533299,-7.332140418431221,22.02397379387211,20.0,29.334576963294978,-62.78220054866956,-77.24306759022373,FLAT
2026-10-09T19:54:49.071632+00:00,1,PERP,ICP|HTX|OKX,ICP,HTX,OKX,-31.402768831465533,-0.9552951996700239,-16.721425148070146,15.368384231875746,-53.12084993359778,-9.596935645216353,20.0,43.66084450500402,-106.06026929053166,-76.78533400785781,FLAT
2026-10-09T19:54:49.970980+00:00,1,PERP,DOT|HTX|MEXC,DOT,HTX,MEXC,-12.839334556844495,-0.38754189663313676,-8.235875804017088,11.878609236371759,-31.273004134281244,5.65956003651058,26.0,36.97992874740021,-92.01705707766436,-82.87536458792788,FLAT
2026-10-09T19:54:50.412759+00:00,1,PERP,AVAX|HTX|OKX,AVAX,HTX,OKX,10.343820838687456,1.611225670843297,-2.4428439314361534,7.935986250412219,-9.41288117874528,30.176854960166644,20.0,39.54868051808309,-72.51871776539221,-98.16837940968588,FLAT
2026-10-09T19:55:00.670556+00:00,2,PERP,OP|GATE|OKX,OP,GATE,OKX,5.081011039200778,0.7425449099811328,0.11548316694335993,6.6871751533299,-11.789056906591489,21.997169465943767,20.0,33.76900542790531,-71.67354550144016,-81.65069172690572,FLAT
2026-10-09T19:55:01.171976+00:00,2,PERP,ICP|HTX|OKX,ICP,HTX,OKX,-31.402768831465533,-0.9552951996700239,-16.721425148070146,15.368384231875746,-53.12084993359778,-9.596935645216353,20.0,43.66084450500402,-106.06026929053166,-76.78533400785781,FLAT
2026-10-09T19:55:02.099235+00:00,2,PERP,DOT|HTX|MEXC,DOT,HTX,MEXC,-18.224661674034472,-0.8409053342231495,-8.235875804017088,11.878609236371759,-32.24739540267918,-4.163585772323231,26.0,28.135032427394993,-84.14655202605708,-64.20732245908884,FLAT
2026-10-09T19:55:02.521129+00:00,2,PERP,AVAX|HTX|OKX,AVAX,HTX,OKX,5.734528157519403,1.0304166150150271,-2.4428439314361534,7.935986250412219,-14.482718905409753,26.030314573821656,20.0,40.48966231045547,-78.52953728442907,-94.96282081571329,FLAT
2026-10-09T20:34:05.169474+00:00,0,PERP,OP|GATE|OKX,OP,GATE,OKX,-0.08341727157690215,-0.03113005031015288,0.1246594881611835,6.684112542864175,-11.883887385198966,11.74000368874939,20.0,23.62406584248274,-61.63261271584288,-61.23941004307094,FLAT
2026-10-09T20:34:05.868585+00:00,0,PERP,AVAX|HTX|OKX,AVAX,HTX,OKX,7.329500023725011,1.240364153626439,-2.5995158183179776,8.004920017249479,-12.170133842583919,26.901650008870348,20.0,39.04303267271265,-74.6136506969786,-94.54419849990099,FLAT
2026-10-09T20:34:16.163255+00:00,1,PERP,OP|GATE|OKX,OP,GATE,OKX,0.6436691472577749,0.07764825259423193,0.1246594881611835,6.684112542864175,-12.253342361149278,13.566420231325704,20.0,25.81807510299816,-64.19607695230863,-65.25983584616269,FLAT
2026-10-09T20:34:16.862239+00:00,1,PERP,AVAX|HTX|OKX,AVAX,HTX,OKX,6.411515092252795,1.1256865641572016,-2.5995158183179776,8.004920017249479,-13.021005250825057,25.91630196936645,20.0,38.912224464118474,-75.33371389662557,-93.4280422518029,FLAT
2026-10-09T20:34:27.112802+00:00,2,PERP,OP|GATE|OKX,OP,GATE,OKX,3.9056381339208635,0.5656665146663602,0.1246594881611835,6.684112542864175,-9.262116451749236,17.100119264781277,20.0,26.351916515635885,-61.73869245554631,-69.32737629225598,FLAT
2026-10-09T20:34:27.372182+00:00,2,SPOT,ARB|BITGET|HTX,ARB,BITGET,HTX,-30.446576677634063,-0.8958014385788171,9.198671988266744,44.25673699385628,-80.1316927337592,19.261091906117578,60.0,99.69632068987613,-255.02668541190206,-175.75874060772696,FLAT
2026-10-09T20:34:27.860351+00:00,2,PERP,AVAX|HTX|OKX,AVAX,HTX,OKX,9.11063264533496,1.462868890434784,-2.5995158183179776,8.004920017249479,-12.95057415524381,31.264633134016062,20.0,44.17476653774471,-80.52582487467055,-104.03891549007875,FLAT
2026-10-09T20:54:41.388172+00:00,0,PERP,OP|GATE|OKX,OP,GATE,OKX,2.443212761586988,0.3636821321562571,0.004299137679356389,6.706168404390418,-10.923733059039487,15.838107243173472,20.0,26.755274231354154,-63.683306428072996,-68.58908233684826,FLAT
2026-10-09T20:54:42.186298+00:00,0,PERP,AVAX|HTX|OKX,AVAX,HTX,OKX,17.383668553057063,2.496351602247483,-2.5994496340132747,8.0049293413153,-9.277395345196338,44.18216731917557,20.0,53.3664388956189,-86.04438460680196,-126.14805584880774,FLAT
2026-10-09T20:54:52.538110+00:00,1,PERP,OP|GATE|OKX,OP,GATE,OKX,2.4882490571798144,0.37039778450452526,0.004299137679356389,6.706168404390418,-10.422431403950272,15.424940420976085,20.0,25.840915786023867,-62.267646327653495,-67.2615570693206,FLAT
2026-10-09T20:54:53.386776+00:00,1,PERP,AVAX|HTX|OKX,AVAX,HTX,OKX,14.843980734486895,2.1790861136613127,-2.5994496340132747,8.0049293413153,-10.443291156975176,40.25616645351393,20.0,50.62400367303818,-84.46784519600007,-119.47961976056538,FLAT
2026-10-09T20:55:03.739598+00:00,2,PERP,OP|GATE|OKX,OP,GATE,OKX,2.4706463152712743,0.3677729261879617,0.004299137679356389,6.706168404390418,-9.838623673451563,14.803130382323726,20.0,24.635645589957683,-60.4785684010886,-65.43447683460205,FLAT
2026-10-09T20:55:04.536612+00:00,2,PERP,AVAX|HTX|OKX,AVAX,HTX,OKX,13.19274508075896,1.972808758381545,-2.5994496340132747,8.0049293413153,-11.781289551814345,38.28864613871108,20.0,50.00367050907689,-85.18551042687797,-116.89176628180125,FLAT
2026-10-09T21:13:36.642020+00:00,0,PERP,OP|GATE|OKX,OP,GATE,OKX,0.8034463135420111,0.09091284281470158,0.19837856162015685,6.655470593468323,-9.17282670506947,10.79671698776652,20.0,19.967924909221978,-55.339130175911606,-56.56626333536834,FLAT
2026-10-09T21:13:37.375155+00:00,0,PERP,AVAX|HTX|OKX,AVAX,HTX,OKX,23.63003439484146,3.263925452393979,-2.5639852864803765,8.025311871663432,-2.83673920879135,50.23471706987248,20.0,52.94598636653491,-79.21874028884588,-131.74468872288776,FLAT
2026-10-09T21:13:38.287894+00:00,0,PERP,DOT|HTX|MEXC,DOT,HTX,MEXC,-24.589567922091994,-1.3559621911864463,-8.867265253426858,11.594941784407986,-45.005255495848,-4.091653027822328,26.0,41.014289575169094,-109.15227981759024,-77.78990180077363,FLAT
2026-10-09T21:13:48.653165+00:00,1,PERP,OP|GATE|OKX,OP,GATE,OKX,3.702933855935786,0.5265676175858998,0.19837856162015685,6.655470593468323,-8.32272291419578,15.751454201398118,20.0,24.065244200993384,-58.586345676809316,-65.61831984077135,FLAT
2026-10-09T21:13:49.383017+00:00,1,PERP,AVAX|HTX|OKX,AVAX,HTX,OKX,22.35539226993044,3.105097715192681,-2.5639852864803765,8.025311871663432,-2.7856409656867864,47.620484179793365,20.0,50.29338697499913,-76.51504265420553,-126.47785644127286,FLAT
2026-10-09T21:13:50.030386+00:00,1,PERP,DOT|HTX|MEXC,DOT,HTX,MEXC,-14.03300065589086,-0.445516286197357,-8.867265253426858,11.594941784407986,-36.3573308883447,8.389753137045819,26.0,44.809749061397675,-104.29981469631551,-94.06676745187035,FLAT
2026-10-09T21:14:00.388261+00:00,2,PERP,OP|GATE|OKX,OP,GATE,OKX,1.8741290533785815,0.2517854249710014,0.19837856162015685,6.655470593468323,-11.720600442904905,15.494050847317808,20.0,27.209528553196527,-65.12850755772159,-68.50520083889418,FLAT
2026-10-09T21:14:01.282310+00:00,2,PERP,AVAX|HTX|OKX,AVAX,HTX,OKX,12.457475740734747,1.8717604084963215,-2.5639852864803765,8.025311871663432,-2.7856409656867864,27.74565411264307,20.0,30.493241689178895,-56.7148973683853,-86.80288108830234,FLAT
2026-10-09T21:14:01.934250+00:00,2,PERP,DOT|HTX|MEXC,DOT,HTX,MEXC,-16.643627894081803,-0.6706685367848951,-8.867265253426858,11.594941784407986,-36.3573308883447,3.1466158886139795,26.0,39.56965673978426,-99.05972237470209,-83.5835378818251,FLAT
2026-10-09T21:35:38.297901+00:00,0,PERP,OP|GATE|OKX,OP,GATE,OKX,1.6999073608281456,0.24650856483561956,0.05648574646783934,6.666793161755644,-10.975516441555921,14.40104261854147,20.0,25.37221996697747,-62.40422215500123,-65.71677683905111,FLAT
2026-10-09T21:35:39.105826+00:00,0,PERP,AVAX|HTX|OKX,AVAX,HTX,OKX,-5.865627232998216,-0.40583973295655734,-2.6167342665485425,8.00535951170027,-26.244838071829424,14.593533626698907,20.0,40.862183412504734,-90.4902872177856,-84.07245130575218,FLAT
2026-10-09T21:35:39.763989+00:00,0,PERP,DOT|HTX|MEXC,DOT,HTX,MEXC,-20.937750472841408,-1.0136108220613225,-9.106988526218235,11.671897822246638,-42.13947843875188,0.35094230927512626,26.0,42.57939443139717,-107.61188434393081,-84.03732526689052,FLAT
2026-10-09T21:35:50.147988+00:00,1,PERP,OP|GATE|OKX,OP,GATE,OKX,1.4355172866964416,0.20685080619262017,0.05648574646783934,6.666793161755644,-10.983706538059135,13.879482213687844,20.0,24.85959549422421,-61.89978777875118,-64.68259196144422,FLAT
2026-10-09T21:35:50.994725+00:00,1,PERP,AVAX|HTX|OKX,AVAX,HTX,OKX,-5.502388968263716,-0.360465347933173,-2.6167342665485425,8.00535951170027,-25.519762984934637,14.593533626698907,20.0,40.13522676320936,-89.03825548159546,-83.34549465645681,FLAT
2026-10-09T21:35:51.648299+00:00,1,PERP,DOT|HTX|MEXC,DOT,HTX,MEXC,-20.52722462745904,-0.9784386631173069,-9.106988526218235,11.671897822246638,-42.13947843875188,1.1736778865922837,26.0,43.40206728717928,-108.43455719971293,-85.6827336999898,FLAT
2026-10-09T21:36:02.058243+00:00,2,PERP,OP|GATE|OKX,OP,GATE,OKX,3.329935812075302,0.49100819332235396,0.05648574646783934,6.666793161755644,-9.145529664665863,15.830775972540678,20.0,24.967965685481385,-60.16998109661509,-66.74225591155422,FLAT
2026-10-09T21:36:03.753188+00:00,2,PERP,AVAX|HTX|OKX,AVAX,HTX,OKX,-5.497882847187441,-0.35990245989926406,-2.6167342665485425,8.00535951170027,-25.510786366542693,14.593533626698907,20.0,40.12622721663945,-89.0202793166336,-83.3364951098869,FLAT
2026-10-09T21:36:04.400178+00:00,2,PERP,DOT|HTX|MEXC,DOT,HTX,MEXC,-21.56537707486028,-1.0673832771990477,-9.106988526218235,11.671897822246638,-39.68135438998321,-3.384878782893841,26.0,36.3748045515763,-98.94917041534127,-74.09691429490069,FLAT
2026-10-09T21:55:16.225192+00:00,0,PERP,OP|GATE|OKX,OP,GATE,OKX,6.876414136922637,1.0108343556371946,0.1655206733998228,6.638964560412574,-4.010624125865281,17.78272225544608,20.0,21.778353644857987,-51.95449844412309,-65.39555522690425,FLAT
2026-10-09T21:55:17.119697+00:00,0,PERP,AVAX|HTX|OKX,AVAX,HTX,OKX,15.832466726868333,2.2958038667245035,-2.5763144382669187,8.0184467985062,-4.4638967081456205,36.20869596455467,20.0,40.608143138542296,-68.495725408421,-105.39315354136389,FLAT
2026-10-09T21:55:17.758798+00:00,0,PERP,DOT|HTX|MEXC,DOT,HTX,MEXC,-24.496125114645828,-1.3436089295581548,-8.935674691260537,11.581085895657406,-46.31624571708293,-2.5855340442981767,26.0,43.837910400505066,-113.21848142632746,-82.18805104746743,FLAT
2026-10-09T21:55:28.017713+00:00,1,PERP,OP|GATE|OKX,OP,GATE,OKX,3.6156044006396826,0.5196719602650592,0.1655206733998228,6.638964560412574,-10.877863937882593,18.143520768325594,20.0,29.01085463944895,-66.05423925073137,-72.98885473437473,FLAT
2026-10-09T21:55:28.924856+00:00,1,PERP,AVAX|HTX|OKX,AVAX,HTX,OKX,13.31711411072245,1.9821081249738093,-2.5763144382669187,8.0184467985062,-12.290697692405317,39.054079216005455,20.0,51.2761669778791,-86.9905502320175,-118.90656063215147,FLAT
2026-10-09T21:55:29.566801+00:00,1,PERP,DOT|HTX|MEXC,DOT,HTX,MEXC,-22.040414974354718,-1.1315640347688039,-8.935674691260537,11.581085895657406,-43.04872540381699,-0.9449999999999736,26.0,42.19654814435252,-108.30959885690896,-82.18722283561308,FLAT
2026-10-09T21:55:39.827401+00:00,2,PERP,OP|GATE|OKX,OP,GATE,OKX,2.8633655331899988,0.4063653051979118,0.1655206733998228,6.638964560412574,-10.919721906826885,16.677326513383495,20.0,27.589114109329547,-64.67435668955625,-70.10091994931321,FLAT
2026-10-09T21:55:40.824822+00:00,2,PERP,AVAX|HTX|OKX,AVAX,HTX,OKX,13.31711411072245,1.9821081249738093,-2.5763144382669187,8.0184467985062,-12.290697692405317,39.054079216005455,20.0,51.2761669778791,-86.9905502320175,-118.90656063215147,FLAT
2026-10-09T21:55:41.471950+00:00,2,PERP,DOT|HTX|MEXC,DOT,HTX,MEXC,-20.40327488082805,-0.9902007715759671,-8.935674691260537,11.581085895657406,-41.41496524718402,0.6955340442993396,26.0,42.19641356235779,-106.67570411828127,-83.82762229791767,FLAT
2026-10-09T22:14:35.800058+00:00,0,PERP,OP|GATE|OKX,OP,GATE,OKX,-3.564941018763257,-0.5281920819006244,-0.008420958952077963,6.733383898928483,-11.686790739859898,4.565813912802419,20.0,16.258395795480762,-53.93676557638859,-46.832630667235264,FLAT
2026-10-09T22:14:36.631432+00:00,0,PERP,AVAX|HTX|OKX,AVAX,HTX,OKX,5.004851462044879,0.936474844153345,-2.5818128702272434,8.101300723279042,-14.393682005863218,24.4746492861303,20.0,38.84875740410546,-76.66062653974144,-91.90521956046301,FLAT
2026-10-09T22:14:37.383380+00:00,0,PERP,DOT|HTX|MEXC,DOT,HTX,MEXC,-26.380253485540628,-1.3992288063816012,-9.4571042139875,12.09462612145351,-48.8121489814275,-3.8562871710523527,26.0,45.074581134460985,-116.42962590190098,-82.67539817739613,FLAT
2026-10-09T22:14:47.732450+00:00,1,PERP,OP|GATE|OKX,OP,GATE,OKX,-3.0035224926294735,-0.44481371902083605,-0.008420958952077963,6.733383898928483,-10.678263795953491,4.679150158537482,20.0,15.362023876764876,-52.03186671376629,-46.04959499425444,FLAT
2026-10-09T22:14:48.583366+00:00,1,PERP,AVAX|HTX|OKX,AVAX,HTX,OKX,2.341011230282408,0.6076584820958373,-2.5818128702272434,8.101300723279042,-16.37152613647497,21.12199231543821,20.0,37.48461831793688,-77.27433158418461,-87.18842350360234,FLAT
2026-10-09T22:14:49.570459+00:00,1,PERP,DOT|HTX|MEXC,DOT,HTX,MEXC,-22.342784084528056,-1.0654053908854504,-9.4571042139875,12.09462612145351,-47.19411363822257,2.630899448241575,26.0,49.9362841865603,-119.67329361079537,-94.02428784878937,FLAT
2026-10-09T22:14:59.932677+00:00,2,PERP,OP|GATE|OKX,OP,GATE,OKX,2.630069374183197,0.39185205726279043,-0.008420958952077963,6.733383898928483,-10.129168076490336,15.41545029967839,20.0,25.537874981511653,-61.65862209904991,-66.96174624014212,FLAT
2026-10-09T22:15:00.835374+00:00,2,PERP,AVAX|HTX|OKX,AVAX,HTX,OKX,3.5867465196948167,0.7614282694378619,-2.5818128702272434,8.101300723279042,-15.398083422565323,22.641016128470692,20.0,38.02533406675783,-76.84160461909592,-89.24816306545577,FLAT
2026-10-09T22:15:01.843002+00:00,2,PERP,DOT|HTX|MEXC,DOT,HTX,MEXC,-22.304479472826657,-1.062238313927738,-9.4571042139875,12.09462612145351,-43.09931980692072,-1.4243189144758084,26.0,41.767987540480036,-107.41020313341326,-81.80077283999172,FLAT
2026-10-09T22:36:12.182391+00:00,0,PERP,OP|GATE|OKX,OP,GATE,OKX,0.1255678490674761,-0.0074311093468291435,0.17503092225210995,6.6562165722591295,-11.532665392873787,11.8032683669278,20.0,23.33562449941448,-61.04332081454038,-60.96386194409017,FLAT
2026-10-09T22:36:12.934351+00:00,0,PERP,AVAX|HTX|OKX,AVAX,HTX,OKX,4.8382908183164375,0.9400175962455827,-2.7022401612998106,8.021691306346844,-16.65735201349383,26.42133762239318,20.0,43.057679741028956,-83.01279159322297,-98.18125752472194,FLAT
2026-10-09T22:36:13.610819+00:00,0,PERP,DOT|HTX|MEXC,DOT,HTX,MEXC,-17.097886878458812,-0.6953332043868952,-9.012875711244014,11.627534995029752,-33.99415980471776,-0.1470000000003413,26.0,33.905042140100754,-90.88632623357451,-74.77091785134444,FLAT
2026-10-09T22:36:23.931576+00:00,1,PERP,OP|GATE|OKX,OP,GATE,OKX,1.2838883024635095,0.16658973880638797,0.17503092225210995,6.6562165722591295,-9.797738651698973,12.38411070693779,20.0,22.17898623563182,-58.15175580958291,-60.3880660203175,FLAT
2026-10-09T22:36:24.683281+00:00,1,PERP,AVAX|HTX|OKX,AVAX,HTX,OKX,7.864459538544644,1.3172658104512167,-2.7022401612998106,8.021691306346844,-17.131316108007777,32.9800879873865,20.0,50.07173872387906,-90.50081467058703,-111.75406687256537,FLAT
2026-10-09T22:36:25.364033+00:00,1,PERP,DOT|HTX|MEXC,DOT,HTX,MEXC,-19.13704492101043,-0.8707064063100254,-9.012875711244014,11.627534995029752,-35.62285825874589,-2.597944362745519,26.0,33.08814885371068,-91.69813140121255,-71.50308020220918,FLAT
2026-10-09T22:36:35.691404+00:00,2,PERP,OP|GATE|OKX,OP,GATE,OKX,0.4672120725701667,0.04389598011816044,0.17503092225210995,6.6562165722591295,-14.005337060239986,14.97102460539912,20.0,28.97497418891422,-69.15534217140632,-69.77096787206122,FLAT
2026-10-09T22:36:36.534637+00:00,2,PERP,AVAX|HTX|OKX,AVAX,HTX,OKX,8.935963076750486,1.4508415736270022,-2.7022401612998106,8.021691306346844,-11.342783125761757,29.293296866195195,20.0,40.59964831275032,-75.24019127721226,-98.59518534024532,FLAT
2026-10-09T22:36:37.303036+00:00,2,PERP,DOT|HTX|MEXC,DOT,HTX,MEXC,-15.058728835907198,-0.5199600024637651,-9.012875711244014,11.627534995029752,-31.551112123676674,1.486962908496814,26.0,33.08781505999737,-87.62605147243002,-75.5876536797382,FLAT
2026-10-09T22:56:17.003939+00:00,0,PERP,OP|GATE|OKX,OP,GATE,OKX,2.5895403889197866,0.36082616563090236,0.18549652056458632,6.662609581408112,-8.614190484778073,13.812305020692861,20.0,22.420673427250666,-57.220360432593324,-62.04748192737894,FLAT
2026-10-09T22:56:17.342315+00:00,0,SPOT,ARB|BITGET|HTX,ARB,BITGET,HTX,11.619158865703305,0.12354413907362526,6.545239285625858,41.069690704256566,-20.50841617455612,43.77085869590181,60.0,64.20466539541707,-157.25832085559904,-167.43028480569302,FLAT
2026-10-09T22:56:17.854516+00:00,0,PERP,AVAX|HTX|OKX,AVAX,HTX,OKX,6.5393010675274255,1.1484526046282308,-2.6793472023121314,8.027016729021877,-11.871349205903048,25.01363784620958,20.0,36.860772720421174,-72.0527747240121,-90.55375776894289,FLAT
2026-10-09T22:56:18.558108+00:00,0,PERP,DOT|HTX|MEXC,DOT,HTX,MEXC,-13.037660823973507,-0.34786865062284933,-8.989992489906111,11.635622603014546,-29.43641109219297,3.413780527516952,26.0,32.89299187136293,-85.33941047364979,-77.296764888786,FLAT
2026-10-09T22:56:28.939739+00:00,1,PERP,OP|GATE|OKX,OP,GATE,OKX,0.1089084133254481,-0.011495211643926416,0.18549652056458632,6.662609581408112,-8.911619336919863,9.140455359375466,20.0,18.05187136998318,-53.14898722746762,-53.00683020879406,FLAT
2026-10-09T22:56:29.289912+00:00,1,SPOT,ARB|BITGET|HTX,ARB,BITGET,HTX,11.097162691251494,0.11083412919771182,6.545239285625858,41.069690704256566,-16.86860891376485,39.07373010508364,60.0,55.88032562898728,-145.29417382837798,-154.40881644844507,FLAT
2026-10-09T22:56:29.718924+00:00,1,PERP,AVAX|HTX|OKX,AVAX,HTX,OKX,4.243387944118382,0.8624293906603177,-2.6793472023121314,8.027016729021877,-13.861780171469107,22.41118583470536,20.0,36.257472415966205,-73.43990538512318,-87.3480054529837,FLAT
2026-10-09T22:56:30.549724+00:00,1,PERP,DOT|HTX|MEXC,DOT,HTX,MEXC,-15.03872397928152,-0.519845967486803,-8.989992489906111,11.635622603014546,-32.68045325549473,2.664123258655504,26.0,35.397704459448875,-91.0881652250375,-79.0518202080105,FLAT
2026-10-09T22:56:40.957560+00:00,2,PERP,OP|GATE|OKX,OP,GATE,OKX,-0.22782783700381337,-0.06203640668391761,0.18549652056458632,6.662609581408112,-8.427679507602148,7.98131642955946,20.0,16.409364525662816,-51.02254055382955,-50.20518443465769,FLAT
2026-10-09T22:56:41.306041+00:00,2,SPOT,ARB|BITGET|HTX,ARB,BITGET,HTX,11.900324525733197,0.1303902013450597,6.545239285625858,41.069690704256566,-15.217321811528128,39.02395280671156,60.0,54.17680180620146,-141.93936290335546,-152.65551532728716,FLAT
2026-10-09T22:56:41.802073+00:00,2,PERP,AVAX|HTX|OKX,AVAX,HTX,OKX,4.976674488224031,0.9537817035880375,-2.6793472023121314,8.027016729021877,-13.103762143181763,23.119655342966894,20.0,36.20529130083283,-72.62970624170246,-88.00429384611186,FLAT
2026-10-09T22:56:42.509610+00:00,2,PERP,DOT|HTX|MEXC,DOT,HTX,MEXC,-17.475962808303215,-0.7293095185296373,-8.989992489906111,11.635622603014546,-35.11348487797217,0.22266264765535837,26.0,35.397903109267446,-93.5213954973335,-76.61055824682892,FLAT
2026-10-09T23:15:01.094100+00:00,0,PERP,OP|GATE|OKX,OP,GATE,OKX,5.1948751390629155,0.7041472059207325,0.398418633371629,6.811724118708261,-6.844078988337277,17.254294273654214,20.0,24.085843587535045,-57.32834120924395,-66.94171922781763,FLAT
2026-10-09T23:15:01.402209+00:00,0,SPOT,ARB|BITGET|HTX,ARB,BITGET,HTX,26.79459936665074,0.6011040909824291,4.424952428138627,37.2142650068339,-26.141844577916018,79.76328104895458,60.0,105.62210561322085,-202.18890261927552,-246.96043423403682,FLAT
2026-10-09T23:15:01.825869+00:00,0,PERP,DOT|BITGET|HTX,DOT,BITGET,HTX,12.85216619192342,0.2028060951189416,10.311309196542329,12.52850410581068,-3.272468955337615,28.993652762765443,21.999999999999996,32.224697200826334,-73.80847535270627,-78.90704076704944,FLAT
2026-10-09T23:15:02.238121+00:00,0,PERP,DOT|HTX|OKX,DOT,HTX,OKX,-10.649849534672962,-0.09286451547131928,-9.52584509401552,12.10370220479517,-23.077071427043407,1.8044676365658319,20.0,24.90803624144768,-64.45926257447556,-62.23834897202903,FLAT
2026-10-09T23:15:02.736923+00:00,0,PERP,AVAX|HTX|OKX,AVAX,HTX,OKX,5.0653318633431255,0.9343228809578014,-2.413998987600218,8.00508154448285,-15.049715089978655,25.257768823727655,20.0,40.28692865924742,-78.92264476162586,-93.95869647057529,FLAT
2026-10-09T23:15:13.094995+00:00,1,PERP,OP|GATE|OKX,OP,GATE,OKX,-7.149061093825182,-1.108013124969024,0.398418633371629,6.811724118708261,-13.881589263140537,-0.41102361333589243,20.0,13.480200474232445,-53.760208370744614,-38.67075822752493,FLAT
2026-10-09T23:15:13.824247+00:00,1,PERP,DOT|BITGET|HTX,DOT,BITGET,HTX,19.825009078462408,0.7593643903191648,10.311309196542329,12.52850410581068,4.848349510173655,34.81384479274485,21.999999999999996,29.906201263775472,-63.36916095014415,-82.40873685997799,FLAT
2026-10-09T23:15:14.250393+00:00,1,PERP,DOT|HTX|OKX,DOT,HTX,OKX,-16.604673657625302,-0.5848482095672625,-9.52584509401552,12.10370220479517,-29.094092523732627,-4.08802390355123,20.0,25.04762973829978,-70.61587716801688,-56.48545092876407,FLAT
2026-10-09T23:15:14.691730+00:00,1,PERP,AVAX|HTX|OKX,AVAX,HTX,OKX,3.518456334687947,0.7410861824857797,-2.413998987600218,8.00508154448285,-15.058701581178724,22.161327540171083,20.0,37.206822044320866,-75.85152463789937,-87.78214857209217,FLAT
2026-10-09T23:15:25.037112+00:00,2,PERP,OP|GATE|OKX,OP,GATE,OKX,1.2076576957098517,0.11880091563245554,0.398418633371629,6.811724118708261,-10.941887193457456,13.379247803906313,20.0,24.318178211579554,-61.65848403840863,-63.29900738211423,FLAT
2026-10-09T23:15:25.347085+00:00,2,SPOT,ARB|BITGET|HTX,ARB,BITGET,HTX,19.456928048169342,0.4039304717497523,4.424952428138627,37.2142650068339,-26.3556733968362,65.30032307384026,60.0,91.47799804239472,-188.25862386736955,-218.35336868809634,FLAT
2026-10-09T23:15:25.748228+00:00,2,PERP,DOT|BITGET|HTX,DOT,BITGET,HTX,11.688732173000815,0.10994313166403022,10.311309196542329,12.52850410581068,-3.272468955337615,26.662086998436862,21.999999999999996,29.899602175074822,-71.48338032695476,-74.25037997696936,FLAT
2026-10-09T23:15:26.238826+00:00,2,PERP,DOT|HTX|OKX,DOT,HTX,OKX,-11.487391359484844,-0.1620616760293567,-9.52584509401552,12.10370220479517,-23.706705326077547,0.7585645808627639,20.0,24.493377395785227,-64.67423762784726,-60.777787070663514,FLAT
2026-10-09T23:15:26.729398+00:00,2,PERP,AVAX|HTX|OKX,AVAX,HTX,OKX,3.807048287289838,0.7771372771558634,-2.413998987600218,8.00508154448285,-14.482534918778267,22.161327540171083,20.0,36.62980309285729,-74.69833902403533,-87.20512962062858,FLAT
2026-10-09T23:35:49.215767+00:00,0,PERP,OP|GATE|OKX,OP,GATE,OKX,0.7147933429130227,0.06999717466933456,0.24935163056712273,6.649435702864273,-9.156636144205255,10.601193592663094,20.0,19.756406218563864,-55.162393993336245,-56.10824818065984,FLAT
2026-10-09T23:35:49.451482+00:00,0,SPOT,ARB|BITGET|HTX,ARB,BITGET,HTX,-0.4775816798918697,-0.12193111254497667,4.074289830016922,37.33150149212118,-20.52309386328499,19.581707079798782,60.0,40.10671163370331,-130.70409532700523,-121.61412888348517,FLAT
2026-10-09T23:35:49.898947+00:00,0,PERP,DOT|BITGET|HTX,DOT,BITGET,HTX,26.799122098568606,1.2756986643481645,10.447177465596019,12.818030691697743,3.066940323903644,50.55061402927663,21.999999999999996,47.3567539095016,-82.73699105119397,-115.4601904731822,FLAT
2026-10-09T23:35:50.464227+00:00,0,PERP,DOT|HTX|OKX,DOT,HTX,OKX,-23.894924654234153,-1.1578565068534845,-9.626970443342739,12.32273094847053,-44.40830837719623,-3.300922428325359,20.0,41.20568852467982,-101.98702645853332,-73.5317365396972,FLAT
2026-10-09T23:35:50.953743+00:00,0,PERP,AVAX|HTX|OKX,AVAX,HTX,OKX,11.189029917377802,1.7139698162669335,-2.4758553184544345,7.9726522055065585,-8.880406539751862,31.334218932992375,20.0,40.16953696206103,-72.57408818335846,-99.97961121350784,FLAT
2026-10-09T23:36:01.214433+00:00,1,PERP,OP|GATE|OKX,OP,GATE,OKX,5.700836408155663,0.8198417160782966,0.24935163056712273,6.649435702864273,-3.9679761783040224,15.383272410702808,20.0,19.34021345872315,-49.557541267594296,-60.47413423885884,FLAT
2026-10-09T23:36:01.451879+00:00,1,SPOT,ARB|BITGET|HTX,ARB,BITGET,HTX,-0.7403740018963045,-0.12897053800339006,4.074289830016922,37.33150149212118,-20.754213062632587,19.286403330567303,60.0,40.0435769348046,-130.87207982745412,-121.25569043535498,FLAT
2026-10-09T23:36:01.910862+00:00,1,PERP,DOT|BITGET|HTX,DOT,BITGET,HTX,26.799122098568606,1.2756986643481645,10.447177465596019,12.818030691697743,3.066940323903644,50.55061402927663,21.999999999999996,47.3567539095016,-82.73699105119397,-115.4601904731822,FLAT
2026-10-09T23:36:02.414982+00:00,1,PERP,DOT|HTX|OKX,DOT,HTX,OKX,-17.872659654483147,-0.6691446275684405,-9.626970443342739,12.32273094847053,-39.31566004361508,3.654612672103763,20.0,43.04704396084821,-98.73573356112055,-82.32862707629471,FLAT
2026-10-09T23:36:03.308152+00:00,1,PERP,AVAX|HTX|OKX,AVAX,HTX,OKX,6.824326442644857,1.1665104059946116,-2.4758553184544345,7.9726522055065585,-10.11067598669535,23.812812960151142,20.0,33.90026997245601,-67.53509064069692,-86.18893825106159,FLAT
2026-10-09T23:36:13.567523+00:00,2,PERP,OP|GATE|OKX,OP,GATE,OKX,2.224288478098746,0.2970081877295107,0.24935163056712273,6.649435702864273,-7.62264765847287,12.08577125011212,20.0,19.70402542814961,-53.5760247171896,-57.540445047694604,FLAT
2026-10-09T23:36:13.799927+00:00,2,SPOT,ARB|BITGET|HTX,ARB,BITGET,HTX,1.9959196612817642,-0.05567336125426936,4.074289830016922,37.33150149212118,-17.52852483015932,21.530197004506757,60.0,39.05092510836975,-126.65373976854599,-122.50683228285959,FLAT
2026-10-09T23:36:14.251464+00:00,2,PERP,DOT|BITGET|HTX,DOT,BITGET,HTX,22.381592834836983,0.9310646585493747,10.447177465596019,12.818030691697743,2.2545081661395905,42.525040987007046,21.999999999999996,40.18059559869283,-76.37326489814926,-100.25845912010385,FLAT
2026-10-09T23:36:14.763952+00:00,2,PERP,DOT|HTX|OKX,DOT,HTX,OKX,-16.130345857765516,-0.5277543948348529,-9.626970443342739,12.32273094847053,-33.2005457000073,0.9946583265652009,20.0,34.25036321258872,-83.82393846925328,-70.87199198249665,FLAT
2026-10-09T23:36:15.258251+00:00,2,PERP,AVAX|HTX|OKX,AVAX,HTX,OKX,8.87249043102889,1.4234091061498004,-2.4758553184544345,7.9726522055065585,-8.528798099927126,26.331374818293618,20.0,34.82917560581837,-66.88211838729106,-89.63640574256642,FLAT
2026-10-09T23:53:44.261139+00:00,0,PERP,OP|GATE|OKX,OP,GATE,OKX,5.764170993431961,0.8091715549664776,0.33296278144552705,6.712060228329996,-4.3412473244652805,15.885384289067161,20.0,20.214967026577153,-50.889177132487966,-61.76738853419879,FLAT
2026-10-09T23:53:44.591236+00:00,0,SPOT,ARB|BITGET|HTX,ARB,BITGET,HTX,1.604425970389567,-0.07082220808610346,4.242280305225385,37.24614645774382,-18.588492589295402,21.806316907506673,60.0,40.388327495729136,-129.2191003902499,-123.95236409801042,FLAT
2026-10-09T23:53:45.058202+00:00,0,PERP,DOT|BITGET|HTX,DOT,BITGET,HTX,23.443535639915414,1.1023193955581334,9.759279705608446,12.414057113980352,2.835803950420601,44.06788646787119,21.999999999999996,41.135639336201656,-76.05911509138949,-103.44424609846439,FLAT
2026-10-09T23:53:45.552925+00:00,0,PERP,DOT|HTX|OKX,DOT,HTX,OKX,-18.12847409345064,-0.7658399089890879,-8.975204216193864,11.951936390125104,-36.22685294470185,0.029863166719490408,20.0,36.322464041920746,-89.57411277042873,-71.3275314248341,FLAT
2026-10-09T23:53:45.985199+00:00,0,PERP,AVAX|HTX|OKX,AVAX,HTX,OKX,9.523178061470183,1.5050229390526533,-2.47584883260685,7.972653826545595,-10.231692637976408,29.352785608416365,20.0,39.54667613681245,-73.30251994218202,-97.37531057783566,FLAT
2026-10-09T23:53:56.369233+00:00,1,PERP,OP|GATE|OKX,OP,GATE,OKX,4.762554971362576,0.6599452387540867,0.33296278144552705,6.712060228329996,-4.8743964950648255,14.415185150657983,20.0,19.280386511887116,-50.48774578839747,-59.362608881099575,FLAT
2026-10-09T23:53:56.721246+00:00,1,SPOT,ARB|BITGET|HTX,ARB,BITGET,HTX,1.382169306294312,-0.07678944725666859,4.242280305225385,37.24614645774382,-19.053471775853925,21.827843067205865,60.0,40.875662672309325,-130.17141475338863,-124.4612254342898,FLAT
2026-10-09T23:53:57.184169+00:00,1,PERP,DOT|BITGET|HTX,DOT,BITGET,HTX,19.278987646234036,0.7668490529099282,9.759279705608446,12.414057113980352,0.43201866320563553,38.141143550283196,21.999999999999996,37.636559294549684,-74.9638203369525,-94.01842313922444,FLAT
2026-10-09T23:53:57.848734+00:00,1,PERP,DOT|HTX|OKX,DOT,HTX,OKX,-16.389352666297263,-0.6203303136911853,-8.975204216193864,11.951936390125104,-33.27887095181836,0.5502018402414599,20.0,33.884533340704074,-84.18820007632857,-69.4099393971394,FLAT
2026-10-09T23:53:58.395087+00:00,1,PERP,AVAX|HTX|OKX,AVAX,HTX,OKX,9.872008200044746,1.5487762671368484,-2.47584883260685,7.972653826545595,-9.53534708502568,29.352785608416365,20.0,38.84964167185004,-71.90913992426887,-96.67827611287325,FLAT
2026-10-09T23:54:08.743730+00:00,2,PERP,OP|GATE|OKX,OP,GATE,OKX,3.751156434992353,0.5092614692459777,0.33296278144552705,6.712060228329996,-6.873933994507864,14.393500385223579,20.0,21.25944563192764,-54.46634240788103,-61.31998323570569,FLAT
2026-10-09T23:54:09.089578+00:00,2,SPOT,ARB|BITGET|HTX,ARB,BITGET,HTX,1.6851933290684684,-0.06865373251587142,4.242280305225385,37.24614645774382,-18.448280771415916,21.827843067205865,60.0,40.26933558667447,-128.95989666331576,-123.85489834865496,FLAT
2026-10-09T23:54:09.571666+00:00,2,PERP,DOT|BITGET|HTX,DOT,BITGET,HTX,23.443535639915414,1.1023193955581334,9.759279705608446,12.414057113980352,2.835803950420601,44.06788646787119,21.999999999999996,41.135639336201656,-76.05911509138949,-103.44424609846439,FLAT
2026-10-09T23:54:10.594346+00:00,2,PERP,DOT|HTX|OKX,DOT,HTX,OKX,-20.75863971360059,-0.9859017913735221,-8.975204216193864,11.951936390125104,-39.22945714744941,-2.2266300130879824,20.0,37.07969834943921,-93.33395128069475,-69.82827255254509,FLAT
2026-10-09T23:54:11.053589+00:00,2,PERP,AVAX|HTX|OKX,AVAX,HTX,OKX,14.770985572201134,2.1632488729641386,-2.47584883260685,7.972653826545595,-10.242681531466014,39.90570369579727,20.0,50.074128604322645,-83.84096130318181,-118.45568113272677,FLAT
2026-10-10T00:16:20.396620+00:00,0,PERP,OP|GATE|OKX,OP,GATE,OKX,-0.013950724854217,-0.0033736706296191854,0.00916411627437879,6.8515405521981725,-11.286596676830518,11.277054886182913,20.0,22.563668102023733,-59.85942889512863,-59.831558871932266,FLAT
2026-10-10T00:16:20.756634+00:00,0,SPOT,ARB|BITGET|HTX,ARB,BITGET,HTX,-7.745838078341283,-0.3010246755350679,3.0564039240197256,35.88490539242389,-32.36003537511634,16.88654251643662,60.0,49.2847463442317,-150.70118564336778,-129.1148849366486,FLAT
2026-10-10T00:16:21.315176+00:00,0,PERP,DOT|BITGET|HTX,DOT,BITGET,HTX,29.440460678784586,1.3842065294606616,10.710769659547587,13.530994559413605,8.78467934468663,50.11299447138961,21.999999999999996,41.20699305022511,-71.13308336508607,-108.60921786206714,FLAT
2026-10-10T00:16:21.789866+00:00,0,PERP,DOT|HTX|OKX,DOT,HTX,OKX,-21.09793482985789,-0.8810751806393241,-9.820597244809179,12.799517944502389,-42.62955715829686,0.5176590559874406,20.0,43.23827662610696,-102.04723653959465,-79.57653292690358,FLAT
2026-10-10T00:16:22.243231+00:00,0,PERP,AVAX|HTX|OKX,AVAX,HTX,OKX,8.005291794703773,1.2735205122650695,-2.2483839381202655,8.051441365939969,-11.364654453739353,27.44863046797885,20.0,38.782099940612355,-73.89837045623145,-94.47911434671147,FLAT
2026-10-10T00:16:32.587196+00:00,1,PERP,OP|GATE|OKX,OP,GATE,OKX,3.7260207792999545,0.5424848083009741,0.00916411627437879,6.8515405521981725,-7.5556878557625495,15.026134654623213,20.0,22.573396614770115,-56.138248586807045,-63.590367153118954,FLAT
2026-10-10T00:16:32.985752+00:00,1,SPOT,ARB|BITGET|HTX,ARB,BITGET,HTX,3.3838127310836796,0.009123858722310507,3.0564039240197256,35.88490539242389,-22.726574035802916,29.52240496934877,60.0,52.23128968874131,-144.01426764856396,-144.69729073407035,FLAT
2026-10-10T00:16:33.430326+00:00,1,PERP,DOT|BITGET|HTX,DOT,BITGET,HTX,21.89587076844468,0.8266281580252016,10.710769659547587,13.530994559413605,1.8393382543058223,41.96865655042403,21.999999999999996,40.04163706213566,-76.91306846737743,-99.29952395301211,FLAT
2026-10-10T00:16:33.986810+00:00,1,PERP,DOT|HTX|OKX,DOT,HTX,OKX,-20.1417838818152,-0.8063730744984148,-9.820597244809179,12.799517944502389,-38.04935094460671,-2.1769264198889804,20.0,35.94473213116536,-90.17348583096289,-69.58840295608556,FLAT
2026-10-10T00:16:34.654586+00:00,1,PERP,AVAX|HTX|OKX,AVAX,HTX,OKX,8.800209426154115,1.3722503663770405,-2.2483839381202655,8.051441365939969,-9.780765653434331,27.44863046797885,20.0,37.19654019978752,-70.72892191510158,-92.89355460588664,FLAT
2026-10-10T00:16:45.038314+00:00,2,PERP,OP|GATE|OKX,OP,GATE,OKX,0.6751746769628753,0.09720595764040557,0.00916411627437879,6.8515405521981725,-12.10569009841067,13.483085376662096,20.0,25.587019318270908,-63.70187353295596,-65.06094057865862,FLAT
2026-10-10T00:16:46.476929+00:00,2,PERP,DOT|BITGET|HTX,DOT,BITGET,HTX,17.352049110519463,0.4908197562130784,10.710769659547587,13.530994559413605,0.5200270414040808,34.19770034730263,21.999999999999996,33.61933136136358,-71.81007397950708,-85.10626204911861,FLAT
2026-10-10T00:16:46.899138+00:00,2,PERP,DOT|HTX|OKX,DOT,HTX,OKX,-16.22841988576651,-0.5006299978437547,-9.820597244809179,12.799517944502389,-30.899637316338378,-1.5197056677673793,20.0,29.427640202612285,-76.50668027414147,-63.72853177965408,FLAT
2026-10-10T00:16:47.395018+00:00,2,PERP,AVAX|HTX|OKX,AVAX,HTX,OKX,7.0981072095333,1.1608469493663645,-2.2483839381202655,8.051441365939969,-12.57526051918978,26.846017022355007,20.0,39.39317489130998,-75.7200514723795,-94.48757585178525,FLAT
2026-10-10T00:49:15.382911+00:00,0,PERP,OP|GATE|OKX,OP,GATE,OKX,3.912135758570301,0.5426453959348094,0.2800935989093663,6.693214734465874,-8.335840534744454,16.18306766069777,20.0,24.509298333214833,-59.12523246686865,-66.41227239500323,FLAT
2026-10-10T00:49:16.139054+00:00,0,PERP,DOT|BITGET|HTX,DOT,BITGET,HTX,29.91056698390171,1.3453606890388228,11.1066676806061,13.976846102683314,3.866494400086573,55.97581361046933,21.999999999999996,51.95391350554838,-87.1940867860679,-124.82305943541161,FLAT
2026-10-10T00:49:16.680035+00:00,0,PERP,DOT|HTX|OKX,DOT,HTX,OKX,-26.825233269307525,-1.2820035539008272,-10.07948863848253,13.062167089842877,-49.95410524682331,-3.5947714509609874,20.0,46.48380506769354,-112.35842167603431,-78.96852225521508,FLAT
2026-10-10T00:49:17.139827+00:00,0,PERP,AVAX|HTX|OKX,AVAX,HTX,OKX,10.895095949956524,1.6272025267949282,-2.2308006661808193,8.066541441519998,-7.115263223912427,28.96802108884211,20.0,36.0439056465775,-66.92836820430911,-93.24272740160043,FLAT
2026-10-10T00:49:27.507810+00:00,1,PERP,OP|GATE|OKX,OP,GATE,OKX,3.413237189380247,0.46810743637689506,0.2800935989093663,6.693214734465874,-8.772678146878876,15.622486606592378,20.0,24.386818634692542,-59.43959038048079,-65.72921164237556,FLAT
2026-10-10T00:49:28.354310+00:00,1,PERP,DOT|BITGET|HTX,DOT,BITGET,HTX,20.914916996035426,0.7017498256309992,11.1066676806061,13.976846102683314,-5.955203067891102,47.806864939785584,21.999999999999996,53.64985092746225,-98.71172167595945,-118.35004818664174,FLAT
2026-10-10T00:49:28.798096+00:00,1,PERP,DOT|HTX|OKX,DOT,HTX,OKX,-20.798995780686447,-0.8206530408372582,-10.07948863848253,13.062167089842877,-45.00974499826338,3.522235695707643,20.0,48.63288069094911,-109.56313705072995,-88.23460502513927,FLAT
2026-10-10T00:49:29.337595+00:00,1,PERP,AVAX|HTX|OKX,AVAX,HTX,OKX,11.187998853074976,1.6635133677224694,-2.2308006661808193,8.066541441519998,-7.030335398211518,29.469466180360726,20.0,36.458902162823016,-67.25843689485372,-94.15916900936456,FLAT
2026-10-10T00:49:39.699927+00:00,2,PERP,OP|GATE|OKX,OP,GATE,OKX,4.152934186167911,0.5786218940975905,0.2800935989093663,6.693214734465874,-7.908090235223542,16.237540990926558,20.0,24.13558484433428,-58.32376867846718,-66.09303223635146,FLAT
2026-10-10T00:49:40.458451+00:00,2,PERP,DOT|BITGET|HTX,DOT,BITGET,HTX,25.843778506093873,1.0543945835290052,11.1066676806061,13.976846102683314,3.8985192529517043,47.806864939785584,21.999999999999996,43.79515521972635,-79.00330364738073,-108.49535247890583,FLAT
2026-10-10T00:49:40.881792+00:00,2,PERP,DOT|HTX|OKX,DOT,HTX,OKX,-22.985850006358444,-0.9880719852306806,-10.07948863848253,13.062167089842877,-42.381906117644476,-3.52047486258944,20.0,38.950839422570475,-97.25325690173243,-71.50985319846357,FLAT
2026-10-10T00:49:41.336871+00:00,2,PERP,AVAX|HTX|OKX,AVAX,HTX,OKX,14.55327141631324,2.080702393234268,-2.2308006661808193,8.066541441519998,-6.006777372755678,35.192416138902786,20.0,41.13917070826331,-70.91514741483817,-104.56238751334692,FLAT
2026-10-10T01:09:39.709877+00:00,0,PERP,OP|GATE|OKX,OP,GATE,OKX,5.338969854975506,0.7069544192198552,0.4634299120229477,6.8965407251189665,-6.813116914026196,17.51601711922124,20.0,24.316126118573617,-57.59267294462276,-67.3687133257719,FLAT
2026-10-10T01:09:40.378041+00:00,0,PERP,DOT|BITGET|HTX,DOT,BITGET,HTX,13.735929204430342,0.24188108661629354,10.449631418814024,13.586418977972903,-6.70148598226783,34.18997369559307,21.999999999999996,40.83536175142647,-85.98647915250831,-92.57570402820551,FLAT
2026-10-10T01:09:40.810639+00:00,0,PERP,DOT|HTX|OKX,DOT,HTX,OKX,-7.283879780615177,0.15977138724824896,-9.342620399332779,12.885540109373775,-25.307172364030794,10.798449057805026,20.0,36.1318428917198,-78.09639485641782,-82.2729123488576,FLAT
2026-10-10T01:09:41.219897+00:00,0,PERP,AVAX|HTX|OKX,AVAX,HTX,OKX,8.435534584558813,1.5775146354755472,-1.4066291362363637,6.239031638415336,-9.14801661056952,26.077796468146897,20.0,35.19602549687061,-68.93741297120377,-88.68045110125388,FLAT
2026-10-10T01:09:51.459048+00:00,1,PERP,OP|GATE|OKX,OP,GATE,OKX,2.4139686748547717,0.2828285716819539,0.4634299120229477,6.8965407251189665,-9.582406877727268,14.432750357089574,20.0,24.009340550308966,-60.055177340059174,-63.97866099537559,FLAT
2026-10-10T01:09:52.244513+00:00,1,PERP,DOT|BITGET|HTX,DOT,BITGET,HTX,17.494704217928536,0.518537873043397,10.449631418814024,13.586418977972903,0.8130081300805614,34.18997369559307,21.999999999999996,33.31867001794016,-70.95529330667361,-85.0590122947192,FLAT
2026-10-10T01:09:52.710287+00:00,1,PERP,DOT|HTX|OKX,DOT,HTX,OKX,-10.458219396628499,-0.08657758912908596,-9.342620399332779,12.885540109373775,-24.22985111083853,3.348140292747104,20.0,27.606819489398696,-68.49405020090445,-66.29758018147858,FLAT
2026-10-10T01:09:53.218465+00:00,1,PERP,AVAX|HTX|OKX,AVAX,HTX,OKX,12.670794001288233,2.256347451557426,-1.4066291362363637,6.239031638415336,-4.900267851972728,30.300524841657683,20.0,35.15614927778046,-64.64978799351682,-92.86330325567451,FLAT
2026-10-10T01:10:03.464364+00:00,2,PERP,OP|GATE|OKX,OP,GATE,OKX,5.86236340252011,0.7828466046510629,0.4634299120229477,6.8965407251189665,-7.001139500922848,18.75315270365885,20.0,25.73917405573532,-59.20374346868111,-70.02889684737121,FLAT
2026-10-10T01:10:04.181356+00:00,2,PERP,DOT|BITGET|HTX,DOT,BITGET,HTX,13.905900847563935,0.25439149450296045,10.449631418814024,13.586418977972903,-7.019334127841281,34.84814820912785,21.999999999999996,41.80933577639382,-87.27830132304913,-94.20785256670766,FLAT
2026-10-10T01:10:04.609956+00:00,2,PERP,DOT|HTX|OKX,DOT,HTX,OKX,-6.650194662808362,0.2089493892899198,-9.342620399332779,12.885540109373775,-25.413122091140217,12.17603771837883,20.0,37.6140672828296,-79.68456897463705,-85.1327254005412,FLAT
2026-10-10T01:10:05.017738+00:00,2,PERP,AVAX|HTX|OKX,AVAX,HTX,OKX,15.893545577023716,2.7728942111366157,-1.4066291362363637,6.239031638415336,-5.057578335214696,36.92916571637062,20.0,41.919948346181414,-71.57089754515975,-106.2557431987884,FLAT
2026-10-10T01:52:40.331714+00:00,0,PERP,OP|GATE|OKX,OP,GATE,OKX,1.3893482321147843,0.1662252450216634,0.2779855738731086,6.685883712169211,-10.850722514154088,13.651478127938432,20.0,24.498777049146238,-61.62748513717344,-63.87226960321156,FLAT
2026-10-10T01:52:40.814836+00:00,0,PERP,APT|BITGET|HTX,APT,BITGET,HTX,-4.386157721608663,-0.6522996400303631,8.746649712196497,20.133090113607693,-13.18312559923318,4.415749555344295,21.999999999999996,17.606596299088384,-67.53637161051806,-41.27569614223618,FLAT
2026-10-10T01:52:41.549798+00:00,0,PERP,DOT|BITGET|HTX,DOT,BITGET,HTX,19.090837596602572,0.6359912193816609,10.45075791077605,13.58521851013414,3.1830128346843622,35.011358148435704,21.999999999999996,31.767693062706048,-67.03543813879773,-84.3282933003657,FLAT
2026-10-10T01:52:41.985412+00:00,0,PERP,DOT|HTX|OKX,DOT,HTX,OKX,-17.74004131935292,-0.6502132244474875,-9.49026920850713,12.68779501963522,-31.66414504833792,-3.782772655362976,20.0,27.93088244409859,-76.10475828392939,-59.63837899724274,FLAT
2026-10-10T01:52:42.436253+00:00,0,PERP,AVAX|HTX|OKX,AVAX,HTX,OKX,7.7741857070035,1.541610173739519,-1.7815634408482421,6.198550911656313,-9.313796858317902,24.91698886690097,20.0,34.20410702205611,-67.73634043952576,-86.90265932980532,FLAT
2026-10-10T01:52:52.782596+00:00,1,PERP,OP|GATE|OKX,OP,GATE,OKX,0.5556712214294102,0.04153312553894351,0.2779855738731086,6.685883712169211,-10.959507916346034,12.091215292067137,20.0,23.04942442615006,-60.286917916369205,-60.86265414434409,FLAT
2026-10-10T01:52:53.426398+00:00,1,PERP,APT|BITGET|HTX,APT,BITGET,HTX,-2.7005652185385642,-0.5685771466844048,8.746649712196497,20.133090113607693,-11.690195777126489,6.292296508461082,21.999999999999996,17.987349305987852,-66.42419479531083,-43.53299610225243,FLAT
2026-10-10T01:52:54.230982+00:00,1,PERP,DOT|BITGET|HTX,DOT,BITGET,HTX,17.55214071579747,0.5227286406710364,10.45075791077605,13.58521851013414,0.10684610407540873,35.011358148435704,21.999999999999996,34.84334895439665,-73.18726076109729,-87.4039491920563,FLAT
2026-10-10T01:52:54.690063+00:00,1,PERP,DOT|HTX|OKX,DOT,HTX,OKX,-15.60583416428285,-0.4820037639567373,-9.49026920850713,12.68779501963522,-30.00673851459301,-1.1661887556890793,20.0,28.885576069635686,-75.40204537572157,-63.20965652245374,FLAT
2026-10-10T01:52:55.138560+00:00,1,PERP,AVAX|HTX|OKX,AVAX,HTX,OKX,10.88715534026008,2.0438194283900972,-1.7815634408482421,6.198550911656313,-8.348640153079678,30.192087094924602,20.0,38.49868910709113,-71.06576581932258,-96.47233964286399,FLAT
2026-10-10T01:53:05.485436+00:00,2,PERP,OP|GATE|OKX,OP,GATE,OKX,-0.12073897392883559,-0.05963677577523697,0.2779855738731086,6.685883712169211,-11.038779435321722,10.81692306898141,20.0,21.85594877495124,-59.172713784146076,-58.394886270059544,FLAT
2026-10-10T01:53:05.904453+00:00,2,PERP,APT|BITGET|HTX,APT,BITGET,HTX,-9.9046187567986,-0.9263986980512718,8.746649712196497,20.133090113607693,-20.264651133087284,0.46199798837465167,21.999999999999996,20.747196336760418,-77.7584971820442,-40.462544612938565,FLAT
2026-10-10T01:53:06.217006+00:00,2,SPOT,ARB|BITGET|HTX,ARB,BITGET,HTX,23.023988733379408,1.4556646051020574,-0.5174003372789313,16.17226178897703,-34.276745442117786,80.36318406639431,60.0,114.37657610501456,-214.13592120985345,-261.25716050868783,FLAT
2026-10-10T01:53:06.700211+00:00,2,PERP,DOT|BITGET|HTX,DOT,BITGET,HTX,17.598292752287747,0.526125865121703,10.45075791077605,13.58521851013414,0.19911337320044353,35.011358148435704,21.999999999999996,34.75108326266585,-73.00272780024144,-87.3116835003255,FLAT
2026-10-10T01:53:07.236168+00:00,2,PERP,DOT|HTX|OKX,DOT,HTX,OKX,-21.375597737950393,-0.9367528803113477,-9.49026920850713,12.68779501963522,-36.133064015645424,-6.578567712072214,20.0,29.617753058256508,-82.26054786539481,-58.529454554691426,FLAT
2026-10-10T01:53:07.682177+00:00,2,PERP,AVAX|HTX|OKX,AVAX,HTX,OKX,8.691927113779752,1.6896675858437653,-1.7815634408482421,6.198550911656313,-10.734266945583437,28.189889487824082,20.0,38.89022101042461,-73.84292451515981,-94.86167393909693,FLAT
2026-10-10T02:51:53.848742+00:00,0,PERP,OP|GATE|OKX,OP,GATE,OKX,3.08266620583586,0.40336191275530986,0.3687525248809936,6.728234855929988,-7.597986745998542,13.781451532477451,20.0,21.372834368583742,-55.339573639463275,-60.7855333761802,FLAT
2026-10-10T02:51:54.254409+00:00,0,PERP,APT|BITGET|HTX,APT,BITGET,HTX,-27.600845831801113,-1.8204378924334168,8.854461319635432,20.02557038774115,-41.65514692527794,-13.538924346785386,21.999999999999996,28.194038443970932,-106.7036466888843,-33.800652777550106,FLAT
2026-10-10T02:51:54.549864+00:00,0,SPOT,ARB|BITGET|HTX,ARB,BITGET,HTX,5.139418967654574,0.32252452288591793,-0.044692356947715686,16.073541565817592,-27.876988848259955,38.168765591368725,60.0,66.0118256619392,-159.84412215325145,-170.22528361025564,FLAT
2026-10-10T02:51:54.962340+00:00,0,PERP,DOT|BITGET|HTX,DOT,BITGET,HTX,27.081869245548784,0.970526071420946,11.636168478647445,15.914771608646543,2.7847752814369464,51.39793049612873,21.999999999999996,48.48184990228366,-85.33324309949415,-116.24361191976494,FLAT
2026-10-10T02:51:55.375471+00:00,0,PERP,DOT|HTX|OKX,DOT,HTX,OKX,-23.112705446073356,-0.8602264768966126,-10.49299144587836,14.670222713583962,-44.440185676846156,-1.698291419862663,20.0,42.84073396671453,-102.78792819768233,-77.63543399273024,FLAT
2026-10-10T02:51:55.832134+00:00,0,PERP,AVAX|HTX|OKX,AVAX,HTX,OKX,8.925793597933662,1.6986920228600124,-1.3456848679027171,6.046698476009057,-9.224946901387199,27.13907867595733,20.0,36.331489265896955,-70.21075129938144,-90.816252809757,FLAT
2026-10-10T02:52:06.178932+00:00,1,PERP,OP|GATE|OKX,OP,GATE,OKX,0.34181976272362746,-0.004002946201205907,0.3687525248809936,6.728234855929988,-8.656046171016119,9.353421691922215,20.0,18.00884180855755,-53.03364050445466,-52.99351097559877,FLAT
2026-10-10T02:52:06.589961+00:00,1,PERP,APT|BITGET|HTX,APT,BITGET,HTX,-17.386586958143546,-1.3103770713988099,8.854461319635432,20.02557038774115,-29.40581673684939,-5.361453563001994,21.999999999999996,24.08623947404262,-90.34651753052744,-37.870324591405186,FLAT
2026-10-10T02:52:07.322979+00:00,1,PERP,DOT|BITGET|HTX,DOT,BITGET,HTX,29.768871109945305,1.1393630444213418,11.636168478647445,15.914771608646543,0.7120506980107244,58.84839216282245,21.999999999999996,57.9637809683684,-96.88789874900512,-133.17600465254338,FLAT
2026-10-10T02:52:07.728098+00:00,1,PERP,DOT|HTX|OKX,DOT,HTX,OKX,-27.532977645902122,-1.1615356176048715,-10.49299144587836,14.670222713583962,-54.97671295966677,0.04874592324455307,20.0,55.177031645361524,-125.66075315914993,-91.71876901448444,FLAT
2026-10-10T02:52:08.203902+00:00,1,PERP,AVAX|HTX|OKX,AVAX,HTX,OKX,3.9598454001144034,0.8774259687443317,-1.3456848679027171,6.046698476009057,-13.066562251776714,21.040026791887545,20.0,34.09300395945896,-71.81388134333295,-82.47871561924921,FLAT
2026-10-10T02:52:18.528266+00:00,2,PERP,OP|GATE|OKX,OP,GATE,OKX,1.306931593594296,0.13943910829545883,0.3687525248809936,6.728234855929988,-10.922792396022007,13.560218902388677,20.0,24.479789279235586,-61.77133420013859,-63.67125565674327,FLAT
2026-10-10T02:52:18.950866+00:00,2,PERP,APT|BITGET|HTX,APT,BITGET,HTX,-22.564345651995275,-1.568934435488741,8.854461319635432,20.02557038774115,-34.8050492440477,-10.31706982671965,21.999999999999996,24.543358135074026,-96.20286869875716,-33.371826988718944,FLAT
2026-10-10T02:52:19.254436+00:00,2,SPOT,ARB|BITGET|HTX,ARB,BITGET,HTX,4.418007877848851,0.27764262259955574,-0.044692356947715686,16.073541565817592,-24.250826661780245,33.10352466879607,60.0,57.32901847280472,-147.53515277763725,-156.4772354985485,FLAT
2026-10-10T02:52:19.668646+00:00,2,PERP,DOT|BITGET|HTX,DOT,BITGET,HTX,30.109886892155657,1.160790670943175,11.636168478647445,15.914771608646543,0.7420550604875231,59.500662342439895,21.999999999999996,58.58220795755266,-97.47632137571257,-134.4467018213451,FLAT
2026-10-10T02:52:20.129487+00:00,2,PERP,DOT|HTX|OKX,DOT,HTX,OKX,-22.895699522276214,-0.8454342049567869,-10.49299144587836,14.670222713583962,-50.124230466856986,4.471430036667723,20.0,54.72059528255191,-120.35183430353054,-95.685016765098,FLAT
2026-10-10T02:52:20.581119+00:00,2,PERP,AVAX|HTX|OKX,AVAX,HTX,OKX,2.308034390261504,0.6042502818125883,-1.3456848679027171,6.046698476009057,-14.681930815755306,19.351658241613112,20.0,34.025651219800196,-73.36189716765278,-80.72299432931602,FLAT
2026-10-10T03:08:10.292632+00:00,0,PERP,OP|GATE|OKX,OP,GATE,OKX,2.064240326127287,0.25613197286320466,0.35067568322934745,6.690162980211465,-10.977988572086206,15.13366974850383,20.0,26.106241030242803,-63.43490528555835,-66.88923509551728,FLAT
2026-10-10T03:08:10.724946+00:00,0,PERP,APT|BITGET|HTX,APT,BITGET,HTX,-0.8107807180679494,-0.4808565136540978,8.788855440548064,19.963618846851002,-15.074099489096326,13.460759263310695,21.999999999999996,28.537170122513,-80.40012505215739,-61.20907394527563,FLAT
2026-10-10T03:08:11.490436+00:00,0,PERP,DOT|BITGET|HTX,DOT,BITGET,HTX,25.70629699839566,0.8888831145705327,11.574210429964191,15.898700669164405,0.9230982796792908,50.50891828664028,21.999999999999996,49.45867246685843,-88.10978461714333,-116.39338032353453,FLAT
2026-10-10T03:08:11.950698+00:00,0,PERP,DOT|HTX|OKX,DOT,HTX,OKX,-22.912969417431263,-0.8702839710550264,-10.230235897450733,14.573097910335552,-46.1191280698725,0.38998575047743955,20.0,46.61572282695547,-108.50461499937725,-83.23594447488365,FLAT
2026-10-10T03:08:12.413591+00:00,0,PERP,AVAX|HTX|OKX,AVAX,HTX,OKX,3.725132629741612,0.8787179575524254,-1.4902716762912265,5.935242658019403,-19.139986241292206,26.690873210339916,20.0,45.81357237320914,-89.46328693821012,-99.99471725984029,FLAT
2026-10-10T03:08:22.796553+00:00,1,PERP,OP|GATE|OKX,OP,GATE,OKX,1.8693884764364732,0.22700684537869387,0.35067568322934745,6.690162980211465,-10.05252304187576,13.812326107043305,20.0,23.860370193765508,-60.26356891887061,-63.32202061757946,FLAT
2026-10-10T03:08:23.221024+00:00,1,PERP,APT|BITGET|HTX,APT,BITGET,HTX,-4.1792047914868125,-0.6495846435217039,8.788855440548064,19.963618846851002,-17.868843823309888,9.516763201724565,21.999999999999996,27.397055352877743,-82.05475461673569,-56.124963114054246,FLAT
2026-10-10T03:08:23.553029+00:00,1,SPOT,ARB|BITGET|HTX,ARB,BITGET,HTX,24.127353043696953,1.5093409213768576,-0.08940770689939824,16.04459297936826,-14.24531063613288,62.521444010361634,60.0,76.58197662698268,-156.73787955621617,-205.1928283442437,FLAT
2026-10-10T03:08:23.967439+00:00,1,PERP,DOT|BITGET|HTX,DOT,BITGET,HTX,21.96573848558092,0.6536086358158274,11.574210429964191,15.898700669164405,0.9230982796792908,43.02486978882358,21.999999999999996,42.00948810667812,-80.66060025696302,-101.46014746553752,FLAT
2026-10-10T03:08:24.409275+00:00,1,PERP,DOT|HTX|OKX,DOT,HTX,OKX,-17.701918601924493,-0.5127038019263347,-10.230235897450733,14.573097910335552,-36.83516485314398,1.4968285301408812,20.0,38.399856570331536,-91.00478552602479,-76.12692099792315,FLAT
2026-10-10T03:08:24.890653+00:00,1,PERP,AVAX|HTX|OKX,AVAX,HTX,OKX,5.065338234280237,1.1045226435205393,-1.4902716762912265,5.935242658019403,-18.290152466112765,28.523856868951647,20.0,46.79008183287877,-89.58996262270031,-102.80421037812164,FLAT
2026-10-10T03:08:35.235488+00:00,2,PERP,OP|GATE|OKX,OP,GATE,OKX,2.4517406248913964,0.31405287851382624,0.35067568322934745,6.690162980211465,-8.166989305977701,13.089372565584512,20.0,21.25113483607721,-55.76879982528426,-59.98983171843238,FLAT
2026-10-10T03:08:35.685045+00:00,2,PERP,APT|BITGET|HTX,APT,BITGET,HTX,-10.776924693343126,-0.980071813832362,8.788855440548064,19.963618846851002,-25.038198256762676,3.492603733588062,21.999999999999996,28.561580201853946,-90.38863389916469,-51.26532849489394,FLAT
2026-10-10T03:08:36.015922+00:00,2,SPOT,ARB|BITGET|HTX,ARB,BITGET,HTX,23.05447018389195,1.4424721101091225,-0.08940770689939824,16.04459297936826,-17.480725445603305,63.611995808781074,60.0,80.90619017061525,-164.29750790931917,-210.60759368629573,FLAT
2026-10-10T03:08:36.455904+00:00,2,PERP,DOT|BITGET|HTX,DOT,BITGET,HTX,21.96573848558092,0.6536086358158274,11.574210429964191,15.898700669164405,0.9230982796792908,43.02486978882358,21.999999999999996,42.00948810667812,-80.66060025696302,-101.46014746553752,FLAT
2026-10-10T03:08:36.886423+00:00,2,PERP,DOT|HTX|OKX,DOT,HTX,OKX,-16.965628960152745,-0.46217990877047005,-10.230235897450733,14.573097910335552,-36.040830369302725,2.174874618749989,20.0,38.280538742788536,-90.09113321464054,-76.68564925898926,FLAT
2026-10-10T03:08:37.355230+00:00,2,PERP,AVAX|HTX|OKX,AVAX,HTX,OKX,7.475519008546261,1.5106022114737565,-1.4902716762912265,5.935242658019403,-12.973034049964527,28.0036921836313,20.0,40.94596229522157,-78.42872466889486,-96.4399261551441,FLAT
2026-10-10T03:29:58.464505+00:00,0,PERP,OP|GATE|OKX,OP,GATE,OKX,4.346603052225451,0.551767747593662,0.52874475303635,6.919321246737103,-3.5988376921036735,12.30213106382827,20.0,15.89405384246951,-46.02163628760953,-53.66744015326143,FLAT
2026-10-10T03:29:58.869888+00:00,0,PERP,APT|BITGET|HTX,APT,BITGET,HTX,-18.766144784363448,-1.342559967695461,8.205343651926794,20.089596804072375,-34.09249145271964,-3.4315233672044254,21.999999999999996,30.71861284595992,-101.01644795060636,-47.081745826828694,FLAT
2026-10-10T03:29:59.101973+00:00,0,SPOT,ARB|BITGET|HTX,ARB,BITGET,HTX,-34.14703936476471,-2.121810813539867,-0.12677496121411988,16.033599313594685,-99.96424719983632,31.703680491619313,60.0,132.1190666590049,-297.95653889762707,-229.94952211183832,FLAT
2026-10-10T03:29:59.510439+00:00,0,PERP,DOT|BITGET|HTX,DOT,BITGET,HTX,15.407535358793467,0.2140888988300482,11.936907199716506,16.211154235662054,-9.391178608282313,40.2424452623773,21.999999999999996,49.55724197851691,-98.88532778651573,-105.8627800411777,FLAT
2026-10-10T03:29:59.967637+00:00,0,PERP,DOT|HTX|OKX,DOT,HTX,OKX,-20.42402507111518,-0.6530152496242713,-10.602190140373388,15.040743591199492,-38.88059202708294,-1.9027987575948035,20.0,37.05335807759071,-91.33175996430026,-71.75274946036929,FLAT
2026-10-10T03:30:00.409689+00:00,0,PERP,AVAX|HTX|OKX,AVAX,HTX,OKX,8.511852515902252,1.6870179644296366,-1.5142955987639755,5.943118761071383,-15.657850546196839,32.793921833278446,20.0,48.4103056486407,-88.55386059607356,-108.71852308068313,FLAT
2026-10-10T03:30:10.663822+00:00,1,PERP,OP|GATE|OKX,OP,GATE,OKX,3.809323307264467,0.4741185496735127,0.52874475303635,6.919321246737103,-4.619187079979437,12.24824287435533,20.0,16.86100063038341,-48.0089324633992,-54.58049875170239,FLAT
2026-10-10T03:30:11.075457+00:00,1,PERP,APT|BITGET|HTX,APT,BITGET,HTX,-11.107330269526372,-0.9613271042621564,8.205343651926794,20.089596804072375,-26.4398067037086,4.233406897353742,21.999999999999996,30.707319009721676,-93.35246936535707,-54.73538225514862,FLAT
2026-10-10T03:30:11.307035+00:00,1,SPOT,ARB|BITGET|HTX,ARB,BITGET,HTX,4.59338205882176,0.29439160401331216,-0.12677496121411988,16.033599313594685,-16.450080903597232,25.643971608311222,60.0,42.07472477677491,-124.39803071915802,-133.84547134630026,FLAT
2026-10-10T03:30:11.718590+00:00,1,PERP,DOT|BITGET|HTX,DOT,BITGET,HTX,20.190806400328665,0.509149384468556,11.936907199716506,16.211154235662054,-1.0490290308018402,41.447418952651475,21.999999999999996,42.4108105135978,-83.39674674411614,-99.92132226653277,FLAT
2026-10-10T03:30:12.162415+00:00,1,PERP,DOT|HTX|OKX,DOT,HTX,OKX,-18.32403835211438,-0.5133953760277604,-10.602190140373388,15.040743591199492,-37.554989938731744,0.9734036767339305,20.0,38.59900783946987,-91.55180763782822,-76.17460165657718,FLAT
2026-10-10T03:30:12.611524+00:00,1,PERP,AVAX|HTX|OKX,AVAX,HTX,OKX,2.44974050557234,0.6669959433255053,-1.5142955987639755,5.943118761071383,-21.656193897954257,26.66613916814109,20.0,48.3102457895635,-94.45214408875378,-102.49068055646858,FLAT
2026-10-10T03:30:22.863828+00:00,2,PERP,OP|GATE|OKX,OP,GATE,OKX,1.6011643584423751,0.1549891336396238,0.52874475303635,6.919321246737103,-5.972379497944935,9.182526294746474,20.0,15.152475599129927,-47.65359985011121,-49.80625714084005,FLAT
2026-10-10T03:30:23.277834+00:00,2,PERP,APT|BITGET|HTX,APT,BITGET,HTX,-15.389917753916293,-1.1745014912922533,8.205343651926794,20.089596804072375,-30.707615187868242,-0.06399278525637264,21.999999999999996,30.690853164192557,-97.6038120039876,-50.42151672700939,FLAT
2026-10-10T03:30:23.514592+00:00,2,SPOT,ARB|BITGET|HTX,ARB,BITGET,HTX,3.181561157139523,0.206337707064224,-0.12677496121411988,16.033599313594685,-20.679943342762908,27.053464455861764,60.0,47.71822368853264,-134.27139207008145,-140.89846310560853,FLAT
2026-10-10T03:30:23.937948+00:00,2,PERP,DOT|BITGET|HTX,DOT,BITGET,HTX,21.863286592411768,0.6123178675864269,11.936907199716506,16.211154235662054,2.2946113216404385,41.447418952651475,21.999999999999996,39.06738738005474,-76.70968325813081,-96.5778991329897,FLAT
2026-10-10T03:30:24.363812+00:00,2,PERP,DOT|HTX|OKX,DOT,HTX,OKX,-13.55124627675508,-0.19607116619601295,-10.602190140373388,15.040743591199492,-31.14196128140012,4.0943874167176375,20.0,35.28407742519896,-81.82384856622569,-75.98065498228999,FLAT
2026-10-10T03:30:24.809785+00:00,2,PERP,AVAX|HTX|OKX,AVAX,HTX,OKX,3.2957583516179945,0.809348448812564,-1.5142955987639755,5.943118761071383,-20.715268658225703,27.41681471203794,20.0,48.115973982211436,-93.31694704167317,-103.04708429301336,FLAT
2026-10-10T04:07:39.387634+00:00,0,PERP,OP|GATE|OKX,OP,GATE,OKX,-0.3430641383328492,-0.10417523317553722,0.3698528574378067,6.843440365229396,-14.066616675471044,13.410543039258371,20.0,27.478069514854358,-67.9145390477632,-66.51875969667492,FLAT
2026-10-10T04:07:39.872993+00:00,0,PERP,APT|BITGET|HTX,APT,BITGET,HTX,-29.25622960533336,-1.8743860484816053,8.31167029901356,20.042776105157078,-72.5812277384208,14.086896687934836,21.999999999999996,86.92242287066779,-195.81532090810214,-120.69764925958907,FLAT
2026-10-10T04:07:40.689158+00:00,0,PERP,DOT|BITGET|HTX,DOT,BITGET,HTX,21.212600664193282,0.5779198294538321,11.597854656271151,16.636816246655915,0.9277951432817844,41.51337847291714,21.999999999999996,40.499666718095824,-79.16972623108519,-98.41519053474181,FLAT
2026-10-10T04:07:41.137961+00:00,0,PERP,DOT|HTX|OKX,DOT,HTX,OKX,-24.306759606878003,-0.9178131048493198,-10.251777749332478,15.31355543223909,-42.195544266155906,-6.359510699023296,20.0,35.923255981108795,-93.86702249793223,-65.81552303141798,FLAT
2026-10-10T04:07:41.583198+00:00,0,PERP,AVAX|HTX|OKX,AVAX,HTX,OKX,1.1547533595379633,0.4393377828745165,-1.4096023195963068,5.836865799149126,-13.820647701763278,16.170891793196862,20.0,29.988021284739048,-68.39906666690602,-73.56851539753222,FLAT
2026-10-10T04:07:51.888565+00:00,1,PERP,OP|GATE|OKX,OP,GATE,OKX,2.5963228889747114,0.3253436740457768,0.3698528574378067,6.843440365229396,-9.719449328235985,14.93666955206141,20.0,24.64969453064222,-60.73899671631601,-65.21651122526583,FLAT
2026-10-10T04:07:52.323105+00:00,1,PERP,APT|BITGET|HTX,APT,BITGET,HTX,-20.175685346661698,-1.4213278388289414,8.31167029901356,20.042776105157078,-39.41184078958826,-0.9278069999996141,21.999999999999996,38.561831356172,-114.28534244477382,-57.32235405715882,FLAT
2026-10-10T04:07:53.110030+00:00,1,PERP,DOT|BITGET|HTX,DOT,BITGET,HTX,17.874688943977368,0.37728578561224974,11.597854656271151,16.636816246655915,-6.776824254780545,42.54562807905815,21.999999999999996,49.23443965340577,-95.60911856445748,-108.18221307619277,FLAT
2026-10-10T04:07:53.595535+00:00,1,PERP,DOT|HTX|OKX,DOT,HTX,OKX,-16.31423950647526,-0.39588858276371897,-10.251777749332478,15.31355543223909,-39.57606063758945,7.043985639496597,20.0,46.696027944878296,-102.02031083313527,-89.99179133370737,FLAT
2026-10-10T04:07:54.032505+00:00,1,PERP,AVAX|HTX|OKX,AVAX,HTX,OKX,7.99009385564764,1.6104012836159767,-1.4096023195963068,5.836865799149126,-7.474660665549582,23.49981445794347,20.0,30.949680760193,-63.01473910614628,-81.85909753773278,FLAT
2026-10-10T04:08:04.337261+00:00,2,PERP,OP|GATE|OKX,OP,GATE,OKX,2.463353586832362,0.3059134905348707,0.3698528574378067,6.843440365229396,-10.598483109717227,15.553103693035641,20.0,26.14511654216454,-63.11345250931958,-67.32836737776238,FLAT
2026-10-10T04:08:04.784117+00:00,2,PERP,APT|BITGET|HTX,APT,BITGET,HTX,-23.149169060826537,-1.5696847180638371,8.31167029901356,20.042776105157078,-41.490247294709846,-4.8001920076812254,21.999999999999996,36.77518508420699,-114.57710267793038,-51.66332277751219,FLAT
2026-10-10T04:08:05.567285+00:00,2,PERP,DOT|BITGET|HTX,DOT,BITGET,HTX,18.390891021584643,0.4083134816542154,11.597854656271151,16.636816246655915,-6.600934978668871,43.4024111321607,21.999999999999996,49.911546572814935,-96.11033620775495,-109.71610304870447,FLAT
2026-10-10T04:08:06.038607+00:00,2,PERP,DOT|HTX|OKX,DOT,HTX,OKX,-16.707707931431504,-0.42158270890557414,-10.251777749332478,15.31355543223909,-40.06619563573843,6.749172637963152,20.0,46.893509785841964,-102.7079276722479,-89.89446017313759,FLAT
2026-10-10T04:08:06.527776+00:00,2,PERP,AVAX|HTX|OKX,AVAX,HTX,OKX,8.282322824364474,1.6604673599611677,-1.4096023195963068,5.836865799149126,-7.205854503034015,23.81553433816519,20.0,30.995651864949117,-62.791904048386826,-82.22078852271062,FLAT
2026-10-10T04:29:32.890518+00:00,0,PERP,OP|GATE|OKX,OP,GATE,OKX,7.9741704953884,1.1243028404136182,0.33309235509533053,6.796281095831799,-0.053181905196320045,16.012209089757423,20.0,16.05258328323528,-42.43885754352693,-57.731700017897374,FLAT
2026-10-10T04:29:33.362561+00:00,0,PERP,APT|BITGET|HTX,APT,BITGET,HTX,-15.016213196914485,-1.1597144108594228,8.275429255041308,20.08394673193307,-41.21297310376582,11.193685649848462,21.999999999999996,52.48546875839503,-129.97387111720215,-83.40372515320219,FLAT
2026-10-10T04:29:34.165491+00:00,0,PERP,DOT|BITGET|HTX,DOT,BITGET,HTX,26.530673002587157,0.9233661849197041,11.382353020512156,16.405539026093205,3.4598342594649445,49.61986563492226,21.999999999999996,46.03788247711476,-81.96040123816198,-112.27539509152487,FLAT
2026-10-10T04:29:34.641874+00:00,0,PERP,DOT|HTX|OKX,DOT,HTX,OKX,-21.56359522685003,-0.768950376809984,-10.015625832164217,15.01783436610428,-42.55302191096266,-0.4940765422534188,20.0,42.149682720842634,-100.68707879964109,-77.67123201075343,FLAT
2026-10-10T04:29:35.078129+00:00,0,PERP,AVAX|HTX|OKX,AVAX,HTX,OKX,4.55543323306884,1.0166541427524616,-1.3577654435232658,5.816332642468631,-10.180127202036315,19.332016677147124,20.0,29.49864894305874,-64.3210107015718,-76.18843106372913,FLAT
2026-10-10T04:29:45.391150+00:00,1,PERP,OP|GATE|OKX,OP,GATE,OKX,5.558387134609877,0.7688461830572682,0.33309235509533053,6.796281095831799,-3.9340570930845864,15.064719161126394,20.0,18.98821171928012,-49.25536116746003,-59.71983852531118,FLAT
2026-10-10T04:29:45.829803+00:00,1,PERP,APT|BITGET|HTX,APT,BITGET,HTX,-16.056880504925488,-1.211530287584308,8.275429255041308,20.08394673193307,-42.711416250730274,10.613491192559277,21.999999999999996,53.41066360479065,-132.39750911056223,-83.7487255423086,FLAT
2026-10-10T04:29:46.631494+00:00,1,PERP,DOT|BITGET|HTX,DOT,BITGET,HTX,26.530673002587157,0.9233661849197041,11.382353020512156,16.405539026093205,3.4598342594649445,49.61986563492226,21.999999999999996,46.03788247711476,-81.96040123816198,-112.27539509152487,FLAT
2026-10-10T04:29:47.096853+00:00,1,PERP,DOT|HTX|OKX,DOT,HTX,OKX,-18.64506345912065,-0.5746126516372655,-10.015625832164217,15.01783436610428,-38.73420735030386,1.520737110043413,20.0,40.32999401435297,-95.0485755324926,-77.8663569565606,FLAT
2026-10-10T04:29:47.532520+00:00,1,PERP,AVAX|HTX|OKX,AVAX,HTX,OKX,4.5868746979293995,1.0220598626095045,-1.3577654435232658,5.816332642468631,-10.83549971096831,20.05337503918403,20.0,30.87464989953571,-66.35238416698076,-78.28579038224301,FLAT
2026-10-10T04:29:57.840455+00:00,2,PERP,OP|GATE|OKX,OP,GATE,OKX,6.080109840669312,0.8456120935166532,0.33309235509533053,6.796281095831799,-4.743071194087678,16.922579682459027,20.0,21.65246876498876,-52.72863231417177,-64.24195609235245,FLAT
2026-10-10T04:29:58.275589+00:00,2,PERP,APT|BITGET|HTX,APT,BITGET,HTX,-17.748573462850192,-1.2957613891951754,8.275429255041308,20.08394673193307,-44.38626742524043,8.904880429683182,21.999999999999996,53.38589554309104,-134.0475922233728,-82.01534671773291,FLAT
2026-10-10T04:29:59.141792+00:00,2,PERP,DOT|BITGET|HTX,DOT,BITGET,HTX,18.56362439471848,0.43773455799193356,11.382353020512156,16.405539026093205,-4.485725577118016,41.63129658433684,21.999999999999996,46.031563616340414,-89.89964221397058,-104.28050718016509,FLAT
2026-10-10T04:29:59.596181+00:00,2,PERP,DOT|HTX|OKX,DOT,HTX,OKX,-14.838710818928513,-0.32115715683015855,-10.015625832164217,15.01783436610428,-34.3341460460711,4.731115597222946,20.0,39.12317372778183,-89.44169394168871,-79.86991515716899,FLAT
2026-10-10T04:30:00.030608+00:00,2,PERP,AVAX|HTX|OKX,AVAX,HTX,OKX,2.327461718585333,0.633599793657,-1.3577654435232658,5.816332642468631,-12.933585511278878,17.630994884441087,20.0,30.557409218626223,-68.13322928638183,-75.54616954659058,FLAT
2026-10-10T06:03:11.569100+00:00,0,PERP,OP|GATE|OKX,OP,GATE,OKX,1.6912336328589461,0.18049458945323907,0.5003269482456132,6.598018745165004,-8.093929119319387,11.493782381657436,20.0,19.584383892344327,-54.178639959909326,-56.57783932575615,FLAT
2026-10-10T06:03:11.985399+00:00,0,PERP,APT|BITGET|HTX,APT,BITGET,HTX,-0.04036000176732557,-0.4370994709318011,8.59567564737591,19.757598037657385,-13.4479102515761,13.375470119578736,21.999999999999996,26.823486074908715,-76.86707197386073,-59.60328054711154,FLAT
2026-10-10T06:03:12.228651+00:00,0,SPOT,ARB|BITGET|HTX,ARB,BITGET,HTX,2.967235699959936,0.22155903204191227,-0.5927847828842486,16.068044936081577,-19.933554297474345,25.87825057083215,60.0,45.798213176874306,-131.1389826914644,-138.2692485305907,FLAT
2026-10-10T06:03:12.637286+00:00,0,PERP,DOT|BITGET|HTX,DOT,BITGET,HTX,23.395955693650272,0.7433178917568674,11.307343128357934,16.263045326031808,1.0770519998559713,45.73257280307219,21.999999999999996,44.55128179537349,-82.78157292387544,-106.97651147008773,FLAT
2026-10-10T06:03:13.071832+00:00,0,PERP,DOT|HTX|OKX,DOT,HTX,OKX,-21.116292501981437,-0.752160837605751,-9.803782652783465,15.040014427243396,-41.53667881638401,-0.6209938194523534,20.0,41.002129135371305,-98.73502529897185,-76.18491796870242,FLAT
2026-10-10T06:03:13.518743+00:00,0,PERP,AVAX|HTX|OKX,AVAX,HTX,OKX,-14.957291574185794,-2.374469304775357,-1.2204068960667651,5.785244159818122,-39.47929456918908,9.681642008048108,20.0,49.23429963224888,-113.4931873053712,-86.13634853636376,FLAT
2026-10-10T06:03:23.766228+00:00,1,PERP,OP|GATE|OKX,OP,GATE,OKX,3.2892789382299448,0.42269537230824966,0.5003269482456132,6.598018745165004,-6.817143831326922,13.412219578454732,20.0,20.22269811295585,-53.540168892528385,-59.13459074316497,FLAT
2026-10-10T06:03:24.174281+00:00,1,PERP,APT|BITGET|HTX,APT,BITGET,HTX,1.7348004133177497,-0.34725249602616365,8.59567564737591,19.757598037657385,-11.106506081127732,14.582573824282186,21.999999999999996,25.684622508067818,-73.38680423657146,-59.6715206849741,FLAT
2026-10-10T06:03:24.417910+00:00,1,SPOT,ARB|BITGET|HTX,ARB,BITGET,HTX,7.7094755339124355,0.5166938697161316,-0.5927847828842486,16.068044936081577,-16.996103513040595,32.42702245314977,60.0,49.385049784850096,-131.78836851500645,-148.40485702088412,FLAT
2026-10-10T06:03:24.834512+00:00,1,PERP,DOT|BITGET|HTX,DOT,BITGET,HTX,23.395955693650272,0.7433178917568674,11.307343128357934,16.263045326031808,1.0770519998559713,45.73257280307219,21.999999999999996,44.55128179537349,-82.78157292387544,-106.97651147008773,FLAT
2026-10-10T06:03:25.317275+00:00,1,PERP,DOT|HTX|OKX,DOT,HTX,OKX,-16.11528995954292,-0.41964768965426175,-9.803782652783465,15.040014427243396,-35.7817414358863,3.623308068294584,20.0,39.46852207909967,-91.4464808622025,-78.89561280017772,FLAT
2026-10-10T06:03:25.767268+00:00,1,PERP,AVAX|HTX|OKX,AVAX,HTX,OKX,-17.704751578652143,-2.8493775244748902,-1.2204068960667651,5.785244159818122,-42.667894898595904,7.3787373342071305,20.0,50.13510580082571,-117.58259380335485,-84.7342500310996,FLAT
2026-10-10T06:03:36.018648+00:00,2,PERP,OP|GATE|OKX,OP,GATE,OKX,0.8700119492721647,0.0560296985056999,0.5003269482456132,6.598018745165004,-7.716332602583087,9.46851489856737,20.0,17.183343927548,-51.4000034783767,-52.15153187786976,FLAT
2026-10-10T06:03:36.489078+00:00,2,PERP,APT|BITGET|HTX,APT,BITGET,HTX,4.31985414997671,-0.2164140341983683,8.59567564737591,19.757598037657385,-18.042459470267723,26.692437915927236,21.999999999999996,44.715578550639435,-99.35371366828306,-90.81234081919077,FLAT
2026-10-10T06:03:36.732343+00:00,2,SPOT,ARB|BITGET|HTX,ARB,BITGET,HTX,4.190997571513755,0.2977202499387955,-0.5927847828842486,16.068044936081577,-18.684648896080127,27.07842935659066,60.0,45.74390395857009,-129.83576807176595,-139.41511809804499,FLAT
2026-10-10T06:03:37.155126+00:00,2,PERP,DOT|BITGET|HTX,DOT,BITGET,HTX,23.395955693650272,0.7433178917568674,11.307343128357934,16.263045326031808,1.0770519998559713,45.73257280307219,21.999999999999996,44.55128179537349,-82.78157292387544,-106.97651147008773,FLAT
2026-10-10T06:03:37.620777+00:00,2,PERP,DOT|HTX|OKX,DOT,HTX,OKX,-17.406902239587296,-0.5055260833414883,-9.803782652783465,15.040014427243396,-37.2673348023489,2.5263884960025074,20.0,39.86297900044983,-93.32653115001526,-78.1931501492358,FLAT
2026-10-10T06:03:38.076312+00:00,2,PERP,AVAX|HTX|OKX,AVAX,HTX,OKX,-1.2724027868049603,-0.008987674383621845,-1.2204068960667651,5.785244159818122,-13.852509423127879,11.336906363006438,20.0,25.192587443016865,-63.824689970077976,-63.749900702090066,FLAT
2026-10-10T06:29:38.804561+00:00,0,PERP,OP|GATE|OKX,OP,GATE,OKX,7.767026563800794,1.0880953364673611,0.5495214739312557,6.633155062774261,-2.4458733577759073,17.99736568642185,20.0,20.42735818424029,-49.42275301594745,-63.875202396730884,FLAT
2026-10-10T06:29:39.329361+00:00,0,PERP,APT|BITGET|HTX,APT,BITGET,HTX,-9.449819283735561,-0.9133203569367285,8.595247428388696,19.757653024013734,-21.085834736954688,2.1922031954324517,21.999999999999996,23.30005451268533,-80.9811366780287,-44.89701027972907,FLAT
2026-10-10T06:29:40.197985+00:00,0,PERP,DOT|BITGET|HTX,DOT,BITGET,HTX,22.36415849937501,0.6747768032518671,11.36377329448831,16.302257504813333,1.8593759956164746,42.88527947524878,21.999999999999996,40.93435074206524,-78.43874804093707,-100.4558569228257,FLAT
2026-10-10T06:29:40.650949+00:00,0,PERP,DOT|HTX|OKX,DOT,HTX,OKX,-18.225338290565052,-0.5632018434282452,-9.771947304275724,15.009522935566055,-36.35486861313875,-0.03593730558248964,20.0,36.38514577162043,-88.96806708048345,-72.12115577031366,FLAT
2026-10-10T06:29:41.158543+00:00,0,PERP,AVAX|HTX|OKX,AVAX,HTX,OKX,0.9312844100706208,0.3868293477603734,-1.309833257208897,5.793556461666936,-16.30448562364495,18.2227308029681,20.0,34.52391148845852,-75.51856385489458,-80.05647554863552,FLAT
2026-10-10T06:29:51.549947+00:00,1,PERP,OP|GATE|OKX,OP,GATE,OKX,4.8050270950494856,0.6415507523712858,0.5495214739312557,6.633155062774261,-6.470477105793293,16.100720966836235,20.0,22.56033970884929,-55.58033828857384,-64.11153920175427,FLAT
2026-10-10T06:29:52.018205+00:00,1,PERP,APT|BITGET|HTX,APT,BITGET,HTX,-7.119398294418433,-0.7953700626135768,8.595247428388696,19.757653024013734,-19.045246936343354,4.813293683509912,21.999999999999996,23.87553660243917,-79.51603096717122,-48.093582857560385,FLAT
2026-10-10T06:29:52.783701+00:00,1,PERP,DOT|BITGET|HTX,DOT,BITGET,HTX,16.301782108405494,0.3029033747294943,11.36377329448831,16.302257504813333,-6.09755270445822,38.72752496954624,21.999999999999996,44.752108204399235,-90.21343420334577,-100.11585987945716,FLAT
2026-10-10T06:29:53.236030+00:00,1,PERP,DOT|HTX|OKX,DOT,HTX,OKX,-14.869859019620568,-0.3396451530957727,-9.771947304275724,15.009522935566055,-32.68784591254237,3.006969699819173,20.0,35.747875199833494,-84.66377380810015,-74.5267922039284,FLAT
2026-10-10T06:29:53.682657+00:00,1,PERP,AVAX|HTX|OKX,AVAX,HTX,OKX,-0.15075503596140294,0.20006333396706058,-1.309833257208897,5.793556461666936,-16.932465570604904,16.685112933294555,20.0,33.61799806530233,-75.24063037869834,-77.61294425580579,FLAT
2026-10-10T06:30:04.035872+00:00,2,PERP,OP|GATE|OKX,OP,GATE,OKX,4.882808250910031,0.6532768699012466,0.5495214739312557,6.633155062774261,-5.456208678263907,15.238551759071406,20.0,20.684647001541,-52.69037715373616,-61.37367728668114,FLAT
2026-10-10T06:30:04.444807+00:00,2,PERP,APT|BITGET|HTX,APT,BITGET,HTX,-2.5495530447361414,-0.5640751186175447,8.595247428388696,19.757653024013734,-14.330395505740556,9.237694226147397,21.999999999999996,23.574098332750292,-74.49974126687954,-52.21654513050899,FLAT
2026-10-10T06:30:05.225947+00:00,2,PERP,DOT|BITGET|HTX,DOT,BITGET,HTX,22.36415849937501,0.6747768032518671,11.36377329448831,16.302257504813333,1.8593759956164746,42.88527947524878,21.999999999999996,40.93435074206524,-78.43874804093707,-100.4558569228257,FLAT
2026-10-10T06:30:05.684204+00:00,2,PERP,DOT|HTX|OKX,DOT,HTX,OKX,-17.108662561967634,-0.4888040272290786,-9.771947304275724,15.009522935566055,-34.73117674400727,0.5720479207305118,20.0,35.36363117316426,-86.32286061289581,-71.70762639817049,FLAT
2026-10-10T06:30:06.157869+00:00,2,PERP,AVAX|HTX|OKX,AVAX,HTX,OKX,-3.0122167141655165,-0.29384083303933234,-1.309833257208897,5.793556461666936,-20.657086066389052,14.690448923033728,20.0,35.358091110787306,-80.70534391996746,-77.35837329102993,FLAT
2026-10-10T07:15:13.328409+00:00,0,PERP,OP|GATE|OKX,OP,GATE,OKX,1.4387064355325663,0.09574715901346177,0.7836793073578677,6.8412173783934795,-9.839872482296785,12.73624221775238,20.0,22.572851211590848,-59.1964030012455,-60.52541412198536,FLAT
2026-10-10T07:15:13.727945+00:00,0,PERP,APT|BITGET|HTX,APT,BITGET,HTX,-8.25469321013017,-0.844303885550391,8.452553006030687,19.788190605411717,-24.23143184914767,7.728400218962594,21.999999999999996,31.986234459786118,-92.67021931496447,-59.262081672718026,FLAT
2026-10-10T07:15:14.413683+00:00,0,PERP,DOT|BITGET|HTX,DOT,BITGET,HTX,18.53018892567393,0.4376566222070009,11.364482800969746,16.372895464414974,-6.8662293320598256,43.94694058473591,21.999999999999996,50.71917818478826,-96.94989031781783,-111.30163596855442,FLAT
2026-10-10T07:15:14.930547+00:00,0,PERP,DOT|HTX|OKX,DOT,HTX,OKX,-9.589799365081753,-0.006583044372270209,-9.490261542211876,15.120332970739277,-31.560343345204966,12.474794812264989,20.0,44.07720644180145,-92.14728824479454,-92.04226279627832,FLAT
2026-10-10T07:15:15.373081+00:00,0,PERP,AVAX|HTX|OKX,AVAX,HTX,OKX,9.924708776598568,1.943749636558459,-1.3262026270713996,5.788251322114957,-8.617348288589843,28.533741387195555,20.0,37.11413423568488,-70.40527989720333,-92.97407824995183,FLAT
2026-10-10T07:15:15.764521+00:00,0,PERP,OP|GATE|HTX,OP,GATE,HTX,16.094922876295215,-0.7382799409222897,26.10765406741191,13.562241957445547,-6.990380433686827,39.21911290215352,20.0,46.13520635265509,-105.23324085375383,-85.2466651873967,FLAT
2026-10-10T07:15:26.113048+00:00,1,PERP,OP|GATE|OKX,OP,GATE,OKX,4.706161943934806,0.5733603275003744,0.7836793073578677,6.8412173783934795,-4.811667279758236,14.239050798547925,20.0,19.04174482015496,-50.637091407271065,-58.49711631134502,FLAT
2026-10-10T07:15:26.498836+00:00,1,PERP,APT|BITGET|HTX,APT,BITGET,HTX,-10.521635262693563,-0.958864236103282,8.452553006030687,19.788190605411717,-26.597378472391632,5.5608331659784405,21.999999999999996,32.19208156598933,-95.24201304441165,-57.30036172593708,FLAT
2026-10-10T07:15:27.204855+00:00,1,PERP,DOT|BITGET|HTX,DOT,BITGET,HTX,15.690266203429726,0.26420393459798747,11.364482800969746,16.372895464414974,-12.527806917959072,43.94694058473591,21.999999999999996,56.38624959157741,-108.27853931050623,-116.96870737534357,FLAT
2026-10-10T07:15:27.629949+00:00,1,PERP,DOT|HTX|OKX,DOT,HTX,OKX,-9.577760812610192,-0.005786861345424346,-9.490261542211876,15.120332970739277,-31.63909527064801,12.57801249312962,20.0,44.25929655701029,-92.40813028544642,-92.32757059235178,FLAT
2026-10-10T07:15:28.121638+00:00,1,PERP,AVAX|HTX|OKX,AVAX,HTX,OKX,7.052892535182043,1.4476038955391837,-1.3262026270713996,5.788251322114957,-12.344190952997547,26.52003999962016,20.0,38.83671352541721,-75.85470185134335,-92.68295615210877,FLAT
2026-10-10T07:15:28.516321+00:00,1,PERP,OP|GATE|HTX,OP,GATE,HTX,14.322970882902908,-0.8689332649783114,26.10765406741191,13.562241957445547,-8.355084962068382,37.037392769518895,20.0,45.32752611337572,-105.790265142856,-82.2572648154827,FLAT
2026-10-10T07:15:38.888235+00:00,2,PERP,OP|GATE|OKX,OP,GATE,OKX,0.6175594534241213,-0.024282206622815463,0.7836793073578677,6.8412173783934795,-9.536589109677696,10.78918122162209,20.0,20.32450015160475,-56.644768568640316,-56.330002065868975,FLAT
2026-10-10T07:15:39.286087+00:00,2,PERP,APT|BITGET|HTX,APT,BITGET,HTX,-10.636666478817114,-0.9646773606287804,8.452553006030687,19.788190605411717,-26.658035733397867,5.3912310393045,21.999999999999996,32.083391476394745,-95.19398021582329,-57.022069509668555,FLAT
2026-10-10T07:15:40.056328+00:00,2,PERP,DOT|BITGET|HTX,DOT,BITGET,HTX,18.53018892567393,0.4376566222070009,11.364482800969746,16.372895464414974,-6.8662293320598256,43.94694058473591,21.999999999999996,50.71917818478826,-96.94989031781783,-111.30163596855442,FLAT
2026-10-10T07:15:40.479600+00:00,2,PERP,DOT|HTX|OKX,DOT,HTX,OKX,-11.056786823306908,-0.10360388783279818,-9.490261542211876,15.120332970739277,-33.3918668844091,11.373903919380535,20.0,44.81511771891468,-94.7167230611119,-91.67928318050708,FLAT
2026-10-10T07:15:40.980962+00:00,2,PERP,AVAX|HTX|OKX,AVAX,HTX,OKX,8.38128977286079,1.677102782811647,-1.3262026270713996,5.788251322114957,-10.515227033336405,27.346062464310705,20.0,37.8294604797197,-73.0184848859847,-92.5017255711018,FLAT
2026-10-10T07:15:41.452644+00:00,2,PERP,OP|GATE|HTX,OP,GATE,HTX,19.32775819449839,-0.4999096678990762,26.10765406741191,13.562241957445547,-3.701579143968736,42.39143453655725,20.0,46.00407253918612,-101.81330575056677,-88.28785300833147,FLAT
2026-10-10T07:36:42.910327+00:00,0,PERP,OP|GATE|OKX,OP,GATE,OKX,3.408055268248056,0.43417290442610934,0.5470081193897913,6.589649238107115,-4.454954540246137,11.280315322181877,20.0,15.72990358643533,-46.731866246071256,-52.46321078922742,FLAT
2026-10-10T07:36:43.428226+00:00,0,PERP,APT|BITGET|HTX,APT,BITGET,HTX,-16.31739454136527,-1.2423646937311696,8.31724964989918,19.828834733929618,-42.209960667295434,9.588835074363367,21.999999999999996,51.88345241382388,-130.41066273101848,-81.15503783828807,FLAT
2026-10-10T07:36:44.615246+00:00,0,PERP,DOT|BITGET|HTX,DOT,BITGET,HTX,22.68362525268408,0.6954946340548018,11.219851426354417,16.48290765306806,3.3461333075957,42.03662440863232,21.999999999999996,38.602919469830496,-74.47663758858921,-97.4196924521084,FLAT
2026-10-10T07:36:45.266455+00:00,0,PERP,DOT|HTX|OKX,DOT,HTX,OKX,-14.459763893240885,-0.33044200021038067,-9.445532831826725,15.174315184576345,-30.680708399872803,1.8108714280828941,20.0,32.538553814146184,-79.77372938219226,-69.7949580740558,FLAT
2026-10-10T07:36:45.857552+00:00,0,PERP,AVAX|HTX|OKX,AVAX,HTX,OKX,16.195575778823468,3.031983664617666,-1.3657039445084027,5.792010005946504,-8.09443184509373,40.600462554285514,20.0,48.615887152391124,-81.34461505297645,-116.58205365118505,FLAT
2026-10-10T07:36:46.424753+00:00,0,PERP,OP|GATE|HTX,OP,GATE,HTX,14.025418299590253,-0.8696690550967722,25.921817778424515,13.679225918312678,5.79112271978266,22.269141434005935,20.0,16.454934586378787,-62.58562964502064,-38.8022582419602,FLAT
2026-10-10T07:36:56.794511+00:00,1,PERP,OP|GATE|OKX,OP,GATE,OKX,7.202709837923482,1.0100236716765747,0.5470081193897913,6.589649238107115,-3.2448355304015575,17.668579246032934,20.0,20.898346248755836,-50.69018989854718,-64.01991737539898,FLAT
2026-10-10T07:36:57.328787+00:00,1,PERP,APT|BITGET|HTX,APT,BITGET,HTX,-15.253770630770935,-1.1887244307068205,8.31724964989918,19.828834733929618,-41.30221285125857,10.809218985006197,21.999999999999996,52.19103878868913,-129.81050128984688,-82.68300812379614,FLAT
2026-10-10T07:36:58.216671+00:00,1,PERP,DOT|BITGET|HTX,DOT,BITGET,HTX,14.266679152075135,0.18484770950916501,11.219851426354417,16.48290765306806,-5.702622286082315,34.251981633046654,21.999999999999996,39.897676775675826,-84.82015048811255,-90.92980698236806,FLAT
2026-10-10T07:36:58.794026+00:00,1,PERP,DOT|HTX|OKX,DOT,HTX,OKX,-12.491542142266665,-0.2007345487021385,-9.445532831826725,15.174315184576345,-29.909967491021927,4.98251589582166,20.0,34.936035181478616,-81.40046984067382,-75.364083909127,FLAT
2026-10-10T07:36:59.404078+00:00,1,PERP,AVAX|HTX|OKX,AVAX,HTX,OKX,18.63740758882404,3.4535699200788286,-1.3657039445084027,5.792010005946504,-6.115234224761679,43.50690774060028,20.0,49.529556514984016,-80.2790867952373,-120.40216820009272,FLAT
2026-10-10T07:36:59.935045+00:00,1,PERP,OP|GATE|HTX,OP,GATE,HTX,16.206620480954115,-0.7102154285254149,25.921817778424515,13.679225918312678,6.379890240757469,26.047025965818538,20.0,19.635304024151836,-65.17723156181889,-45.76051221154586,FLAT
2026-10-10T07:37:10.302642+00:00,2,PERP,OP|GATE|OKX,OP,GATE,OKX,5.6000733426242455,0.7668185423304797,0.5470081193897913,6.589649238107115,-3.328435661871243,14.541821927920306,20.0,17.86024591224927,-47.7356896935103,-57.855059720779785,FLAT
2026-10-10T07:37:10.949199+00:00,2,PERP,APT|BITGET|HTX,APT,BITGET,HTX,-16.380621427237728,-1.2455533271895076,8.31724964989918,19.828834733929618,-42.288251348423515,9.540759233939156,21.999999999999996,51.914045366548855,-130.51954636487153,-81.13755495058882,FLAT
2026-10-10T07:37:11.854246+00:00,2,PERP,DOT|BITGET|HTX,DOT,BITGET,HTX,14.266679152075135,0.18484770950916501,11.219851426354417,16.48290765306806,-5.702622286082315,34.251981633046654,21.999999999999996,39.897676775675826,-84.82015048811255,-90.92980698236806,FLAT
2026-10-10T07:37:12.419002+00:00,2,PERP,DOT|HTX|OKX,DOT,HTX,OKX,-15.219523276485125,-0.38051077590158844,-9.445532831826725,15.174315184576345,-32.37164898603373,1.9873845882756314,20.0,34.41131861592778,-83.33743477013479,-71.84423603603014,FLAT
2026-10-10T07:37:12.959618+00:00,2,PERP,AVAX|HTX|OKX,AVAX,HTX,OKX,17.630229274656628,3.279678936960124,-1.3657039445084027,5.792010005946504,-7.718936368663609,43.105200163289226,20.0,50.73437925175232,-83.08761167590754,-121.20528335954995,FLAT
2026-10-10T07:37:13.486686+00:00,2,PERP,OP|GATE|HTX,OP,GATE,HTX,18.09367839673337,-0.5722647924990729,25.921817778424515,13.679225918312678,7.126157509316222,29.07896408359756,20.0,21.91314326184639,-66.70880353095468,-51.07028956701943,FLAT
2026-10-10T07:54:00.934077+00:00,0,PERP,OP|GATE|OKX,OP,GATE,OKX,1.2795182718461362,0.10658556804912436,0.5772497684600506,6.588776663107112,-8.352180573590884,10.925092611038245,20.0,19.27479695176789,-54.204227293818825,-55.622639794346085,FLAT
2026-10-10T07:54:01.369545+00:00,0,PERP,APT|BITGET|HTX,APT,BITGET,HTX,-15.619979515931748,-1.1699102646184438,7.995396792254987,20.18563049012027,-35.75088065726706,4.51826744230166,21.999999999999996,40.332145488196105,-112.07842293771816,-64.85501613824277,FLAT
2026-10-10T07:54:02.254504+00:00,0,PERP,DOT|BITGET|HTX,DOT,BITGET,HTX,17.28519388547456,0.3653023415050861,11.2865533620274,16.421029492261386,0.8032128514057213,33.780424100438026,21.999999999999996,32.92030254471303,-71.4036430553347,-83.41417328312366,FLAT
2026-10-10T07:54:03.485114+00:00,0,PERP,DOT|HTX|OKX,DOT,HTX,OKX,-14.783757361244154,-0.350555273625905,-9.478636588859128,15.13347871653012,-28.72961894397563,-0.8031483414983054,20.0,27.96777424691123,-73.21875660202774,-62.64326249427206,FLAT
2026-10-10T07:54:03.975484+00:00,0,PERP,AVAX|HTX|OKX,AVAX,HTX,OKX,-0.37359614594389967,0.15608505449067678,-1.2801391166178244,5.808006241418035,-12.733960094144514,12.013898425644598,20.0,24.748753380872852,-62.202574358399545,-64.04279092313527,FLAT
2026-10-10T07:54:04.442011+00:00,0,PERP,OP|GATE|HTX,OP,GATE,HTX,23.798402157357845,-0.1622599616910381,26.005814362200802,13.60417062741656,5.842827928719263,41.776467061662714,20.0,35.848311802056124,-82.01129823553767,-77.61896450151804,FLAT
2026-10-10T07:54:14.799699+00:00,1,PERP,OP|GATE|OKX,OP,GATE,OKX,3.0192465982614713,0.3706297776755773,0.5772497684600506,6.588776663107112,-5.718774913175961,11.768404272909372,20.0,17.481893879506156,-49.77791856114217,-54.67304838395548,FLAT
2026-10-10T07:54:15.240081+00:00,1,PERP,APT|BITGET|HTX,APT,BITGET,HTX,-7.351916712193818,-0.7603088499990353,7.995396792254987,20.18563049012027,-27.673122161494533,12.977412044612446,21.999999999999996,40.6804405038442,-104.34895945759371,-73.66245575620165,FLAT
2026-10-10T07:54:15.980536+00:00,1,PERP,DOT|BITGET|HTX,DOT,BITGET,HTX,17.28519388547456,0.3653023415050861,11.2865533620274,16.421029492261386,0.8032128514057213,33.780424100438026,21.999999999999996,32.92030254471303,-71.4036430553347,-83.41417328312366,FLAT
2026-10-10T07:54:16.483679+00:00,1,PERP,DOT|HTX|OKX,DOT,HTX,OKX,-12.22327225414821,-0.18136184790686283,-9.478636588859128,15.13347871653012,-25.857878291025706,1.4453056970253897,20.0,27.336555935155662,-69.71579763732224,-64.26049822104018,FLAT
2026-10-10T07:54:16.925922+00:00,1,PERP,AVAX|HTX|OKX,AVAX,HTX,OKX,-3.4363190292907575,-0.3712426989655745,-1.2801391166178244,5.808006241418035,-16.425320317222656,9.583607683709694,20.0,26.01783178668573,-67.16301298729056,-62.88157858701325,FLAT
2026-10-10T07:54:17.324306+00:00,1,PERP,OP|GATE|HTX,OP,GATE,HTX,19.220743661216844,-0.4987493090765833,26.005814362200802,13.60417062741656,3.9159311655079243,34.54666912604543,20.0,30.57196182377285,-78.66184502046573,-65.11281658761749,FLAT
2026-10-10T07:54:27.683480+00:00,2,PERP,OP|GATE|OKX,OP,GATE,OKX,0.9601965431471626,0.05812107379984001,0.5772497684600506,6.588776663107112,-10.555565002833278,12.496861492750089,20.0,23.050194269177616,-60.18300904047095,-60.96980599346765,FLAT
2026-10-10T07:54:28.125520+00:00,2,PERP,APT|BITGET|HTX,APT,BITGET,HTX,-8.447658327456198,-0.8145920994520897,7.995396792254987,20.18563049012027,-28.641579550384712,11.753828499696528,21.999999999999996,40.429560144171326,-105.06653648681102,-72.18799185161286,FLAT
2026-10-10T07:54:28.933800+00:00,2,PERP,DOT|BITGET|HTX,DOT,BITGET,HTX,12.742747864213921,0.08867863631039524,11.2865533620274,16.421029492261386,-6.806397791473406,32.3075956449248,21.999999999999996,39.064208596788966,-85.15715975028976,-88.08525087968636,FLAT
2026-10-10T07:54:29.387612+00:00,2,PERP,DOT|HTX|OKX,DOT,HTX,OKX,-11.998197526517096,-0.16648921142670792,-9.478636588859128,15.13347871653012,-29.134624150378706,5.191495175695948,20.0,34.367271200457154,-80.02325876197673,-75.03740296501223,FLAT
2026-10-10T07:54:30.328577+00:00,2,PERP,AVAX|HTX|OKX,AVAX,HTX,OKX,-6.162773996446491,-0.8406731461494715,-1.2801391166178244,5.808006241418035,-21.16984492390617,8.886795008067327,20.0,30.075114455867855,-75.9648202631562,-66.242048580553,FLAT
2026-10-10T07:54:30.776076+00:00,2,PERP,OP|GATE|HTX,OP,GATE,HTX,25.884821089050547,-0.008893836784611945,26.005814362200802,13.60417062741656,3.9229041190491643,47.88859270062229,20.0,43.85213826128784,-91.9350485044395,-91.73491659970934,FLAT
2026-10-10T08:11:54.167043+00:00,0,PERP,OP|GATE|OKX,OP,GATE,OKX,3.1217330892530093,0.3436337582584539,0.7747619765441053,6.829861898910699,-6.7636215007327305,13.023879213833744,20.0,19.781311267993868,-53.31969474527071,-58.03042850528351,FLAT
2026-10-10T08:11:54.582537+00:00,0,PERP,APT|BITGET|HTX,APT,BITGET,HTX,-4.595356827156172,-0.6488557438107375,8.119962628956527,19.5965275446827,-23.90311471277995,14.723087780259547,21.999999999999996,38.64395781387687,-98.66703515561335,-73.24708296517989,FLAT
2026-10-10T08:11:54.915845+00:00,0,SPOT,ARB|BITGET|HTX,ARB,BITGET,HTX,1.0134149448326468,0.11101413839270535,-0.7549095108951791,15.928822052129002,-32.2472530409168,34.29937945254258,60.0,66.53987962659066,-164.0322231566123,-167.59416859002843,FLAT
2026-10-10T08:11:55.387711+00:00,0,PERP,DOT|BITGET|HTX,DOT,BITGET,HTX,23.19520229141947,0.6703301066692662,12.138931821352342,16.493769800976843,-6.809599403427846,53.22408488650731,21.999999999999996,59.89474755196224,-106.84327877674244,-128.9799006171172,FLAT
2026-10-10T08:11:55.890871+00:00,0,PERP,DOT|HTX|OKX,DOT,HTX,OKX,-22.191938970137493,-0.7969447063130521,-10.02823537807695,15.262920370390733,-49.659474303017646,5.418447243976665,20.0,55.2000506624612,-120.8312895874019,-96.64673328451481,FLAT
2026-10-10T08:11:56.415499+00:00,0,PERP,AVAX|HTX|OKX,AVAX,HTX,OKX,-0.9703750014078416,0.036426171390407304,-1.1840954545510534,5.8672225212088644,-14.141573110005856,12.23329536351514,20.0,26.377388090073612,-65.33486574552842,-65.7947789081398,FLAT
2026-10-10T08:11:56.870577+00:00,0,PERP,OP|GATE|HTX,OP,GATE,HTX,20.749690315111646,-0.37830025705181985,25.90019371697445,13.614855675758326,-7.656478679491929,49.21221049454472,20.0,56.75087702331124,-116.30754941977762,-106.06289380088151,FLAT
2026-10-10T08:12:07.236304+00:00,1,PERP,OP|GATE|OKX,OP,GATE,OKX,4.367382133874109,0.5260165154881088,0.7747619765441053,6.829861898910699,-5.710638022813352,14.46319629630155,20.0,20.16501179297514,-52.65041179233259,-59.853446112732584,FLAT
2026-10-10T08:12:07.722757+00:00,1,PERP,APT|BITGET|HTX,APT,BITGET,HTX,-4.235435236489282,-0.6304891434094051,8.119962628956527,19.5965275446827,-23.18483489570977,14.723087780259547,21.999999999999996,37.923982937600066,-97.22878046226636,-72.52710808890308,FLAT
2026-10-10T08:12:08.057925+00:00,1,SPOT,ARB|BITGET|HTX,ARB,BITGET,HTX,0.33043590712100723,0.06813720527884999,-0.7549095108951791,15.928822052129002,-31.74286054001829,32.42223821644963,60.0,64.16297324416406,-161.15092427328716,-163.34012097150887,FLAT
2026-10-10T08:12:08.497022+00:00,1,PERP,DOT|BITGET|HTX,DOT,BITGET,HTX,23.051579583237558,0.6616224121934159,12.138931821352342,16.493769800976843,-6.809599403427846,52.9367242031209,21.999999999999996,59.60890604921164,-106.55743727399184,-128.4066984309802,FLAT
2026-10-10T08:12:09.065415+00:00,1,PERP,DOT|HTX|OKX,DOT,HTX,OKX,-19.789058851238384,-0.6395121796020715,-10.02823537807695,15.262920370390733,-47.438962436243685,8.00384960735645,20.0,55.5523761119808,-118.96310317014755,-99.5844610974142,FLAT
2026-10-10T08:12:09.534693+00:00,1,PERP,AVAX|HTX|OKX,AVAX,HTX,OKX,1.6277110869045153,0.47923979894940694,-1.1840954545510534,5.8672225212088644,-22.831569837946653,26.20336667021883,20.0,49.02668018899467,-96.67415457239028,-102.41414231376456,FLAT
2026-10-10T08:12:10.458741+00:00,1,PERP,OP|GATE|HTX,OP,GATE,HTX,21.57499089233017,-0.31768260550462074,25.90019371697445,13.614855675758326,1.0721065467000912,42.113425316270266,20.0,40.95293206239067,-91.78101923266503,-83.16616366168648,FLAT
2026-10-10T08:12:20.836394+00:00,2,PERP,OP|GATE|OKX,OP,GATE,OKX,2.5299350475926907,0.25698514802012606,0.7747619765441053,6.829861898910699,-7.92491073623669,13.002847997596323,20.0,20.922449892322334,-55.62212260510313,-59.150535913374554,FLAT
2026-10-10T08:12:21.306070+00:00,2,PERP,APT|BITGET|HTX,APT,BITGET,HTX,-4.0491527014352435,-0.6209832483150172,8.119962628956527,19.5965275446827,-23.12115950551363,15.032504240342082,21.999999999999996,38.16911656320895,-97.4102386976791,-73.0816581745945,FLAT
2026-10-10T08:12:21.636016+00:00,2,SPOT,ARB|BITGET|HTX,ARB,BITGET,HTX,-2.0994076220781643,-0.08440662509650444,-0.7549095108951791,15.928822052129002,-33.33943002826967,29.153460946327314,60.0,62.5060108934837,-161.0905314108582,-158.4143813507062,FLAT
2026-10-10T08:12:22.102284+00:00,2,PERP,DOT|BITGET|HTX,DOT,BITGET,HTX,27.267598197528997,0.9172352081257167,12.138931821352342,16.493769800976843,1.6190568960339213,52.9367242031209,21.999999999999996,51.17810863979411,-89.69798356511252,-119.97590102156266,FLAT
2026-10-10T08:12:22.537522+00:00,2,PERP,DOT|HTX|OKX,DOT,HTX,OKX,-20.570712347216524,-0.690724757340111,-10.02823537807695,15.262920370390733,-43.85515886865865,2.8144370015481535,20.0,46.76557870215294,-106.59250219273463,-85.60825108177804,FLAT
2026-10-10T08:12:23.039708+00:00,2,PERP,AVAX|HTX|OKX,AVAX,HTX,OKX,-3.3810249045118645,-0.3744411332652443,-1.1840954545510534,5.8672225212088644,-20.53491176306821,13.827550033747027,20.0,34.37399669427217,-79.72481300278933,-75.38564218257025,FLAT
2026-10-10T08:12:23.489495+00:00,2,PERP,OP|GATE|HTX,OP,GATE,HTX,22.214761345897838,-0.27069198960651775,25.90019371697445,13.614855675758326,0.6524859846712694,43.8142987787149,20.0,43.066110289066785,-94.31381802136997,-86.98021535080724,FLAT
2026-10-10T08:52:05.469591+00:00,0,PERP,OP|GATE|OKX,OP,GATE,OKX,0.763702268309352,0.01508367457078131,0.6634898694063727,6.643765644288124,-9.453495346561924,10.999053980480511,20.0,20.45097136777549,-56.56795658374379,-56.78653547884963,FLAT
2026-10-10T08:52:05.859467+00:00,0,PERP,APT|BITGET|HTX,APT,BITGET,HTX,-30.097751762285796,-1.9132009519492876,7.694885870298015,19.753616364281196,-56.86139832335457,-3.315067356165491,21.999999999999996,53.70797312274938,-146.26425731640197,-70.69801989628587,FLAT
2026-10-10T08:52:06.499300+00:00,0,PERP,DOT|BITGET|HTX,DOT,BITGET,HTX,7.62126334112212,-0.23616928811852203,11.583934052499167,16.778941677583298,-19.081571329447875,34.345307570606835,21.999999999999996,53.3861834639262,-112.05168884587324,-104.14755698203388,FLAT
2026-10-10T08:52:06.918390+00:00,0,PERP,DOT|HTX|OKX,DOT,HTX,OKX,-3.5656888005219933,0.3901576367648548,-9.651768409856018,15.59902725421228,-26.938135711918054,19.913219675262717,20.0,46.867825079672116,-90.15419238173415,-102.43281316479084,FLAT
2026-10-10T08:52:07.314781+00:00,0,PERP,AVAX|HTX|OKX,AVAX,HTX,OKX,-1.0399710376718385,0.013285449831244222,-1.1183715997568437,5.9012350414079116,-15.194961211744129,13.152239646161412,20.0,28.350100314867046,-68.42668992685434,-68.62071156078531,FLAT
2026-10-10T08:52:07.687789+00:00,0,PERP,OP|GATE|HTX,OP,GATE,HTX,13.888684517340266,-0.8244235306544252,25.486416753106557,14.067687061964428,-12.57853349746485,40.40025980244444,20.0,52.90527769002044,-116.97022794059185,-93.81912073935833,FLAT
2026-10-10T08:52:17.961005+00:00,1,PERP,OP|GATE|OKX,OP,GATE,OKX,-1.525672990473348,-0.32950633377049054,0.6634898694063727,6.643765644288124,-11.349251951119355,8.313660226759723,20.0,19.66589992853804,-57.678641749063765,-53.316070285891385,FLAT
2026-10-10T08:52:18.425972+00:00,1,PERP,APT|BITGET|HTX,APT,BITGET,HTX,-34.489613315643595,-2.1355329782662125,7.694885870298015,19.753616364281196,-60.642609430562324,-8.321168416383085,21.999999999999996,52.502515598775986,-148.84001089963633,-64.48646131209489,FLAT
2026-10-10T08:52:19.063849+00:00,1,PERP,DOT|BITGET|HTX,DOT,BITGET,HTX,6.4763157389147175,-0.30440646446779407,11.583934052499167,16.778941677583298,-19.58658195360341,32.55989827087413,21.999999999999996,52.11272217518108,-111.28323818128365,-101.08868639355603,FLAT
2026-10-10T08:52:19.562838+00:00,1,PERP,DOT|HTX|OKX,DOT,HTX,OKX,-5.782500002400326,0.2480454931195056,-9.651768409856018,15.59902725421228,-30.060524439938785,18.6030206548482,20.0,48.69146347783307,-95.10021950791584,-102.94625254253728,FLAT
2026-10-10T08:52:20.014730+00:00,1,PERP,AVAX|HTX|OKX,AVAX,HTX,OKX,0.20744666671568268,0.2246679308940411,-1.1183715997568437,5.9012350414079116,-14.085034429992538,14.538254410145779,20.0,28.622643753471188,-67.58930658370689,-70.2792697633738,FLAT
2026-10-10T08:52:20.440753+00:00,1,PERP,OP|GATE|HTX,OP,GATE,HTX,10.670675766057958,-1.053175331651123,25.486416753106557,14.067687061964428,-11.618227060270492,32.99928392080042,20.0,44.569916534290854,-107.6745603476679,-78.08278370198472,FLAT
2026-10-10T08:52:30.719584+00:00,2,PERP,OP|GATE|OKX,OP,GATE,OKX,-0.34530349289685347,-0.15184060009258768,0.6634898694063727,6.643765644288124,-9.679473977225461,9.004497428126701,20.0,18.684603515294334,-55.02756736192617,-53.02561107401466,FLAT
2026-10-10T08:52:31.104922+00:00,2,PERP,APT|BITGET|HTX,APT,BITGET,HTX,-33.42663760747433,-2.081721276724243,7.694885870298015,19.753616364281196,-59.28932952180999,-7.550194781514863,21.999999999999996,51.91265764509626,-146.89687303720427,-64.66757699328338,FLAT
2026-10-10T08:52:31.825026+00:00,2,PERP,DOT|BITGET|HTX,DOT,BITGET,HTX,5.689418522829559,-0.35130436966383244,11.583934052499167,16.778941677583298,-19.58658195360341,30.985479317098275,21.999999999999996,50.54329711633371,-109.71381312243628,-97.94484238093281,FLAT
2026-10-10T08:52:32.263060+00:00,2,PERP,DOT|HTX|OKX,DOT,HTX,OKX,-2.583689523263377,0.4531102338246133,-9.651768409856018,15.59902725421228,-25.90618452386728,20.83839465683246,20.0,46.756447420598995,-89.01086353461025,-103.24661048728747,FLAT
2026-10-10T08:52:32.664348+00:00,2,PERP,AVAX|HTX|OKX,AVAX,HTX,OKX,3.1571423706799884,0.7245117234674293,-1.1183715997568437,5.9012350414079116,-10.702666382812476,17.05242707041643,20.0,27.746288210446327,-63.330582993501956,-71.91708688061959,FLAT
2026-10-10T08:52:33.040962+00:00,2,PERP,OP|GATE|HTX,OP,GATE,HTX,15.692962975217828,-0.6961665933249129,25.486416753106557,14.067687061964428,-3.862857242026285,35.28284341427934,20.0,39.08433611694066,-94.4336101120735,-74.88076277811345,FLAT
2026-10-10T09:49:16.830075+00:00,0,PERP,OP|GATE|OKX,OP,GATE,OKX,3.4037495560190756,0.41293221551337744,0.6602084452480808,6.644047152775645,-7.114049288087232,13.938647846165608,20.0,21.045519877827775,-54.81977761116308,-60.3239592787453,FLAT
2026-10-10T09:49:17.325286+00:00,0,PERP,APT|BITGET|HTX,APT,BITGET,HTX,-18.044128607345165,-1.2909079586110304,7.26076871666808,19.602402444896526,-40.00575169588738,3.930654615760254,21.999999999999996,44.01582509070379,-119.28234550325925,-68.68571098979596,FLAT
2026-10-10T09:49:17.662054+00:00,0,SPOT,ARB|BITGET|HTX,ARB,BITGET,HTX,-2.181246897829947,-0.05384180043330112,-1.33138802423287,15.784369518806804,-26.72829420152234,22.38212570219167,60.0,49.121129007881414,-140.5180351851709,-138.83464273430596,FLAT
2026-10-10T09:49:18.137467+00:00,0,PERP,DOT|BITGET|HTX,DOT,BITGET,HTX,18.203426862861694,0.3661307623433501,12.063965184776743,16.76849450942198,-8.738824733619532,45.167010408355694,21.999999999999996,53.8078779233239,-102.61066784172017,-114.91092314690286,FLAT
2026-10-10T09:49:18.632731+00:00,0,PERP,DOT|HTX|OKX,DOT,HTX,OKX,-14.964226139630998,-0.31492315480373945,-10.048204602919084,15.61022573832523,-39.98270008690241,10.17565388766739,20.0,50.233230258247595,-106.16772574223093,-96.45708874883408,FLAT
2026-10-10T09:49:19.130618+00:00,0,PERP,AVAX|HTX|OKX,AVAX,HTX,OKX,0.12094696838493846,0.1930191946618689,-1.0208080427180788,5.915240777494405,-11.45654436657817,11.723260261251589,20.0,23.179497698384008,-59.6152340222441,-61.92356600235368,FLAT
2026-10-10T09:49:19.590000+00:00,0,PERP,OP|GATE|HTX,OP,GATE,HTX,23.507199706997994,-0.15905781527625415,25.66663074875129,13.576390685379168,-1.3242813085190264,48.37702623744944,20.0,49.584718174412316,-102.57563023168264,-98.29511366311047,FLAT
2026-10-10T09:49:29.931467+00:00,1,PERP,OP|GATE|OKX,OP,GATE,OKX,1.8747149949915887,0.18279619662785362,0.6602084452480808,6.644047152775645,-6.804147196648458,10.567130990888352,20.0,17.368011605106958,-50.832367247003496,-53.27493415074723,FLAT
2026-10-10T09:49:30.405396+00:00,1,PERP,APT|BITGET|HTX,APT,BITGET,HTX,-12.557387780890439,-1.0110065107207389,7.26076871666808,19.602402444896526,-34.18520166796779,9.081883652664047,21.999999999999996,43.32148275237802,-112.76745313701389,-73.14259768837398,FLAT
2026-10-10T09:49:30.718422+00:00,1,SPOT,ARB|BITGET|HTX,ARB,BITGET,HTX,-0.3096450522477312,0.06473131351668812,-1.33138802423287,15.784369518806804,-25.60094888250819,25.00253732333313,60.0,50.60504455170738,-140.8746054099827,-142.9389698992734,FLAT
2026-10-10T09:49:31.257648+00:00,1,PERP,DOT|BITGET|HTX,DOT,BITGET,HTX,20.96831198303839,0.5310164721858853,12.063965184776743,16.76849450942198,-6.865927136434635,48.82460675950328,21.999999999999996,55.57399587266275,-102.50388819387413,-120.3346374473893,FLAT
2026-10-10T09:49:31.780155+00:00,1,PERP,DOT|HTX|OKX,DOT,HTX,OKX,-15.288720375732368,-0.3357104413901654,-10.048204602919084,15.61022573832523,-40.99055153825248,10.535880765751848,20.0,51.605037283363984,-108.54738421869737,-98.18912265203491,FLAT
2026-10-10T09:49:32.282707+00:00,1,PERP,AVAX|HTX|OKX,AVAX,HTX,OKX,-1.1815168273698884,-0.02716859561545745,-1.0208080427180788,5.915240777494405,-12.404853818360762,10.065147210864822,20.0,22.47263199172826,-59.85667776737095,-59.558587245311166,FLAT
2026-10-10T09:49:32.757631+00:00,1,PERP,OP|GATE|HTX,OP,GATE,HTX,24.173803432112617,-0.10995759854247168,25.66663074875129,13.576390685379168,-1.0054294721428825,49.393362992049546,20.0,50.27722103093642,-102.9492812518306,-100.00395327423468,FLAT
2026-10-10T09:49:43.086725+00:00,2,PERP,OP|GATE|OKX,OP,GATE,OKX,2.480359258176801,0.27395212151201037,0.6602084452480808,6.644047152775645,-6.440972170306258,11.41573759525727,20.0,17.85227071112658,-50.95345132668092,-54.60779986113577,FLAT
2026-10-10T09:49:43.565499+00:00,2,PERP,APT|BITGET|HTX,APT,BITGET,HTX,-14.302972506328171,-1.100056040764042,7.26076871666808,19.602402444896526,-36.26848636825608,7.675684667811655,21.999999999999996,44.00711035396699,-115.53636543889115,-72.42202630511056,FLAT
2026-10-10T09:49:43.869991+00:00,2,SPOT,ARB|BITGET|HTX,ARB,BITGET,HTX,-2.9611610884072714,-0.10325233847525903,-1.33138802423287,15.784369518806804,-27.52019984676668,21.614575133754865,60.0,49.14932321256606,-141.33813503509987,-138.0952863705538,FLAT
2026-10-10T09:49:44.339267+00:00,2,PERP,DOT|BITGET|HTX,DOT,BITGET,HTX,13.037193413996118,0.05803909400885879,12.063965184776743,16.76849450942198,-14.771887637118342,40.86829273989956,21.999999999999996,55.567726943436796,-110.40357976533188,-112.3720544985596,FLAT
2026-10-10T09:49:44.880034+00:00,2,PERP,DOT|HTX|OKX,DOT,HTX,OKX,-11.618741772935204,-0.10060951048005908,-10.048204602919084,15.61022573832523,-37.35051836898706,14.23594784248472,20.0,51.64617971407966,-104.94849348014765,-101.93033215948347,FLAT
2026-10-10T09:49:45.383363+00:00,2,PERP,AVAX|HTX|OKX,AVAX,HTX,OKX,-1.824404037558125,-0.13585178102934903,-1.0208080427180788,5.915240777494405,-11.948946336378663,8.31927001264221,20.0,20.271896703031484,-57.20003499669207,-55.611974758391774,FLAT
2026-10-10T09:49:45.822351+00:00,2,PERP,OP|GATE|HTX,OP,GATE,HTX,22.91019275306061,-0.20303172320012672,25.66663074875129,13.576390685379168,-1.7328656969262113,47.590085547992715,20.0,49.21018226095425,-102.60967870663174,-97.13363706019567,FLAT
2026-10-10T10:03:06.820887+00:00,0,PERP,OP|GATE|OKX,OP,GATE,OKX,2.5309604328471735,0.2607720654398176,0.7860706319834068,6.691245083789322,-7.237201660896808,12.314590575090989,20.0,19.54683277268751,-53.570105065567724,-57.07535271579509,FLAT
2026-10-10T10:03:07.254145+00:00,0,PERP,APT|BITGET|HTX,APT,BITGET,HTX,-1.9549462201995382,-0.4678794436967873,7.201925620053874,19.571006941240167,-19.604028102839788,15.704327700603038,21.999999999999996,35.31525680420909,-90.12121052710275,-71.81765888475825,FLAT
2026-10-10T10:03:07.959665+00:00,0,PERP,DOT|BITGET|HTX,DOT,BITGET,HTX,12.038209360392127,0.02387753332992841,11.64403176599279,16.508304645742886,-10.62842052141022,34.72280012165818,21.999999999999996,45.29668443279601,-95.56913672019903,-96.3754527884614,FLAT
2026-10-10T10:03:08.421795+00:00,0,PERP,DOT|HTX|OKX,DOT,HTX,OKX,-10.55289825639738,-0.053962973697698174,-9.718485159232229,15.46269673423769,-30.503854954387897,9.472766536671173,20.0,40.01871321786625,-86.80408301302191,-85.20996491376965,FLAT
2026-10-10T10:03:08.972680+00:00,0,PERP,AVAX|HTX|OKX,AVAX,HTX,OKX,-3.3361769082340675,-0.37854622345445554,-1.0600307764741583,6.0128618137799545,-17.080035535465,10.444160365679078,20.0,27.533333161924514,-69.55333792091537,-65.03752430407775,FLAT
2026-10-10T10:03:09.396857+00:00,0,PERP,OP|GATE|HTX,OP,GATE,HTX,24.96260175580689,-0.02351163666524602,25.282831278433378,13.620043861082543,3.293100000001381,46.665612136145285,20.0,43.26448683264085,-91.25421811107284,-90.64726769035275,FLAT
2026-10-10T10:03:19.666292+00:00,1,PERP,OP|GATE|OKX,OP,GATE,OKX,2.482542706723212,0.2535360838672308,0.7860706319834068,6.691245083789322,-5.8311057980275915,10.808326583962025,20.0,16.63529374877537,-49.25247017878637,-52.65754970075399,FLAT
2026-10-10T10:03:20.152863+00:00,1,PERP,APT|BITGET|HTX,APT,BITGET,HTX,-4.201197419088087,-0.5826538753666894,7.201925620053874,19.571006941240167,-22.121988407820538,13.730933651403543,21.999999999999996,35.86798732199465,-93.19190134986906,-70.39699535334432,FLAT
2026-10-10T10:03:20.848132+00:00,1,PERP,DOT|BITGET|HTX,DOT,BITGET,HTX,18.06036790698906,0.3886732331809068,11.64403176599279,16.508304645742886,-6.540305486690823,42.68055016140693,21.999999999999996,49.13211351108541,-95.31645076376901,-108.16863190649954,FLAT
2026-10-10T10:03:21.315473+00:00,1,PERP,DOT|HTX|OKX,DOT,HTX,OKX,-11.281975409763723,-0.10111368523897872,-9.718485159232229,15.46269673423769,-33.696393142305105,11.224991701506148,20.0,44.971931391164034,-94.94983937423692,-91.91540825190242,FLAT
2026-10-10T10:03:21.825241+00:00,1,PERP,AVAX|HTX|OKX,AVAX,HTX,OKX,2.7983265571185356,0.64168401887273,-1.0600307764741583,6.0128618137799545,-8.629657420342607,14.250305314471579,20.0,22.873536808347342,-56.443163452215785,-64.18387289929308,FLAT
2026-10-10T10:03:22.271459+00:00,1,PERP,OP|GATE|HTX,OP,GATE,HTX,21.386161386303115,-0.28609818968824885,25.282831278433378,13.620043861082543,-0.24278490830087485,43.04841126688164,20.0,43.19878493635391,-94.72440112308817,-86.96436492480217,FLAT
2026-10-10T10:03:32.666261+00:00,2,PERP,OP|GATE|OKX,OP,GATE,OKX,2.776167941218599,0.2974180865167443,0.7860706319834068,6.691245083789322,-5.667549944756711,11.232431466650095,20.0,16.895281684259526,-49.34890226099965,-53.34164251892622,FLAT
2026-10-10T10:03:33.100142+00:00,2,PERP,APT|BITGET|HTX,APT,BITGET,HTX,-0.9686617571136313,-0.4174842613718758,7.201925620053874,19.571006941240167,-19.043366996061017,17.11801793867762,21.999999999999996,36.16488412354424,-90.41017673965914,-74.08097644216798,FLAT
2026-10-10T10:03:33.808958+00:00,2,PERP,DOT|BITGET|HTX,DOT,BITGET,HTX,18.06036790698906,0.3886732331809068,11.64403176599279,16.508304645742886,-6.540305486690823,42.68055016140693,21.999999999999996,49.13211351108541,-95.31645076376901,-108.16863190649954,FLAT
2026-10-10T10:03:34.266619+00:00,2,PERP,DOT|HTX|OKX,DOT,HTX,OKX,-12.460958597255711,-0.17736061730752728,-9.718485159232229,15.46269673423769,-33.92196690192528,9.088662448066831,20.0,43.06410879307454,-93.2675905357676,-87.8712564003736,FLAT
2026-10-10T10:03:34.769141+00:00,2,PERP,AVAX|HTX|OKX,AVAX,HTX,OKX,2.4611657023831945,0.5856107437539415,-1.0600307764741583,6.0128618137799545,-8.704711977325363,13.650487830194624,20.0,22.349674595493504,-55.994355796344706,-63.06019320216229,FLAT
2026-10-10T10:03:35.205691+00:00,2,PERP,OP|GATE|HTX,OP,GATE,HTX,21.77619990595181,-0.25746109250802773,25.282831278433378,13.620043861082543,0.6062698541331457,42.976775440981555,20.0,42.27841709553116,-92.95497851983139,-85.97236125807933,FLAT
2026-10-10T10:23:35.679892+00:00,0,PERP,OP|GATE|OKX,OP,GATE,OKX,2.64293761155443,0.27173754887723184,0.8169147063618846,6.719803401249944,-6.2352473088977955,11.532940473084619,20.0,17.763485143357517,-50.815647158617196,-54.47951091008025,FLAT
2026-10-10T10:23:36.143940+00:00,0,PERP,APT|BITGET|HTX,APT,BITGET,HTX,-5.51980845157396,-0.6488799283218112,7.184615816332451,19.57900639762996,-26.45402235090355,15.426945778231893,21.999999999999996,41.90409463178053,-103.54273279901653,-78.14642459367997,FLAT
2026-10-10T10:23:36.973942+00:00,0,PERP,DOT|BITGET|HTX,DOT,BITGET,HTX,24.178449187854945,0.7918781024059505,11.270773326188177,16.300079295600653,-6.1737609036138785,54.554863593589964,21.999999999999996,60.58213663896513,-106.02667086876718,-131.8662269063669,FLAT
2026-10-10T10:23:37.476801+00:00,0,PERP,DOT|HTX|OKX,DOT,HTX,OKX,-18.58223834358741,-0.609872046975483,-9.324741430730175,15.17940846570623,-46.488715452124296,9.471444296837994,20.0,56.063951890327495,-119.22792591172163,-100.86013761789567,FLAT
2026-10-10T10:23:38.085346+00:00,0,PERP,AVAX|HTX|OKX,AVAX,HTX,OKX,-6.5298412291725505,-0.9381210923862957,-0.9412245288687973,5.957244481187398,-28.88933353928147,15.925245158241452,20.0,44.843656981607445,-98.79176599202012,-87.71012666871769,FLAT
2026-10-10T10:23:38.532103+00:00,0,PERP,OP|GATE|HTX,OP,GATE,HTX,17.908362572014447,-0.5371195241624401,25.242025200257217,13.653688421917918,2.121334412568121,33.71727418520321,20.0,31.539442638672103,-80.6601334263612,-66.01469162361809,FLAT
2026-10-10T10:23:48.825648+00:00,1,PERP,OP|GATE|OKX,OP,GATE,OKX,3.4153325335872786,0.38668063216582566,0.8169147063618846,6.719803401249944,-4.936197890766936,11.777721673167374,20.0,16.70820610124632,-48.46131869837514,-53.66901306805181,FLAT
2026-10-10T10:23:49.305501+00:00,1,PERP,APT|BITGET|HTX,APT,BITGET,HTX,-1.6043393077502799,-0.44889689219094564,7.184615816332451,19.57900639762996,-22.422096932788182,19.225368240955998,21.999999999999996,41.6541444830793,-99.26085723219992,-81.69489690770284,FLAT
2026-10-10T10:23:50.116845+00:00,1,PERP,DOT|BITGET|HTX,DOT,BITGET,HTX,24.035787380032314,0.7831258868347578,11.270773326188177,16.300079295600653,-6.1737609036138785,54.26942621254982,21.999999999999996,60.29824593264771,-105.74278016244976,-131.29689881900936,FLAT
2026-10-10T10:23:50.579520+00:00,1,PERP,DOT|HTX|OKX,DOT,HTX,OKX,-14.254881956864418,-0.3247913472565524,-9.324741430730175,15.17940846570623,-42.171454242614374,13.80815241216471,20.0,56.05913509446612,-114.90584790635032,-105.192028937361,FLAT
2026-10-10T10:23:51.083450+00:00,1,PERP,AVAX|HTX|OKX,AVAX,HTX,OKX,-7.669640153756818,-1.129450981260872,-0.9412245288687973,5.957244481187398,-26.14929817916667,10.876017329926047,20.0,37.053616652402724,-88.2616903027006,-74.87085851119757,FLAT
2026-10-10T10:23:51.514823+00:00,1,PERP,OP|GATE|HTX,OP,GATE,HTX,19.55601781774785,-0.4164447881630112,25.242025200257217,13.653688421917918,-0.8885073587183712,40.029551761768815,20.0,40.83817534631297,-92.96870790528855,-81.62570190782456,FLAT
2026-10-10T10:24:01.830452+00:00,2,PERP,OP|GATE|OKX,OP,GATE,OKX,3.1265440950822843,0.3437049048623636,0.8169147063618846,6.719803401249944,-5.25986212206675,11.523563826711936,20.0,16.778173467078165,-48.8549502955068,-53.48482258742821,FLAT
2026-10-10T10:24:03.052206+00:00,2,PERP,APT|BITGET|HTX,APT,BITGET,HTX,-2.89809019776488,-0.5149753674587819,7.184615816332451,19.57900639762996,-22.18325443674063,16.3970059451235,21.999999999999996,38.59144197301669,-95.95931222608976,-75.80383210180773,FLAT
2026-10-10T10:24:03.860406+00:00,2,PERP,DOT|BITGET|HTX,DOT,BITGET,HTX,24.035787380032314,0.7831258868347578,11.270773326188177,16.300079295600653,-6.1737609036138785,54.26942621254982,21.999999999999996,60.29824593264771,-105.74278016244976,-131.29689881900936,FLAT
2026-10-10T10:24:04.976340+00:00,2,PERP,DOT|HTX|OKX,DOT,HTX,OKX,-25.510628098274204,-1.0663054956398113,-9.324741430730175,15.17940846570623,-54.10525690142332,3.2367835885871443,20.0,57.48828965102268,-128.26880512171584,-96.04981467034,FLAT
2026-10-10T10:24:05.681683+00:00,2,PERP,AVAX|HTX|OKX,AVAX,HTX,OKX,-2.8395871162600894,-0.31866454253912213,-0.9412245288687973,5.957244481187398,-17.01835999648238,11.376893145735867,20.0,28.403268424334488,-70.48040389194807,-66.72138609893915,FLAT
2026-10-10T10:24:06.128548+00:00,2,PERP,OP|GATE|HTX,OP,GATE,HTX,24.995728922783123,-0.01803880899162173,25.242025200257217,13.653688421917918,3.124938092997631,46.89630997382732,20.0,43.66221471766988,-91.77930182492946,-91.31649949124,FLAT
2026-10-10T11:19:46.636776+00:00,0,PERP,OP|GATE|OKX,OP,GATE,OKX,4.2326946779613905,0.5073891363735102,0.838884648955645,6.688771567445269,-3.9226011581805498,12.397932638938958,20.0,16.313622682197227,-47.075108489333424,-53.87267067218054,FLAT
2026-10-10T11:19:47.127725+00:00,0,PERP,APT|BITGET|HTX,APT,BITGET,HTX,-17.987662213765354,-1.2646307549359843,6.973026000329276,19.73753059276037,-41.907132362242194,5.939864722779298,21.999999999999996,47.93321637887156,-124.81337474144303,-74.90005510132158,FLAT
2026-10-10T11:19:47.918582+00:00,0,PERP,DOT|BITGET|HTX,DOT,BITGET,HTX,12.363835137847445,0.06973801211708058,11.228207307430768,16.284201340728114,-13.049668689654181,37.797669768411254,21.999999999999996,50.7845411595503,-103.06241715663525,-105.35400362053079,FLAT
2026-10-10T11:19:48.433649+00:00,0,PERP,DOT|HTX|OKX,DOT,HTX,OKX,-5.748177014608391,0.22552478760514416,-9.187839353109755,15.251815000148154,-28.467679389124754,17.06874539484371,20.0,45.56240644255685,-90.84224647857185,-97.81899119051032,FLAT
2026-10-10T11:19:48.982410+00:00,0,PERP,AVAX|HTX|OKX,AVAX,HTX,OKX,3.0034518653021536,0.72200558154517,-1.2167534221961693,5.845114491312695,-10.92391032393003,16.967183838167976,20.0,27.882672309749115,-63.58982921148297,-72.06660957011326,FLAT
2026-10-10T11:19:49.427942+00:00,0,PERP,OP|GATE|HTX,OP,GATE,HTX,25.818570890703274,0.02664145338767834,25.4559081534465,13.612723449408529,9.861923476977008,41.79554101409799,20.0,31.85136892100272,-73.4453535974722,-74.19100178165421,FLAT
2026-10-10T11:19:59.784876+00:00,1,PERP,OP|GATE|OKX,OP,GATE,OKX,4.274551440597296,0.5136469016767277,0.838884648955645,6.688771567445269,-3.5359949981816907,12.094537520521698,20.0,15.623848323548359,-45.99872797068569,-52.879501195114415,FLAT
2026-10-10T11:20:00.255613+00:00,1,PERP,APT|BITGET|HTX,APT,BITGET,HTX,-21.60241430694043,-1.4477718057471203,6.973026000329276,19.73753059276037,-45.5677243349395,2.3712305095124897,21.999999999999996,48.04273730691895,-128.58348764218772,-71.44094181610217,FLAT
2026-10-10T11:20:01.068902+00:00,1,PERP,DOT|BITGET|HTX,DOT,BITGET,HTX,12.363835137847445,0.06973801211708058,11.228207307430768,16.284201340728114,-13.049668689654181,37.797669768411254,21.999999999999996,50.7845411595503,-103.06241715663525,-105.35400362053079,FLAT
2026-10-10T11:20:01.585467+00:00,1,PERP,DOT|HTX|OKX,DOT,HTX,OKX,-4.361641197089261,0.31643434935275655,-9.187839353109755,15.251815000148154,-26.497515334978907,17.869150408458268,20.0,44.38582218130131,-87.69549816317046,-97.44281194286933,FLAT
2026-10-10T11:20:02.080971+00:00,1,PERP,AVAX|HTX|OKX,AVAX,HTX,OKX,3.5788610191023196,0.8204483331209292,-1.2167534221961693,5.845114491312695,-10.15468446545098,17.346387802636976,20.0,27.49119156420697,-62.42912260746178,-72.05433278904012,FLAT
2026-10-10T11:20:03.934648+00:00,1,PERP,OP|GATE|HTX,OP,GATE,HTX,26.34804730753393,0.06553715407523326,25.4559081534465,13.612723449408529,3.7736145536793053,48.947872248061856,20.0,45.05553089563204,-92.73782449539924,-94.5474949902474,FLAT
2026-10-10T11:20:14.282066+00:00,2,PERP,OP|GATE|OKX,OP,GATE,OKX,3.046967832516234,0.33011789404013864,0.838884648955645,6.688771567445269,-4.453886979748356,10.556666327141695,20.0,15.005975823945736,-46.298747452649735,-50.72375750213178,FLAT
2026-10-10T11:20:14.777408+00:00,2,PERP,APT|BITGET|HTX,APT,BITGET,HTX,-24.12305514343793,-1.5754798199108606,6.973026000329276,19.73753059276037,-48.09800349919624,-0.1396929999986085,21.999999999999996,48.07427887110375,-131.14530837062927,-68.96155987077586,FLAT
2026-10-10T11:20:15.606156+00:00,2,PERP,DOT|BITGET|HTX,DOT,BITGET,HTX,12.363835137847445,0.06973801211708058,11.228207307430768,16.284201340728114,-13.049668689654181,37.797669768411254,21.999999999999996,50.7845411595503,-103.06241715663525,-105.35400362053079,FLAT
2026-10-10T11:20:16.182695+00:00,2,PERP,DOT|HTX|OKX,DOT,HTX,OKX,-3.962294878320227,0.34261787693718865,-9.187839353109755,15.251815000148154,-25.700527762286818,17.869150408458268,20.0,43.58674910861947,-86.09943751779653,-96.64373887018749,FLAT
2026-10-10T11:20:16.678020+00:00,2,PERP,AVAX|HTX|OKX,AVAX,HTX,OKX,1.0357459721843654,0.38536446082079545,-1.2167534221961693,5.845114491312695,-14.26758785563531,16.382562270185197,20.0,30.64691419671997,-69.69774863015911,-74.24622988910133,FLAT
2026-10-10T11:20:17.159142+00:00,2,PERP,OP|GATE|HTX,OP,GATE,HTX,27.593901001605747,0.157058420829973,25.4559081534465,13.612723449408529,8.999138406009521,46.21256468157586,20.0,37.11100717878923,-79.5677769262262,-83.86766370691859,FLAT
2026-10-10T11:38:01.560166+00:00,0,PERP,OP|GATE|OKX,OP,GATE,OKX,-0.5428598182588562,-0.20784613794436954,0.8485569638340252,6.694455792415528,-9.525329950478278,8.452558135190191,20.0,17.97885476032456,-54.35274167463686,-51.582855931680726,FLAT
2026-10-10T11:38:03.145817+00:00,0,PERP,APT|BITGET|HTX,APT,BITGET,HTX,-24.13872347277635,-1.5811907950013242,7.008355910298377,19.698495261635166,-35.49755346253125,-12.774916377673584,21.999999999999996,22.777618257534524,-93.28352763036415,-30.99434596956256,FLAT
2026-10-10T11:38:03.826494+00:00,0,PERP,DOT|BITGET|HTX,DOT,BITGET,HTX,4.188113217848954,-0.44984168146319103,11.494456856602234,16.242033452720705,-24.665709560743878,33.064963787963194,21.999999999999996,57.706496029432614,-121.86666244677872,-107.27700296079357,FLAT
2026-10-10T11:38:04.309676+00:00,0,PERP,DOT|HTX|OKX,DOT,HTX,OKX,3.0049102759432955,0.81792635414012,-9.431536082239655,15.204848572531073,-23.425828082358493,29.56741323791645,20.0,52.97699458373237,-92.9712865838512,-117.97594390388846,FLAT
2026-10-10T11:38:04.808080+00:00,0,PERP,AVAX|HTX|OKX,AVAX,HTX,OKX,6.672597023564819,1.315220201257156,-1.1382648548573084,5.938824442444009,-12.00240277362763,25.41473795719451,20.0,37.392070031570675,-74.256207950341,-89.9450728436225,FLAT
2026-10-10T11:38:05.254967+00:00,0,PERP,OP|GATE|HTX,OP,GATE,HTX,19.811904648121548,-0.4144134807878347,25.451781098998808,13.609297748121955,-3.331240327157925,42.98956892762939,20.0,46.229194690512,-101.01221611666874,-89.76698251914259,FLAT
2026-10-10T11:38:15.508038+00:00,1,PERP,OP|GATE|OKX,OP,GATE,OKX,-0.900434259544225,-0.26125965688798286,0.8485569638340252,6.694455792415528,-8.941588687511048,7.152039332014581,20.0,16.095069313578286,-51.88521496492336,-48.39855168175884,FLAT
2026-10-10T11:38:15.985918+00:00,1,PERP,APT|BITGET|HTX,APT,BITGET,HTX,-22.092791241163923,-1.4773284337174606,7.008355910298377,19.698495261635166,-33.88305203339215,-10.296348308940217,21.999999999999996,23.638927092237687,-92.5303350359282,-34.334222872999085,FLAT
2026-10-10T11:38:16.683850+00:00,1,PERP,DOT|BITGET|HTX,DOT,BITGET,HTX,4.188113217848954,-0.44984168146319103,11.494456856602234,16.242033452720705,-24.665709560743878,33.064963787963194,21.999999999999996,57.706496029432614,-121.86666244677872,-107.27700296079357,FLAT
2026-10-10T11:38:17.157320+00:00,1,PERP,DOT|HTX|OKX,DOT,HTX,OKX,-1.1731669289705149,0.5431405063900884,-9.431536082239655,15.204848572531073,-27.027789604907593,24.810348253252457,20.0,51.84389952929923,-95.44015305196716,-112.08578386479132,FLAT
2026-10-10T11:38:17.604952+00:00,1,PERP,AVAX|HTX|OKX,AVAX,HTX,OKX,-1.2571648845471906,-0.020020802238254257,-1.1382648548573084,5.938824442444009,-12.383851109520894,9.892941453821802,20.0,22.279568850389403,-59.52515510505299,-59.31077515906851,FLAT
2026-10-10T11:38:18.062937+00:00,1,PERP,OP|GATE|HTX,OP,GATE,HTX,20.593784550269056,-0.356961588954885,25.451781098998808,13.609297748121955,-1.0853108930475308,42.30339666007499,20.0,43.29951599941228,-95.83660799145862,-86.15113156048847,FLAT
2026-10-10T11:38:28.309501+00:00,2,PERP,OP|GATE|OKX,OP,GATE,OKX,1.2315818107277998,0.05721523283904898,0.8485569638340252,6.694455792415528,-8.78269487208927,11.261416154135784,20.0,20.041630660041243,-55.67288249596454,-56.454489850343,FLAT
2026-10-10T11:38:28.762218+00:00,2,PERP,APT|BITGET|HTX,APT,BITGET,HTX,-22.08742868842095,-1.4770562021245521,7.008355910298377,19.698495261635166,-33.90855219745248,-10.260033599309715,21.999999999999996,23.700866053803313,-92.61777416155417,-34.43247654419522,FLAT
2026-10-10T11:38:29.481524+00:00,2,PERP,DOT|BITGET|HTX,DOT,BITGET,HTX,12.175488956944758,0.041930223966411294,11.494456856602234,16.242033452720705,-16.704548913943906,41.07859395073188,21.999999999999996,57.712865420684224,-113.91187119123036,-115.29700251481387,FLAT
2026-10-10T11:38:30.009881+00:00,2,PERP,DOT|HTX|OKX,DOT,HTX,OKX,-5.023924762087573,0.289881960949932,-9.431536082239655,15.204848572531073,-31.356114271083868,21.439538057077545,20.0,52.82186323140049,-100.74644142024471,-109.6929373707177,FLAT
2026-10-10T11:38:30.505771+00:00,2,PERP,AVAX|HTX|OKX,AVAX,HTX,OKX,-1.3141412306238998,-0.029614678371299486,-1.1382648548573084,5.938824442444009,-12.383851109520894,9.77883444564398,20.0,22.165574000820182,-59.41116025548377,-59.08267330132148,FLAT
2026-10-10T11:38:30.960641+00:00,2,PERP,OP|GATE|HTX,OP,GATE,HTX,21.418518257212416,-0.2963608348081716,25.451781098998808,13.609297748121955,-4.811898249598157,47.68895066882051,20.0,52.38860977897797,-108.65228912757495,-100.62577934879968,FLAT
2026-10-10T11:56:17.817562+00:00,0,PERP,OP|GATE|OKX,OP,GATE,OKX,0.7293536091501629,-0.02521146542809256,0.8992876813066238,6.740348856005303,-8.33114790390277,9.802115334747175,20.0,18.131932490268117,-53.362368075477505,-53.03476014370867,FLAT
2026-10-10T11:56:18.672552+00:00,0,PERP,APT|BITGET|HTX,APT,BITGET,HTX,-18.693299983737475,-1.3190022261171472,7.145107434978265,19.589358461341142,-40.351277099130996,2.976270542545123,21.999999999999996,43.408689705414744,-118.905074239524,-67.2398528129816,FLAT
2026-10-10T11:56:19.756730+00:00,0,PERP,DOT|BITGET|HTX,DOT,BITGET,HTX,18.88145453500023,0.43569946225061756,11.71708731453618,16.443369435106288,-4.838079437563536,42.61997932740069,21.999999999999996,47.36861233557694,-91.92377908767665,-106.27150434844145,FLAT
2026-10-10T11:56:20.620754+00:00,0,PERP,DOT|HTX|OKX,DOT,HTX,OKX,-13.388032172894082,-0.24057693512019684,-9.675142520536351,15.433273561751463,-34.43478748723861,7.741737954494177,20.0,42.23290359332698,-92.99254856002923,-85.6497840683575,FLAT
2026-10-10T11:56:21.519829+00:00,0,PERP,AVAX|HTX|OKX,AVAX,HTX,OKX,-3.4088998165660023,-0.35348071274386633,-1.341425911641692,5.848901596004223,-17.63428205532658,10.854020640904682,20.0,28.49796790495311,-70.790824048638,-66.69341445749949,FLAT
2026-10-10T11:56:21.979922+00:00,0,PERP,OP|GATE|HTX,OP,GATE,HTX,21.405971101486898,-0.2843425899753902,25.258320784067852,13.548268245409083,-1.023313369267198,43.865568863883375,20.0,44.792978043344206,-97.07461219667925,-89.40022612315973,FLAT
2026-10-10T11:56:32.272596+00:00,1,PERP,OP|GATE|OKX,OP,GATE,OKX,1.5058087837327427,0.08998363666084433,0.8992876813066238,6.740348856005303,-7.759150904675938,10.784320346246545,20.0,18.54066947669439,-53.199108062676956,-54.42570214163431,FLAT
2026-10-10T11:56:32.752074+00:00,1,PERP,APT|BITGET|HTX,APT,BITGET,HTX,-17.268027814039133,-1.2462447556511764,7.145107434978265,19.589358461341142,-38.968188427011,4.443919247210104,21.999999999999996,43.487198289145,-117.60049415113426,-68.78601010137683,FLAT
2026-10-10T11:56:34.205610+00:00,1,PERP,DOT|BITGET|HTX,DOT,BITGET,HTX,18.93666407076333,0.4390570183756554,11.71708731453618,16.443369435106288,-4.838079437563536,42.73044260191705,21.999999999999996,47.478605781600635,-92.03377253370036,-106.49196106898151,FLAT
2026-10-10T11:56:35.217363+00:00,1,PERP,DOT|HTX|OKX,DOT,HTX,OKX,-13.062133155752331,-0.21946028635234038,-9.675142520536351,15.433273561751463,-33.77706431281102,7.734732750339646,20.0,41.56592931312455,-91.66785110539921,-84.97580458400054,FLAT
2026-10-10T11:56:36.119053+00:00,1,PERP,AVAX|HTX|OKX,AVAX,HTX,OKX,-1.6341038490019777,-0.05003981218631437,-1.341425911641692,5.848901596004223,-14.977093230487126,11.742472442868301,20.0,26.72389041530532,-66.35955773415075,-65.80778876981532,FLAT
2026-10-10T11:56:36.578744+00:00,1,PERP,OP|GATE|HTX,OP,GATE,HTX,20.570995793902647,-0.3459722604587147,25.258320784067852,13.548268245409083,-0.7795486867678836,41.9494948230037,20.0,42.64130780476637,-94.67917727560211,-85.33248184370221,FLAT
2026-10-10T11:56:46.867070+00:00,2,PERP,OP|GATE|OKX,OP,GATE,OKX,0.61677411246297,-0.04191379035106601,0.8992876813066238,6.740348856005303,-8.166388402857105,9.411848873108752,20.0,17.57714509058779,-52.64282117475152,-52.08970628238992,FLAT
2026-10-10T11:56:47.697759+00:00,2,PERP,APT|BITGET|HTX,APT,BITGET,HTX,-16.40799037136209,-1.2023414576246334,7.145107434978265,19.589358461341142,-42.70930673377582,9.902810421207331,21.999999999999996,52.69858322983905,-130.55299739859313,-83.45628621606811,FLAT
2026-10-10T11:56:48.777790+00:00,2,PERP,DOT|BITGET|HTX,DOT,BITGET,HTX,18.93666407076333,0.4390570183756554,11.71708731453618,16.443369435106288,-4.838079437563536,42.73044260191705,21.999999999999996,47.478605781600635,-92.03377253370036,-106.49196106898151,FLAT
2026-10-10T11:56:49.665266+00:00,2,PERP,DOT|HTX|OKX,DOT,HTX,OKX,-13.078612679595647,-0.22052807820980846,-9.675142520536351,15.433273561751463,-33.77806093520563,7.702709084793646,20.0,41.53493034717412,-91.63784876184339,-84.9127819525041,FLAT
2026-10-10T11:56:50.620137+00:00,2,PERP,AVAX|HTX|OKX,AVAX,HTX,OKX,-1.4433785632972373,-0.017431076584566926,-1.341425911641692,5.848901596004223,-14.977093230487126,12.125789951404897,20.0,27.10674933406361,-66.74241665290904,-66.5739651971102,FLAT
2026-10-10T11:56:51.077089+00:00,2,PERP,OP|GATE|HTX,OP,GATE,HTX,22.82879306833241,-0.17932385687437977,25.258320784067852,13.548268245409083,2.480391343007149,43.2067971452299,20.0,40.63362262922825,-89.41155207028896,-84.5820989903903,FLAT
2026-10-10T12:18:33.178922+00:00,0,PERP,OP|GATE|OKX,OP,GATE,OKX,1.3835600489242594,0.07566184815012686,0.8764690329727943,6.7020701760457175,-8.906009474827226,11.689408810642288,20.0,20.592556314048114,-56.37503482184813,-57.4054960917176,FLAT
2026-10-10T12:18:33.585069+00:00,0,PERP,APT|BITGET|HTX,APT,BITGET,HTX,-30.501191467205977,-1.9048477573384697,6.658362731815497,19.50788668326035,-57.963414559811795,-3.0257906578523563,21.999999999999996,55.10569969078187,-147.72747698240914,-73.421546301114,FLAT
2026-10-10T12:18:34.306065+00:00,0,PERP,DOT|BITGET|HTX,DOT,BITGET,HTX,16.406746000845462,0.2949246034318679,11.597698526134863,16.306023365804283,-6.0561845682671755,38.887632549631235,21.999999999999996,44.87019255888309,-90.52407565328514,-100.16012658237946,FLAT
2026-10-10T12:18:34.731550+00:00,0,PERP,DOT|HTX|OKX,DOT,HTX,OKX,-9.655715846190738,-0.02154461565249218,-9.32728898043291,15.244034567859071,-30.282846203889548,11.047627452469566,20.0,41.37027908646412,-88.32583630992076,-87.7451955193666,FLAT
2026-10-10T12:18:35.179815+00:00,0,PERP,AVAX|HTX|OKX,AVAX,HTX,OKX,1.3033492660641244,0.41586131006596716,-1.137471967937253,5.869315502358695,-13.053405270962992,15.698085693165442,20.0,28.747693959923584,-66.66362726294932,-71.58325162102628,FLAT
2026-10-10T12:18:35.564210+00:00,0,PERP,OP|GATE|HTX,OP,GATE,HTX,29.979156271908725,0.3653859945392823,25.00581875643974,13.611188140201978,9.667256172023464,50.3213321370799,20.0,40.53254028227023,-81.87110286668651,-91.84805366291039,FLAT
2026-10-10T12:18:45.882407+00:00,1,PERP,OP|GATE|OKX,OP,GATE,OKX,2.695202921074724,0.2713689711281118,0.8764690329727943,6.7020701760457175,-7.1866703508161045,12.5929527718327,20.0,19.774280808999404,-53.83742019278831,-57.490764547859314,FLAT
2026-10-10T12:18:46.360417+00:00,1,PERP,APT|BITGET|HTX,APT,BITGET,HTX,-30.362888540332868,-1.8977581669016035,6.658362731815497,19.50788668326035,-57.33124346243956,-3.3842758691371433,21.999999999999996,54.11126306777181,-146.10086926202686,-72.06862446681916,FLAT
2026-10-10T12:18:47.103097+00:00,1,PERP,DOT|BITGET|HTX,DOT,BITGET,HTX,24.416667429076888,0.7861493029517524,11.597698526134863,16.306023365804283,1.9325794728453083,46.91874265567053,21.999999999999996,44.87658233217695,-82.54170138546651,-108.19762646171262,FLAT
2026-10-10T12:18:47.529396+00:00,1,PERP,DOT|HTX|OKX,DOT,HTX,OKX,-14.992632775673309,-0.37164333169286834,-9.32728898043291,15.244034567859071,-35.1603925834143,5.249642694740153,20.0,40.470573917384364,-92.30367752036577,-81.04750559255743,FLAT
2026-10-10T12:18:47.977558+00:00,1,PERP,AVAX|HTX|OKX,AVAX,HTX,OKX,-2.1050804491917763,-0.1648588290858911,-1.137471967937253,5.869315502358695,-16.549679440358567,12.377560520393516,20.0,28.933280620392456,-70.34548809281377,-68.44831310872323,FLAT
2026-10-10T12:18:48.363300+00:00,1,PERP,OP|GATE|HTX,OP,GATE,HTX,28.858034710712577,0.28301834598075526,25.00581875643974,13.611188140201978,3.944752241404892,53.809453130635454,20.0,49.721186151710256,-96.78225266674511,-104.52482052590597,FLAT
2026-10-10T12:18:58.681176+00:00,2,PERP,OP|GATE|OKX,OP,GATE,OKX,3.6004336454942276,0.40643630116815593,0.8764690329727943,6.7020701760457175,-7.172817259792907,14.391307172327839,20.0,21.556348810218157,-55.605635102983854,-61.071186949573196,FLAT
2026-10-10T12:18:59.096998+00:00,2,PERP,APT|BITGET|HTX,APT,BITGET,HTX,-29.746304615290153,-1.8661512617019849,6.658362731815497,19.50788668326035,-57.477088203901076,-2.0007268418198443,21.999999999999996,55.641871422504664,-147.77732235822123,-74.98278184886932,FLAT
2026-10-10T12:18:59.837316+00:00,2,PERP,DOT|BITGET|HTX,DOT,BITGET,HTX,24.416667429076888,0.7861493029517524,11.597698526134863,16.306023365804283,1.9325794728453083,46.91874265567053,21.999999999999996,44.87658233217695,-82.54170138546651,-108.19762646171262,FLAT
2026-10-10T12:19:00.282098+00:00,2,PERP,DOT|HTX|OKX,DOT,HTX,OKX,-14.343149455618986,-0.32903759518898307,-9.32728898043291,15.244034567859071,-34.438768558875395,5.826718765467032,20.0,40.32318655891547,-91.43466613735795,-81.47719430481541,FLAT
2026-10-10T12:19:00.730365+00:00,2,PERP,AVAX|HTX|OKX,AVAX,HTX,OKX,-4.446797350711185,-0.5638349789586226,-1.137471967937253,5.869315502358695,-19.39333481624006,10.539763448198514,20.0,29.946361289528244,-74.20222413783105,-67.62359670566401,FLAT
2026-10-10T12:19:01.115133+00:00,2,PERP,OP|GATE|HTX,OP,GATE,HTX,23.580587032634437,-0.10471030957214839,25.00581875643974,13.611188140201978,1.3266083376239912,45.86848545565792,20.0,44.43706607692265,-94.11627649573839,-91.29973277614083,FLAT
2026-10-10T12:44:19.578707+00:00,0,PERP,OP|GATE|OKX,OP,GATE,OKX,1.9556911708340508,0.16911186619097904,0.8254557042102699,6.683359908922057,-7.172150403866873,11.096461914648081,20.0,18.265031092203856,-52.262637200281,-54.53603730264167,FLAT
2026-10-10T12:44:20.055623+00:00,0,PERP,APT|BITGET|HTX,APT,BITGET,HTX,-38.17158166973478,-2.2842086494185234,6.55585624497804,19.58115250377797,-62.72698333725568,-13.604794263227804,21.999999999999996,49.31041207717193,-146.59325165940567,-57.149761568966085,FLAT
2026-10-10T12:44:20.868186+00:00,0,PERP,DOT|BITGET|HTX,DOT,BITGET,HTX,12.884589318284956,0.07813634268419425,11.609671185554545,16.316583153671292,-7.815021746125916,33.60077332990707,21.999999999999996,41.36249456863067,-88.78718750031112,-91.35359671298319,FLAT
2026-10-10T12:44:21.429896+00:00,0,PERP,DOT|HTX|OKX,DOT,HTX,OKX,-11.230471578612677,-0.12479991024263568,-9.32795520023677,15.244533226642867,-29.118563099537198,6.7173930508857005,20.0,35.876147055975316,-81.66675495527574,-77.92149530709779,FLAT
2026-10-10T12:44:21.979307+00:00,0,PERP,AVAX|HTX|OKX,AVAX,HTX,OKX,3.89306079577878,0.8451708802578181,-1.0625593471784742,5.863453484632067,-12.285209147006038,20.11998992398345,20.0,32.39251540187203,-69.6151652016996,-79.57506467303395,FLAT
2026-10-10T12:44:22.474310+00:00,0,PERP,OP|GATE|HTX,OP,GATE,HTX,12.04874206865103,-0.928769200422381,24.83237343864712,13.764056090773051,-4.691884280051406,28.81347460469419,20.0,33.46502040109005,-88.98927811978858,-63.44612156713712,FLAT
2026-10-10T12:44:32.778514+00:00,1,PERP,OP|GATE|OKX,OP,GATE,OKX,2.137609475181268,0.19633145436613667,0.8254557042102699,6.683359908922057,-6.704578508081038,10.991953389833942,20.0,17.692741530686348,-51.22277574297766,-53.859239216310016,FLAT
2026-10-10T12:44:33.271800+00:00,1,PERP,APT|BITGET|HTX,APT,BITGET,HTX,-38.01954843348443,-2.2764443854804832,6.55585624497804,19.58115250377797,-62.42373203497187,-13.604794263227804,21.999999999999996,49.00525123522422,-145.98483951517414,-56.844600727018374,FLAT
2026-10-10T12:44:34.097043+00:00,1,PERP,DOT|BITGET|HTX,DOT,BITGET,HTX,20.904520907647495,0.5696566269146598,11.609671185554545,16.316583153671292,0.18512635495682161,41.64051753930531,21.999999999999996,41.36890482196086,-80.79344965255858,-99.39975117571161,FLAT
2026-10-10T12:44:34.631697+00:00,1,PERP,DOT|HTX|OKX,DOT,HTX,OKX,-13.714358991252507,-0.28773618226300424,-9.32795520023677,15.244533226642867,-31.98854290541453,4.6208881603093666,20.0,36.659605513450785,-85.32019321862855,-76.60844887399692,FLAT
2026-10-10T12:44:35.179139+00:00,1,PERP,AVAX|HTX|OKX,AVAX,HTX,OKX,3.1148957734750127,0.7124564271896195,-1.0625593471784742,5.863453484632067,-12.432039816342444,18.707334760239558,20.0,31.129611533762652,-68.49909200292663,-76.8995056411807,FLAT
2026-10-10T12:44:35.628815+00:00,1,PERP,OP|GATE|HTX,OP,GATE,HTX,12.795382274790601,-0.8745235477444547,24.83237343864712,13.764056090773051,-2.2876161666540717,27.899537632272153,20.0,30.148562732408493,-83.26855233770968,-59.215726926033526,FLAT
2026-10-10T12:44:45.927692+00:00,2,PERP,OP|GATE|OKX,OP,GATE,OKX,2.986579814772128,0.3233589302405862,0.8254557042102699,6.683359908922057,-6.0198375742459564,12.006667538893012,20.0,18.021112597178288,-50.86640587563451,-55.20232443186103,FLAT
2026-10-10T12:44:46.440150+00:00,2,PERP,APT|BITGET|HTX,APT,BITGET,HTX,-38.01954843348443,-2.2764443854804832,6.55585624497804,19.58115250377797,-62.42373203497187,-13.604794263227804,21.999999999999996,49.00525123522422,-145.98483951517414,-56.844600727018374,FLAT
2026-10-10T12:44:47.237557+00:00,2,PERP,DOT|BITGET|HTX,DOT,BITGET,HTX,19.08986851181238,0.45844140625574314,11.609671185554545,16.316583153671292,-3.4427255524938083,41.64051753930531,21.999999999999996,44.997336537349504,-88.04973327539786,-103.02818289110026,FLAT
2026-10-10T12:44:47.778654+00:00,2,PERP,DOT|HTX|OKX,DOT,HTX,OKX,-13.452295993651164,-0.2705455609625544,-9.32795520023677,15.244533226642867,-33.117482189759514,6.285762020514785,20.0,39.456187072864225,-89.24571406238697,-81.06990429361578,FLAT
2026-10-10T12:44:48.279169+00:00,2,PERP,AVAX|HTX|OKX,AVAX,HTX,OKX,3.8490210255082147,0.8376599875073268,-1.0625593471784742,5.863453484632067,-11.304315175502122,19.045671989152968,20.0,30.33824809140158,-66.58000391972523,-76.44647942773302,FLAT
2026-10-10T12:44:48.769207+00:00,2,PERP,OP|GATE|HTX,OP,GATE,HTX,15.503943810921683,-0.6777384199980772,24.83237343864712,13.764056090773051,2.478057777774989,28.548472222222898,20.0,26.03004427930362,-74.38435994017576,-55.7461430628794,FLAT
2026-10-10T13:03:45.160966+00:00,0,PERP,OP|GATE|OKX,OP,GATE,OKX,3.2940609833831402,0.3478454695649807,0.9638414217383163,6.69900793751611,-5.208025489820134,11.808086053908262,20.0,17.010499805170557,-49.18236671672901,-53.8547444373405,FLAT
2026-10-10T13:03:45.597663+00:00,0,PERP,APT|BITGET|HTX,APT,BITGET,HTX,-20.655156067546088,-1.4038897601536737,6.315978567941348,19.21171832789428,-43.95156882560758,2.6526887186162362,21.999999999999996,46.700715797271044,-124.96826319081998,-71.03742594794593,FLAT
2026-10-10T13:03:46.252431+00:00,0,PERP,DOT|BITGET|HTX,DOT,BITGET,HTX,6.394933698437022,-0.3159514338332133,11.513943632162857,16.20188859920824,-19.772738649446175,32.58359054699733,21.999999999999996,52.32286066333788,-111.60954294494691,-101.39250757817234,FLAT
2026-10-10T13:03:46.760208+00:00,0,PERP,DOT|HTX|OKX,DOT,HTX,OKX,-4.08716458774272,0.3331219223320875,-9.146015564531792,15.186184509784171,-28.094255644907086,20.02934059521566,20.0,48.1430243218598,-93.09126440223508,-103.31838048160725,FLAT
2026-10-10T13:03:47.210434+00:00,0,PERP,AVAX|HTX|OKX,AVAX,HTX,OKX,0.06070571648919554,0.19822856658617793,-1.1003618765573673,5.857216308638342,-14.03837157400889,14.198305565875646,20.0,28.236453173153897,-67.17446287060542,-69.5351206155869,FLAT
2026-10-10T13:03:47.602122+00:00,0,PERP,OP|GATE|HTX,OP,GATE,HTX,19.975025943943514,-0.3387218424569195,24.6117736572085,13.688953979561301,4.152724137425068,35.82176891772537,20.0,31.605893063985118,-78.06494258376856,-68.815888324502,FLAT
2026-10-10T13:03:57.860123+00:00,1,PERP,OP|GATE|OKX,OP,GATE,OKX,3.323560371311096,0.3522490153143075,0.9638414217383163,6.69900793751611,-6.710993641678709,13.374771286176479,20.0,20.079077711774914,-53.75391277519194,-58.490007576213074,FLAT
2026-10-10T13:03:58.331449+00:00,1,PERP,APT|BITGET|HTX,APT,BITGET,HTX,-21.265577197870922,-1.4356631351275582,6.315978567941348,19.21171832789428,-44.05083960044243,1.5285316799995563,21.999999999999996,45.67650328410657,-124.04332145249035,-68.88905639616478,FLAT
2026-10-10T13:03:59.080663+00:00,1,PERP,DOT|BITGET|HTX,DOT,BITGET,HTX,15.870744149932836,0.26890695434005696,11.513943632162857,16.20188859920824,-8.589212219227704,40.35033130269872,21.999999999999996,48.86198803648612,-96.96514388787668,-105.69837570702197,FLAT
2026-10-10T13:03:59.510837+00:00,1,PERP,DOT|HTX|OKX,DOT,HTX,OKX,-14.043280547103576,-0.32248159367592094,-9.146015564531792,15.186184509784171,-36.40660140151852,8.411440406337345,20.0,44.880882893161875,-98.1414687301486,-88.43833886403101,FLAT
2026-10-10T13:03:59.958852+00:00,1,PERP,AVAX|HTX|OKX,AVAX,HTX,OKX,0.48819048987791547,0.2712128565394543,-1.1003618765573673,5.857216308638342,-14.03837157400889,15.05444311868498,20.0,29.09134033232728,-68.0293500297788,-71.24614532756962,FLAT
2026-10-10T13:04:00.353578+00:00,1,PERP,OP|GATE|HTX,OP,GATE,HTX,21.94471255336783,-0.19483308277774944,24.6117736572085,13.688953979561301,6.703123499118835,37.208063226188415,20.0,30.43812860447386,-74.34677876256353,-69.03441817345377,FLAT
2026-10-10T13:04:10.610599+00:00,2,PERP,OP|GATE|OKX,OP,GATE,OKX,2.5028055354536782,0.22973015229565266,0.9638414217383163,6.69900793751611,-6.4601075908210515,11.478624805763005,20.0,17.934234521027353,-51.35818353358672,-54.44901790505204,FLAT
2026-10-10T13:04:11.090770+00:00,2,PERP,APT|BITGET|HTX,APT,BITGET,HTX,-16.32533655877677,-1.1785158797505513,6.315978567941348,19.21171832789428,-39.16448418429419,6.522873954333264,21.999999999999996,45.76206445122503,-119.24252720346057,-73.96895983761695,FLAT
2026-10-10T13:04:11.785810+00:00,2,PERP,DOT|BITGET|HTX,DOT,BITGET,HTX,15.844481421551926,0.2672859872398268,11.513943632162857,16.20188859920824,-8.589212219227704,40.29778476830393,21.999999999999996,48.80965275799267,-96.91280860938323,-105.59349389413373,FLAT
2026-10-10T13:04:12.262012+00:00,2,PERP,DOT|HTX|OKX,DOT,HTX,OKX,-14.785831402615024,-0.3713780663240069,-9.146015564531792,15.186184509784171,-36.31293774149391,6.829257381442133,20.0,43.2058992092331,-96.37282138619523,-85.18117215520704,FLAT
2026-10-10T13:04:12.708998+00:00,2,PERP,AVAX|HTX|OKX,AVAX,HTX,OKX,0.40208227929605656,0.2565116390934015,-1.1003618765573673,5.857216308638342,-15.502422016637762,16.354047807145555,20.0,31.855118276004053,-72.25717841608444,-75.30952795970697,FLAT
2026-10-10T13:04:13.110110+00:00,2,PERP,OP|GATE|HTX,OP,GATE,HTX,24.407174629823558,-0.014946286450405426,24.6117736572085,13.688953979561301,5.3823692511589805,43.45950023612932,20.0,37.98440190169758,-83.21380630774709,-82.83212848061841,FLAT
2026-10-10T13:25:13.218405+00:00,0,PERP,OP|GATE|OKX,OP,GATE,OKX,1.2179923692690053,0.04098638326828173,0.9433970427158589,6.6996720534170295,-8.768796209698282,11.220408896772671,20.0,19.986758516301602,-55.698951768715744,-56.263770370358415,FLAT
2026-10-10T13:25:13.623918+00:00,0,PERP,APT|BITGET|HTX,APT,BITGET,HTX,-24.051303680004963,-1.5742123208844132,6.213653748033028,19.225460902907137,-45.53477197654421,-2.557292786435905,21.999999999999996,43.081092247206044,-122.82951797178328,-62.31014571273711,FLAT
2026-10-10T13:25:14.323032+00:00,0,PERP,DOT|BITGET|HTX,DOT,BITGET,HTX,15.35745385820464,0.22293526365373983,11.72468051178508,16.295193891182404,-3.5540027769465077,34.2840517716847,21.999999999999996,37.780027986041226,-81.0587112747728,-88.33939924594084,FLAT
2026-10-10T13:25:14.817252+00:00,0,PERP,DOT|HTX|OKX,DOT,HTX,OKX,-13.742645488088456,-0.2827462269486318,-9.400332774736865,15.357632744434413,-29.379483922444827,1.9408239152118867,20.0,31.363339937750478,-77.34249108545845,-68.70449662769923,FLAT
2026-10-10T13:25:15.323062+00:00,0,PERP,AVAX|HTX|OKX,AVAX,HTX,OKX,0.0628577278583009,0.2009230823230457,-1.1135766800114224,5.855148120703438,-11.409013120365907,11.560014102356408,20.0,22.968855010067394,-59.26429145042188,-61.642445792435225,FLAT
2026-10-10T13:25:15.774039+00:00,0,PERP,OP|GATE|HTX,OP,GATE,HTX,28.27677717544219,0.24896189542305705,24.89811537509004,13.570999668888465,8.453807061832297,48.13168482972196,20.0,39.565972242623005,-82.01028055588074,-88.79954169725492,FLAT
2026-10-10T13:25:26.015354+00:00,1,PERP,OP|GATE|OKX,OP,GATE,OKX,3.0650215827621174,0.3166758795252027,0.9433970427158589,6.6996720534170295,-6.982715805464723,13.127909792973735,20.0,20.10445212623505,-54.030564974415626,-58.288964876492926,FLAT
2026-10-10T13:25:26.540047+00:00,1,PERP,APT|BITGET|HTX,APT,BITGET,HTX,-26.433578634756927,-1.6981248224771177,6.213653748033028,19.225460902907137,-47.77978967587471,-5.0774595528257915,21.999999999999996,42.81550452469211,-124.80894794859984,-59.524391223833284,FLAT
2026-10-10T13:25:27.192062+00:00,1,PERP,DOT|BITGET|HTX,DOT,BITGET,HTX,15.533265034695098,0.23372440661604563,11.72468051178508,16.295193891182404,-3.3458965426369502,34.42754203362597,21.999999999999996,37.714849053067056,-80.78542610748909,-88.41771057490794,FLAT
2026-10-10T13:25:27.714794+00:00,1,PERP,DOT|HTX|OKX,DOT,HTX,OKX,-12.885696539525204,-0.22694668005076696,-9.400332774736865,15.357632744434413,-28.671320153959012,2.9468985437608453,20.0,31.658943671824762,-76.9299310510469,-70.00617499032246,FLAT
2026-10-10T13:25:28.220879+00:00,1,PERP,AVAX|HTX|OKX,AVAX,HTX,OKX,1.5236542928098729,0.4504123411491865,-1.1135766800114224,5.855148120703438,-11.415220213762955,14.49307305353642,20.0,25.90431033617393,-62.205953869925466,-67.51096006972178,FLAT
2026-10-10T13:25:28.708588+00:00,1,PERP,OP|GATE|HTX,OP,GATE,HTX,22.718066865969888,-0.16064023007221168,24.89811537509004,13.570999668888465,4.456815688389515,41.00575265600703,20.0,36.466073977657885,-82.9073736643584,-78.57371125857487,FLAT
2026-10-10T13:25:38.967205+00:00,2,PERP,OP|GATE|OKX,OP,GATE,OKX,1.202648363747283,0.0386961210883745,0.9433970427158589,6.6996720534170295,-8.152541792375567,10.571969458568198,20.0,18.722248958456287,-53.818187793547715,-54.35082137430863,FLAT
2026-10-10T13:25:39.455024+00:00,2,PERP,APT|BITGET|HTX,APT,BITGET,HTX,-22.964538935316135,-1.5176849507382704,6.213653748033028,19.225460902907137,-44.589209365020196,-1.3286529059863827,21.999999999999996,43.36012808627937,-122.16299119933258,-63.81782143225995,FLAT
2026-10-10T13:25:40.154408+00:00,2,PERP,DOT|BITGET|HTX,DOT,BITGET,HTX,15.533265034695098,0.23372440661604563,11.72468051178508,16.295193891182404,-3.3458965426369502,34.42754203362597,21.999999999999996,37.714849053067056,-80.78542610748909,-88.41771057490794,FLAT
2026-10-10T13:25:40.665139+00:00,2,PERP,DOT|HTX|OKX,DOT,HTX,OKX,-12.760355421945757,-0.21878519320801962,-9.400332774736865,15.357632744434413,-28.589554154944132,3.1159444413875192,20.0,31.745937568380345,-76.9351589485876,-70.26221478450472,FLAT
2026-10-10T13:25:41.167832+00:00,2,PERP,AVAX|HTX|OKX,AVAX,HTX,OKX,1.6497767327128265,0.4719527765579839,-1.1135766800114224,5.855148120703438,-11.612994192402581,14.944772547336171,20.0,26.553346929034046,-63.05276444142521,-68.61169615638164,FLAT
2026-10-10T13:25:41.620853+00:00,2,PERP,OP|GATE|HTX,OP,GATE,HTX,27.984955756295005,0.22745858496198704,24.89811537509004,13.570999668888465,9.029674856726455,46.96886845360737,20.0,37.83329567858396,-79.70173619694754,-85.9040487571013,FLAT
2026-10-10T14:00:00.281085+00:00,0,PERP,OP|GATE|OKX,OP,GATE,OKX,3.2889959399295954,0.3615951357517031,0.84145276138228,6.768739223936829,-5.319877904582659,11.90827171702269,20.0,17.222478874864876,-49.383809540829816,-54.289297830505284,FLAT
2026-10-10T14:00:00.727457+00:00,0,PERP,APT|BITGET|HTX,APT,BITGET,HTX,-11.793417354750702,-0.9408364023778076,6.281928979144708,19.211997206116788,-33.428800180524966,9.855893246681902,21.999999999999996,43.33579665928689,-111.04652581895655,-74.90976092682408,FLAT
2026-10-10T14:00:01.077829+00:00,0,SPOT,ARB|BITGET|HTX,ARB,BITGET,HTX,-12.03260092555003,-0.6795937212058683,-1.3834570914853115,15.669867895731764,-59.47726481080551,35.44905780951346,60.0,95.04066684420692,-219.13447456352714,-197.8731817452057,FLAT
2026-10-10T14:00:01.522850+00:00,0,PERP,DOT|BITGET|HTX,DOT,BITGET,HTX,13.412748434369348,0.09626439560590822,11.832376213841407,16.41699623812884,-6.885034776754617,33.72665379260509,21.999999999999996,40.55728370479035,-87.27469469538637,-90.45156128355404,FLAT
2026-10-10T14:00:02.035649+00:00,0,PERP,DOT|HTX|OKX,DOT,HTX,OKX,-11.230800366296423,-0.11860197531634852,-9.408168934860276,15.367631328016412,-29.020079323928137,6.616597780033651,20.0,35.67665005191321,-81.28856044098106,-77.70141676680714,FLAT
2026-10-10T14:00:03.100617+00:00,0,PERP,AVAX|HTX|OKX,AVAX,HTX,OKX,0.7933673421844922,0.32592082362117625,-1.114917516012633,5.855056565563788,-13.087390248547326,14.711435201544276,20.0,27.79657008491975,-65.76904281745445,-69.62292280247667,FLAT
2026-10-10T14:00:03.492898+00:00,0,PERP,OP|GATE|HTX,OP,GATE,HTX,27.636224562128664,0.215571382848008,24.703410591499082,13.604839064828044,5.362184616513055,49.94402707275691,20.0,44.45894913708008,-89.80017511206611,-95.69956561833791,FLAT
2026-10-10T14:00:13.837176+00:00,1,PERP,OP|GATE|OKX,OP,GATE,OKX,2.596593617665288,0.25930100100121517,0.84145276138228,6.768739223936829,-6.60973112657004,11.814850547591238,20.0,18.41979107540777,-51.87097496336009,-55.39318886161673,FLAT
2026-10-10T14:00:14.258927+00:00,1,PERP,APT|BITGET|HTX,APT,BITGET,HTX,-11.039307780021934,-0.901584388824075,6.281928979144708,19.211997206116788,-32.19700407148029,10.129972096237783,21.999999999999996,42.373750685210354,-108.85268373583536,-74.22179380230342,FLAT
2026-10-10T14:00:14.563187+00:00,1,SPOT,ARB|BITGET|HTX,ARB,BITGET,HTX,-7.815381350103623,-0.4104644851773301,-1.3834570914853115,15.669867895731764,-53.69659733397092,38.09923816157745,60.0,91.86762138984953,-210.18076163233516,-197.3503166429123,FLAT
2026-10-10T14:00:15.019562+00:00,1,PERP,DOT|BITGET|HTX,DOT,BITGET,HTX,13.747852602270516,0.11667642244933776,11.832376213841407,16.41699623812884,-6.642189916572505,34.154090548055294,21.999999999999996,40.740264919610425,-87.21483105002434,-91.06197925382432,FLAT
2026-10-10T14:00:15.485676+00:00,1,PERP,DOT|HTX|OKX,DOT,HTX,OKX,-9.265329938717981,0.009294795866288664,-9.408168934860276,15.367631328016412,-27.111829650342536,8.639803535184232,20.0,35.78469272286171,-79.48835343834398,-79.83266519290622,FLAT
2026-10-10T14:00:16.036983+00:00,1,PERP,AVAX|HTX|OKX,AVAX,HTX,OKX,-0.12908837462299871,0.16837226598078273,-1.114917516012633,5.855056565563788,-14.479195656965649,14.259295338865385,20.0,28.738811000578576,-68.1030891415316,-70.1130238554566,FLAT
2026-10-10T14:00:16.514566+00:00,1,PERP,OP|GATE|HTX,OP,GATE,HTX,28.236776565593313,0.2597139118851378,24.703410591499082,13.604839064828044,6.833677824267248,49.668578225687824,20.0,42.714269838734964,-86.5840026059668,-93.67943747292371,FLAT
2026-10-10T14:00:26.885939+00:00,2,PERP,OP|GATE|OKX,OP,GATE,OKX,1.6262773947506304,0.1159484222102859,0.84145276138228,6.768739223936829,-6.910342312341777,10.173979528933508,20.0,17.081536720513412,-50.833331794237466,-52.41406348806464,FLAT
2026-10-10T14:00:27.311495+00:00,2,PERP,APT|BITGET|HTX,APT,BITGET,HTX,-5.431995380132948,-0.6097192412430776,6.281928979144708,19.211997206116788,-25.748080794519844,14.89673528942248,21.999999999999996,40.66690239239258,-100.69691216605713,-77.28170870267034,FLAT
2026-10-10T14:00:27.673675+00:00,2,SPOT,ARB|BITGET|HTX,ARB,BITGET,HTX,-3.711636683432218,-0.1485768487289588,-1.3834570914853115,15.669867895731764,-53.535996321433245,46.15107805682861,60.0,99.72407357391414,-217.8766128038621,-213.25860872222808,FLAT
2026-10-10T14:00:28.260367+00:00,2,PERP,DOT|BITGET|HTX,DOT,BITGET,HTX,21.704744022694733,0.6013504337611123,11.832376213841407,16.41699623812884,1.2953460723741372,42.130365659778235,21.999999999999996,40.74657374646181,-79.28360388792908,-99.04456319239864,FLAT
2026-10-10T14:00:28.686368+00:00,2,PERP,DOT|HTX|OKX,DOT,HTX,OKX,-14.22482622745691,-0.3134287379614245,-9.408168934860276,15.367631328016412,-32.24635613043092,3.855912490540181,20.0,36.15359938359375,-84.9917865791644,-75.4176808089942,FLAT
2026-10-10T14:00:29.187993+00:00,2,PERP,AVAX|HTX|OKX,AVAX,HTX,OKX,-3.369991798970462,-0.3851498713472611,-1.114917516012633,5.855056565563788,-17.142857142857792,10.439610282952927,20.0,27.59171688257792,-69.61965650942308,-65.14624468154348,FLAT
2026-10-10T14:00:29.581005+00:00,2,PERP,OP|GATE|HTX,OP,GATE,HTX,26.115900563439265,0.10382261526281682,24.703410591499082,13.604839064828044,8.558654911468011,43.694766286344056,20.0,35.04457600531529,-77.18933168534636,-80.03593170016026,FLAT
2026-10-10T14:20:25.014177+00:00,0,PERP,OP|GATE|OKX,OP,GATE,OKX,3.045123621425727,0.301396138108126,1.0294821461994923,6.687681825913518,-6.227067518036478,12.32952116247299,20.0,18.550931663198735,-51.80748132743471,-55.85097067947224,FLAT
2026-10-10T14:20:25.432549+00:00,0,PERP,APT|BITGET|HTX,APT,BITGET,HTX,-23.59828502212502,-1.5319683701986828,5.885386289383978,19.24561360733918,-47.07880451559343,-0.09971100000005784,21.999999999999996,47.09021140009726,-128.05440220507467,-69.10511411071323,FLAT
2026-10-10T14:20:25.666047+00:00,0,SPOT,ARB|BITGET|HTX,ARB,BITGET,HTX,14.679138976461115,1.0067294595167902,-1.1509455438365086,15.724268690712343,-19.292175209500996,48.67209181285581,60.0,67.8646406837645,-152.005870349429,-183.6876780404568,FLAT
2026-10-10T14:20:26.139566+00:00,0,PERP,DOT|BITGET|HTX,DOT,BITGET,HTX,16.908470350407434,0.29630490003782306,12.10417313037518,16.21403230057616,1.6626369702055221,32.16646149247771,21.999999999999996,30.452329445658883,-68.89386560582854,-78.5146178077614,FLAT
2026-10-10T14:20:26.610140+00:00,0,PERP,DOT|HTX|OKX,DOT,HTX,OKX,-8.042456227864703,0.09188458933066813,-9.452429256367266,15.345043589719337,-21.161942571177317,5.106557257008593,20.0,26.28960994188507,-63.99912325669513,-66.84859645526093,FLAT
2026-10-10T14:20:27.065300+00:00,0,PERP,AVAX|HTX|OKX,AVAX,HTX,OKX,4.175056131014987,0.9129843148874224,-1.160788034144239,5.844398505156328,-11.574666847191661,19.971070860371753,20.0,31.53250477905482,-67.94638359210224,-78.66436367357082,FLAT
2026-10-10T14:20:27.462725+00:00,0,PERP,OP|GATE|HTX,OP,GATE,HTX,17.474700076431926,-0.5379077950406418,24.760541426191978,13.544777407826126,4.314734529413666,30.650905240108273,20.0,26.2902193271261,-72.7360262239044,-58.18058314104239,FLAT
2026-10-10T14:20:37.714536+00:00,1,PERP,OP|GATE|OKX,OP,GATE,OKX,3.091672104387211,0.3083564696808867,1.0294821461994923,6.687681825913518,-8.110727723155131,14.312238328899607,20.0,22.416021035505914,-57.55623090486054,-61.69877721820603,FLAT
2026-10-10T14:20:38.118035+00:00,1,PERP,APT|BITGET|HTX,APT,BITGET,HTX,-28.878659386673,-1.8063360506624717,5.885386289383978,19.24561360733918,-51.503116635369665,-6.240647065463012,21.999999999999996,45.393556014723224,-130.78205893947685,-61.26752265987623,FLAT
2026-10-10T14:20:38.352888+00:00,1,SPOT,ARB|BITGET|HTX,ARB,BITGET,HTX,5.9099538529139295,0.449044692356409,-1.1509455438365086,15.724268690712343,-27.61440045310981,39.4546660087225,60.0,67.02944618912453,-159.49290109839785,-173.63505774168354,FLAT
2026-10-10T14:20:38.754385+00:00,1,PERP,DOT|BITGET|HTX,DOT,BITGET,HTX,19.956071728417513,0.48426563192200606,12.10417313037518,16.21403230057616,1.6626369702055221,38.264094552626915,21.999999999999996,36.52855512151407,-74.97009128168372,-90.6884765437658,FLAT
2026-10-10T14:20:39.261105+00:00,1,PERP,DOT|HTX|OKX,DOT,HTX,OKX,-15.83045393514837,-0.41564070127856567,-9.452429256367266,15.345043589719337,-31.582542736781072,-0.03331717457144556,20.0,31.59918418287378,-79.72929766328758,-67.0182962646696,FLAT
2026-10-10T14:20:39.715017+00:00,1,PERP,AVAX|HTX|OKX,AVAX,HTX,OKX,5.704185445196686,1.1746244670489487,-1.160788034144239,5.844398505156328,-8.131705452967264,19.57613671818237,20.0,27.69199921048674,-60.66291662930977,-74.42892396281334,FLAT
2026-10-10T14:20:40.133098+00:00,1,PERP,OP|GATE|HTX,OP,GATE,HTX,17.403318702846615,-0.5431778243247013,24.760541426191978,13.544777407826126,2.5959988806945056,32.235389482506704,20.0,29.58787720735807,-77.75241975285554,-63.062725263672796,FLAT
2026-10-10T14:20:50.410708+00:00,2,PERP,OP|GATE|OKX,OP,GATE,OKX,3.5784282147854896,0.3811404511963036,1.0294821461994923,6.687681825913518,-7.309488703168832,14.484261764633466,20.0,21.785939796382998,-56.12491064575132,-61.24071941481697,FLAT
2026-10-10T14:20:50.872731+00:00,2,PERP,APT|BITGET|HTX,APT,BITGET,HTX,-29.238845360368693,-1.825051274871189,5.885386289383978,19.24561360733918,-52.02335557682791,-6.439946600467206,21.999999999999996,45.717075885787104,-131.625817751999,-61.391742995935914,FLAT
2026-10-10T14:20:51.174684+00:00,2,SPOT,ARB|BITGET|HTX,ARB,BITGET,HTX,4.557366047261979,0.36302556916177253,-1.1509455438365086,15.724268690712343,-28.742312082469248,37.87759687912562,60.0,66.58955532309162,-160.18092186172436,-171.61809774605373,FLAT
2026-10-10T14:20:51.645424+00:00,2,PERP,DOT|BITGET|HTX,DOT,BITGET,HTX,19.963093481842886,0.48469869837304086,12.10417313037518,16.21403230057616,1.6626369702055221,38.27814365895854,21.999999999999996,36.542550636785236,-74.9840867969549,-90.71652116536859,FLAT
2026-10-10T14:20:52.160166+00:00,2,PERP,DOT|HTX|OKX,DOT,HTX,OKX,-18.98559301531599,-0.6212536121654046,-9.452429256367266,15.345043589719337,-34.73631218648299,-3.189807695039848,20.0,31.60644682524668,-82.8903297553624,-63.8690683865741,FLAT
2026-10-10T14:20:52.613508+00:00,2,PERP,AVAX|HTX|OKX,AVAX,HTX,OKX,5.981067599656331,1.222000113014117,-1.160788034144239,5.844398505156328,-7.427409975179211,19.424146469615433,20.0,26.835461386215137,-59.10208332725011,-73.42039588997481,FLAT
2026-10-10T14:20:53.016896+00:00,2,PERP,OP|GATE|HTX,OP,GATE,HTX,17.786106676773716,-0.514916896706509,24.760541426191978,13.544777407826126,3.2100716983829436,32.386120708809415,20.0,29.124228638906324,-76.67469836671536,-62.74980792152376,FLAT
2026-10-10T14:38:37.307994+00:00,0,PERP,OP|GATE|OKX,OP,GATE,OKX,-1.5400186731484578,-0.3703335189375623,0.9477542251756171,6.71765522456937,-11.164373493410817,8.097957908512754,20.0,19.26528865943807,-57.377416378024506,-52.41549234277521,FLAT
2026-10-10T14:38:37.758862+00:00,0,PERP,APT|BITGET|HTX,APT,BITGET,HTX,-18.597326768106104,-1.2684557688921811,5.852011814349254,19.274884613287256,-38.339452414467566,1.1576447872085893,21.999999999999996,39.57068391763954,-111.76214814645635,-62.87631689049888,FLAT
2026-10-10T14:38:38.384846+00:00,0,PERP,DOT|BITGET|HTX,DOT,BITGET,HTX,25.575591002549025,0.8334749692340633,12.04879478552315,16.229397062105615,-2.319527286985812,53.49297195631708,21.999999999999996,55.67011076470272,-98.03843283721167,-125.11428793549663,FLAT
2026-10-10T14:38:38.807158+00:00,0,PERP,DOT|HTX|OKX,DOT,HTX,OKX,-23.625197263856812,-0.9196191847384021,-9.529933322983146,15.32728348298133,-49.0558095039495,1.926989701797055,20.0,51.10324171256051,-116.62911789352685,-88.5601647373407,FLAT
2026-10-10T14:38:39.259019+00:00,0,PERP,AVAX|HTX|OKX,AVAX,HTX,OKX,4.259058128464055,0.8829000072097876,-1.01217036549309,5.970357289514257,-11.616232035135399,20.18211102268186,20.0,31.78473401278875,-68.38879568243105,-78.9790154009637,FLAT
2026-10-10T14:38:39.642459+00:00,0,PERP,OP|GATE|HTX,OP,GATE,HTX,23.715879719348187,-0.08192088952182641,24.82174588883916,13.499196309341027,3.829229451393079,43.63396321263701,20.0,39.7105319190207,-86.70304835646678,-84.52274924281855,FLAT
2026-10-10T14:38:49.957273+00:00,1,PERP,OP|GATE|OKX,OP,GATE,OKX,-1.9086225766218323,-0.4252044361178949,0.9477542251756171,6.71765522456937,-11.246676944245415,7.443535861479944,20.0,18.69377009762873,-56.88820126704976,-51.18955173393306,FLAT
2026-10-10T14:38:50.410625+00:00,1,PERP,APT|BITGET|HTX,APT,BITGET,HTX,-18.38856549792545,-1.257625028559928,5.852011814349254,19.274884613287256,-37.94689934897511,1.1817706866823485,21.999999999999996,39.20075091163043,-110.99966207495478,-62.53050978396352,FLAT
2026-10-10T14:38:51.114104+00:00,1,PERP,DOT|BITGET|HTX,DOT,BITGET,HTX,30.560768509428904,1.1406445755849908,12.04879478552315,16.229397062105615,5.659467503689175,55.48195873322559,21.999999999999996,49.670685856513366,-84.06001313834733,-121.1038498042158,FLAT
2026-10-10T14:38:51.558047+00:00,1,PERP,DOT|HTX|OKX,DOT,HTX,OKX,-23.913976844638363,-0.9384600694328229,-9.529933322983146,15.32728348298133,-46.110884132677384,-1.6243448081554313,20.0,44.59298561784735,-107.17393642754158,-78.49857413267506,FLAT
2026-10-10T14:38:52.065300+00:00,1,PERP,AVAX|HTX|OKX,AVAX,HTX,OKX,5.265241597878223,1.0514298657462824,-1.01217036549309,5.970357289514257,-9.949630301283596,20.5227661056262,20.0,30.45630072734806,-65.39376066313858,-77.99123719846736,FLAT
2026-10-10T14:38:52.500933+00:00,1,PERP,OP|GATE|HTX,OP,GATE,HTX,22.115926526988794,-0.20044299674181515,24.82174588883916,13.499196309341027,3.1144796485316206,41.14404888639234,20.0,37.94563024953652,-85.65289648984407,-80.2679332470897,FLAT
2026-10-10T14:39:02.757092+00:00,2,PERP,OP|GATE|OKX,OP,GATE,OKX,0.6844712314069135,-0.0391926922366846,0.9477542251756171,6.71765522456937,-8.84796035184543,10.230436456994951,20.0,19.077081437137732,-54.87279601415878,-54.35976366895707,FLAT
2026-10-10T14:39:03.157653+00:00,2,PERP,APT|BITGET|HTX,APT,BITGET,HTX,-15.720437737188897,-1.119199932157677,5.852011814349254,19.274884613287256,-35.023975105354936,3.5939372958648796,21.999999999999996,38.67871399126163,-107.55470091096582,-64.42063947277725,FLAT
2026-10-10T14:39:03.777731+00:00,2,PERP,DOT|BITGET|HTX,DOT,BITGET,HTX,18.492262934424186,0.3970244935313115,12.04879478552315,16.229397062105615,2.795504374912827,34.2015588410316,21.999999999999996,31.34807976783455,-68.60137017844487,-81.50084382334299,FLAT
2026-10-10T14:39:04.209674+00:00,2,PERP,DOT|HTX|OKX,DOT,HTX,OKX,-17.16591260522926,-0.4981952144830318,-9.529933322983146,15.32728348298133,-29.91156516058968,-4.390446217684696,20.0,25.564968716187806,-71.94660055379434,-56.704455821486256,FLAT
2026-10-10T14:39:04.909314+00:00,2,PERP,AVAX|HTX|OKX,AVAX,HTX,OKX,4.823050206783641,0.9773653885882397,-1.01217036549309,5.970357289514257,-10.321085059772361,20.01031575226353,20.0,30.31671757706474,-65.625632271344,-77.33920369482135,FLAT
2026-10-10T14:39:05.295498+00:00,2,PERP,OP|GATE|HTX,OP,GATE,HTX,25.546630805026727,0.05369837578300629,24.82174588883916,13.499196309341027,6.282379444197961,44.83466002934256,20.0,38.45402883193385,-82.99339527657504,-84.46694297243724,FLAT
2026-10-10T14:56:05.559553+00:00,0,PERP,OP|GATE|OKX,OP,GATE,OKX,0.2779375555994612,-0.10139181530571079,0.958261541146341,6.709851120582129,-10.86978285090412,11.442705097517436,20.0,22.31185479386942,-60.13989918591987,-58.79629835024051,FLAT
2026-10-10T14:56:06.042746+00:00,0,PERP,APT|BITGET|HTX,APT,BITGET,HTX,-17.627531566184462,-1.2122481016997653,5.801478586234439,19.326910159370584,-35.147445819004865,-0.09971099999783739,21.999999999999996,35.10962263357036,-104.05854703880965,-57.208433047338076,FLAT
2026-10-10T14:56:06.717468+00:00,0,PERP,DOT|BITGET|HTX,DOT,BITGET,HTX,24.162304618737807,0.7410367307204847,12.149042880508082,16.21142548028576,2.1348354503625266,46.207395762449806,21.999999999999996,43.96632050321982,-81.98052793336538,-106.02467338516155,FLAT
2026-10-10T14:56:07.210727+00:00,0,PERP,DOT|HTX|OKX,DOT,HTX,OKX,-23.73465082066817,-0.927415755067759,-9.519138005560908,15.328090705196878,-42.39634327247721,-5.005712217731606,20.0,37.479466318760814,-96.35667158567712,-67.99289210659012,FLAT
2026-10-10T14:56:07.665893+00:00,0,PERP,AVAX|HTX|OKX,AVAX,HTX,OKX,-1.6706883944150874,-0.09194092083103073,-1.1330365351021179,5.847797199041193,-11.510583824239085,8.186523554367664,20.0,19.700383475163132,-56.077930764300106,-55.01994356463292,FLAT
2026-10-10T14:56:08.051261+00:00,0,PERP,OP|GATE|HTX,OP,GATE,HTX,23.47374259974222,-0.06894216667462919,24.44454967903577,14.081470399316716,-0.30749453987177766,47.28907260085791,20.0,47.4850774718248,-98.23712169073235,-96.32960039364694,FLAT
2026-10-10T14:56:18.310999+00:00,1,PERP,OP|GATE|OKX,OP,GATE,OKX,-1.2698520561293947,-0.332066026091266,0.958261541146341,6.709851120582129,-12.040394575836277,9.516358393086843,20.0,21.559479316035603,-60.55813543301822,-56.11757616797611,FLAT
2026-10-10T14:56:18.785219+00:00,1,PERP,APT|BITGET|HTX,APT,BITGET,HTX,-11.054162720995908,-0.8721332674616873,5.801478586234439,19.326910159370584,-28.11642459912056,6.014192331502688,21.999999999999996,34.16838613286062,-96.08628931821562,-62.381099878128865,FLAT
2026-10-10T14:56:19.413326+00:00,1,PERP,DOT|BITGET|HTX,DOT,BITGET,HTX,25.35188017865897,0.8144155684647516,12.149042880508082,16.21142548028576,4.513035670472565,46.207395762449806,21.999999999999996,41.588917700382204,-77.22492491041771,-103.64727058232393,FLAT
2026-10-10T14:56:19.911124+00:00,1,PERP,DOT|HTX|OKX,DOT,HTX,OKX,-25.086834167045158,-1.0156317874741003,-9.519138005560908,15.328090705196878,-42.85413972254126,-7.259744057394046,20.0,35.683814644705535,-95.0188163616859,-63.943208592872395,FLAT
2026-10-10T14:56:20.362475+00:00,1,PERP,AVAX|HTX|OKX,AVAX,HTX,OKX,-2.2367559900027256,-0.18874106220399947,-1.1330365351021179,5.847797199041193,-13.437020291314772,8.986798786270178,20.0,22.428811664841728,-60.732795421054384,-58.548646986214024,FLAT
2026-10-10T14:56:20.744580+00:00,1,PERP,OP|GATE|HTX,OP,GATE,HTX,22.265288279161854,-0.154760926101841,24.44454967903577,14.081470399316716,2.3891277326915095,42.171009673162004,20.0,39.693481294218216,-87.74890324056247,-83.41994128834445,FLAT
2026-10-10T14:56:31.010113+00:00,2,PERP,OP|GATE|OKX,OP,GATE,OKX,1.7900659038061484,0.12396763321741813,0.958261541146341,6.709851120582129,-8.34396559878825,11.937985638668103,20.0,20.27831177592522,-55.580538915859805,-57.25803587344698,FLAT
2026-10-10T14:56:31.413984+00:00,2,PERP,APT|BITGET|HTX,APT,BITGET,HTX,-17.557514488807378,-1.2086253251255628,5.801478586234439,19.326910159370584,-30.121450394476888,-4.989637791685819,21.999999999999996,25.176014809334823,-89.09894379004615,-42.384898431414555,FLAT
2026-10-10T14:56:32.046256+00:00,2,PERP,DOT|BITGET|HTX,DOT,BITGET,HTX,25.181234464766167,0.8038893063479303,12.149042880508082,16.21142548028576,3.5316203341340113,46.84816828670613,21.999999999999996,43.20773860780911,-79.82516115418318,-105.90686401400714,FLAT
2026-10-10T14:56:32.461004+00:00,2,PERP,DOT|HTX|OKX,DOT,HTX,OKX,-26.31158604341932,-1.0955342293326236,-9.519138005560908,15.328090705196878,-45.19534400451497,-7.361219332689961,20.0,37.93381729376778,-99.61002329272185,-66.09173596663872,FLAT
2026-10-10T14:56:32.963539+00:00,2,PERP,AVAX|HTX|OKX,AVAX,HTX,OKX,1.0150602451286517,0.3673343495193322,-1.1330365351021179,5.847797199041193,-9.978761803834946,12.03159143590149,20.0,22.008095855302184,-56.853821124035015,-61.1727238263058,FLAT
2026-10-10T14:56:33.689916+00:00,2,PERP,OP|GATE|HTX,OP,GATE,HTX,19.34347481193255,-0.3622544182140769,24.44454967903577,14.081470399316716,-0.5480640444488483,39.26468181218779,20.0,39.735860785945285,-90.7284745094299,-80.55599291909729,FLAT
2026-10-10T15:13:57.136599+00:00,0,PERP,OP|GATE|OKX,OP,GATE,OKX,0.3652227444628231,-0.13168541520096091,1.245312568540645,6.683274854202684,-9.84934328829401,10.594904538721028,20.0,20.443490008197728,-57.538145865032384,-55.79308197837811,FLAT
2026-10-10T15:13:57.629710+00:00,0,PERP,APT|BITGET|HTX,APT,BITGET,HTX,-14.46459867129768,-1.0413303316414775,5.653075772163868,19.319205282102466,-32.4640788114916,3.5472256480639786,21.999999999999996,36.0634645823301,-102.18061916598558,-61.95761445823021,FLAT
2026-10-10T15:13:58.402945+00:00,0,PERP,DOT|BITGET|HTX,DOT,BITGET,HTX,25.90559091019351,0.8023384286847755,12.732649555388587,16.41818574787515,2.9083804161578186,48.92121390261961,21.999999999999996,45.89393516754429,-83.71820430677505,-110.08249951477531,FLAT
2026-10-10T15:13:58.882981+00:00,0,PERP,DOT|HTX|OKX,DOT,HTX,OKX,-19.58943214394049,-0.6056184405407415,-10.228007135025761,15.457628734944308,-39.250513967614694,0.14628836739971618,20.0,39.473988230670535,-94.49649506325946,-75.84828373309601,FLAT
2026-10-10T15:13:59.381658+00:00,0,PERP,AVAX|HTX|OKX,AVAX,HTX,OKX,-0.25356724206337944,0.17398056509081503,-1.2721286868109618,5.85445531928184,-10.877959380857227,10.391231961750513,20.0,21.26971109292184,-56.8755417869681,-58.93307174148332,FLAT
2026-10-10T15:13:59.880764+00:00,0,PERP,OP|GATE|HTX,OP,GATE,HTX,25.19299407699238,0.0541617251969593,24.456682404914798,13.594686458010406,6.235341895310942,44.17955428791309,20.0,37.84883781415646,-82.07017832376032,-83.57170969715476,FLAT
2026-10-10T15:14:10.230906+00:00,1,PERP,OP|GATE|OKX,OP,GATE,OKX,0.9647235837206836,-0.0419837566075136,1.245312568540645,6.683274854202684,-8.28546032953792,10.22850279931875,20.0,18.512167233026698,-54.04294013110527,-53.49535746380481,FLAT
2026-10-10T15:14:10.638133+00:00,1,PERP,APT|BITGET|HTX,APT,BITGET,HTX,-20.095924013447952,-1.3328187888487313,5.653075772163868,19.319205282102466,-47.43438349787854,7.259413173099638,21.999999999999996,54.803925014039386,-135.8913842840818,-84.41026241497515,FLAT
2026-10-10T15:14:11.467886+00:00,1,PERP,DOT|BITGET|HTX,DOT,BITGET,HTX,21.341608840745874,0.5243550912116745,12.732649555388587,16.41818574787515,1.8167606285635074,40.882076931498815,21.999999999999996,38.98211595044169,-77.89800487726676,-95.1315433265519,FLAT
2026-10-10T15:14:11.985408+00:00,1,PERP,DOT|HTX|OKX,DOT,HTX,OKX,-21.610520850997574,-0.7363686831370143,-10.228007135025761,15.457628734944308,-38.30646754009681,-4.862760973310953,20.0,33.51605623760417,-87.59451664267522,-64.88130239931897,FLAT
2026-10-10T15:14:12.529752+00:00,1,PERP,AVAX|HTX|OKX,AVAX,HTX,OKX,0.640667822511265,0.32672493084409904,-1.2721286868109618,5.85445531928184,-10.106164372803983,11.408399039440908,20.0,21.51316483190876,-56.34720051790178,-60.193692558160635,FLAT
2026-10-10T15:14:12.978561+00:00,1,PERP,OP|GATE|HTX,OP,GATE,HTX,22.90270942009176,-0.11430737955029399,24.456682404914798,13.594686458010406,9.290333086635627,36.53475313526666,20.0,27.18215135961186,-68.34850067789104,-65.26022208996373,FLAT
2026-10-10T15:14:23.335496+00:00,2,PERP,OP|GATE|OKX,OP,GATE,OKX,0.10623065000547882,-0.17043768861591416,1.245312568540645,6.683274854202684,-8.233264059359646,8.457109032447008,20.0,16.69018802661679,-52.16876465451709,-49.901984490523155,FLAT
2026-10-10T15:14:23.898802+00:00,2,PERP,APT|BITGET|HTX,APT,BITGET,HTX,-15.034047800703831,-1.070806136732368,5.653075772163868,19.319205282102466,-43.14286726974981,13.096400498542327,21.999999999999996,56.32393712645806,-133.11988016837174,-91.76726185283653,FLAT
2026-10-10T15:14:24.646609+00:00,2,PERP,DOT|BITGET|HTX,DOT,BITGET,HTX,21.341608840745874,0.5243550912116745,12.732649555388587,16.41818574787515,1.8167606285635074,40.882076931498815,21.999999999999996,38.98211595044169,-77.89800487726676,-95.1315433265519,FLAT
2026-10-10T15:14:25.135590+00:00,2,PERP,DOT|HTX|OKX,DOT,HTX,OKX,-18.15458493987454,-0.5127939052468992,-10.228007135025761,15.457628734944308,-35.73488477851549,-0.519727464707298,20.0,35.279120568628,-86.78599821211773,-70.98740023894646,FLAT
2026-10-10T15:14:25.678822+00:00,2,PERP,AVAX|HTX|OKX,AVAX,HTX,OKX,3.1725619103650793,0.7591979705673572,-1.2721286868109618,5.85445531928184,-8.769774787837914,15.140343146600177,20.0,23.90250763848108,-57.400153739508035,-66.31497947189223,FLAT
2026-10-10T15:14:26.147799+00:00,2,PERP,OP|GATE|HTX,OP,GATE,HTX,26.017691228101825,0.11482492281145866,24.456682404914798,13.594686458010406,5.616385009115099,46.44862928968152,20.0,40.72626244470899,-85.56655984050869,-88.71820932947571,FLAT
2026-10-10T15:34:22.524838+00:00,0,PERP,OP|GATE|OKX,OP,GATE,OKX,1.4924310351926984,0.04646575443559048,1.184469840414568,6.627702455687395,-9.757120228264249,12.761636747264937,20.0,22.515379555937564,-59.45696962461638,-60.092546462787936,FLAT
2026-10-10T15:34:22.916867+00:00,0,PERP,APT|BITGET|HTX,APT,BITGET,HTX,-17.030792107254335,-1.199462645831798,5.94026684290782,19.151124905796703,-38.46786707228489,4.418154056820001,21.999999999999996,42.95918073067344,-115.36731464586614,-69.43706794458562,FLAT
2026-10-10T15:34:24.072729+00:00,0,PERP,DOT|BITGET|HTX,DOT,BITGET,HTX,17.97940609310489,0.3342038906916889,12.532312317191915,16.298714430401557,1.7701999954167214,34.2015588410316,21.999999999999996,32.37314867863048,-71.13526100040566,-82.04239520247015,FLAT
2026-10-10T15:34:24.470578+00:00,0,PERP,DOT|HTX|OKX,DOT,HTX,OKX,-8.830740858629671,0.0673119636006742,-9.862417297532982,15.326791609047307,-22.325365933248964,4.696836598598875,20.0,27.04604601022914,-65.50899464594512,-67.605299906361,FLAT
2026-10-10T15:34:24.871450+00:00,0,PERP,AVAX|HTX|OKX,AVAX,HTX,OKX,6.754777683213309,1.3786935358104415,-1.2998950829554774,5.8422503311687635,-8.637261974825394,22.190775346739855,20.0,30.8071650862868,-64.14453197815672,-80.29783551598213,FLAT
2026-10-10T15:34:25.292931+00:00,0,PERP,OP|GATE|HTX,OP,GATE,HTX,18.092345962610334,-0.4617256703788357,24.395723049426167,13.651779598141143,-9.954620160000927,46.19564360411887,20.0,56.04880181942998,-116.39914502885708,-103.84872237412269,FLAT
2026-10-10T15:34:35.568856+00:00,1,PERP,OP|GATE|OKX,OP,GATE,OKX,2.3524515470185747,0.1762272392904019,1.184469840414568,6.627702455687395,-9.545554648360266,14.272076352492835,20.0,23.81200971832426,-60.54203420709909,-62.89961623040253,FLAT
2026-10-10T15:34:36.009070+00:00,1,PERP,APT|BITGET|HTX,APT,BITGET,HTX,-15.454656035788217,-1.117162724588579,5.94026684290782,19.151124905796703,-37.695063099729694,6.801642038054556,21.999999999999996,44.56557402442025,-116.20090396705776,-73.42694921956698,FLAT
2026-10-10T15:34:36.678923+00:00,1,PERP,DOT|BITGET|HTX,DOT,BITGET,HTX,17.88267970038948,0.3282692881113169,12.532312317191915,16.298714430401557,-4.953443354368536,40.75285794605365,21.999999999999996,45.624686760350144,-91.1104424319106,-101.84523238921187,FLAT
2026-10-10T15:34:37.086783+00:00,1,PERP,DOT|HTX|OKX,DOT,HTX,OKX,-8.2219051383281,0.1070355884682674,-9.862417297532982,15.326791609047307,-24.789028531811972,8.396195634408077,20.0,33.21245282112684,-74.13906405540583,-77.4710657530679,FLAT
2026-10-10T15:34:37.521898+00:00,1,PERP,AVAX|HTX|OKX,AVAX,HTX,OKX,9.862636128872282,1.9106560963803572,-1.2998950829554774,5.8422503311687635,-7.783712854380065,27.56641423323991,20.0,35.315203689018965,-67.79902146044356,-90.18151300521436,FLAT
2026-10-10T15:34:37.892299+00:00,1,PERP,OP|GATE|HTX,OP,GATE,HTX,20.604037226150673,-0.2777429708718545,24.395723049426167,13.651779598141143,-0.378862384521339,41.6261297673759,20.0,41.918586371365045,-92.69317180531256,-85.14899308931479,FLAT
2026-10-10T15:34:48.177980+00:00,2,PERP,OP|GATE|OKX,OP,GATE,OKX,1.7240895821335478,0.08141882429497403,1.184469840414568,6.627702455687395,-8.685095226098616,12.152053508280858,20.0,20.833539921111736,-56.70310498762492,-57.80112358897803,FLAT
2026-10-10T15:34:48.557275+00:00,2,PERP,APT|BITGET|HTX,APT,BITGET,HTX,-17.906945622985226,-1.2452121002393401,5.94026684290782,19.151124905796703,-39.48302322630326,3.6816910254833246,21.999999999999996,43.242144069902245,-116.66543413911332,-68.98356825247774,FLAT
2026-10-10T15:34:49.249942+00:00,2,PERP,DOT|BITGET|HTX,DOT,BITGET,HTX,17.685453815514673,0.3161685861990895,12.532312317191915,16.298714430401557,-4.847328422400432,40.236219119860195,21.999999999999996,45.00394884323991,-90.38358958283226,-100.70785564590818,FLAT
2026-10-10T15:34:49.719077+00:00,2,PERP,DOT|HTX|OKX,DOT,HTX,OKX,-11.308360304614906,-0.09434087994178725,-9.862417297532982,15.326791609047307,-31.219573214812392,8.676713171684725,20.0,39.941316727433154,-87.29847264471258,-84.48044719665087,FLAT
2026-10-10T15:34:50.121805+00:00,2,PERP,AVAX|HTX|OKX,AVAX,HTX,OKX,8.53378061790755,1.6831999903187584,-1.2998950829554774,5.8422503311687635,-8.561857958749863,25.68493899054669,20.0,34.21750647305256,-67.47946934884695,-87.20234054655472,FLAT
2026-10-10T15:34:50.493175+00:00,2,PERP,OP|GATE|HTX,OP,GATE,HTX,17.438327940466625,-0.5096328327705258,24.395723049426167,13.651779598141143,-3.9386222989667985,38.86004262904752,20.0,42.724114395710295,-97.05845974410326,-83.18843397533166,FLAT
2026-10-10T15:52:41.271679+00:00,0,PERP,OP|GATE|OKX,OP,GATE,OKX,0.5224402389081284,-0.07829405388986659,1.0431774287663866,6.65104390418665,-9.46172553408453,10.521438653130488,20.0,19.982109231793192,-56.48701219464411,-55.46037045615729,FLAT
2026-10-10T15:52:41.728200+00:00,0,PERP,APT|BITGET|HTX,APT,BITGET,HTX,-17.683042079146283,-1.2014613486784886,5.602008286859069,19.380607117837826,-42.50570468898318,7.151077683227314,21.999999999999996,49.74474356811192,-125.85245654395416,-79.29381296448015,FLAT
2026-10-10T15:52:41.976430+00:00,0,SPOT,ARB|BITGET|HTX,ARB,BITGET,HTX,14.190333850676584,0.996289262783246,-1.4197104826248041,15.668184849943053,-26.13528745606053,54.53789929944941,60.0,80.55886506742898,-171.27444204086473,-202.5164748495032,FLAT
2026-10-10T15:52:42.365830+00:00,0,PERP,DOT|BITGET|HTX,DOT,BITGET,HTX,13.703431229021845,0.07862675605164561,12.42121946501111,16.30757554296811,-5.973741539068156,33.396295522445385,21.999999999999996,39.31615418591013,-85.71111518998939,-88.2912302433444,FLAT
2026-10-10T15:52:42.875932+00:00,0,PERP,DOT|HTX|OKX,DOT,HTX,OKX,-7.449789538730434,0.15021203026232147,-9.762781286968927,15.398179121866743,-24.488535401088196,9.642447852646896,20.0,34.156345177833515,-74.88209929195278,-79.56157431744934,FLAT
2026-10-10T15:52:43.266103+00:00,0,PERP,AVAX|HTX|OKX,AVAX,HTX,OKX,-6.2319634245011635,-0.8296882089032012,-1.3738186697942467,5.855386038484381,-14.820108928007558,2.368985668914636,20.0,17.199803914841617,-56.64609417305493,-46.9426082535505,FLAT
2026-10-10T15:52:43.648489+00:00,0,PERP,OP|GATE|HTX,OP,GATE,HTX,24.865301751659796,0.018401121986118527,24.616211487701865,13.53668891200444,3.3616637402356098,46.406384289998655,20.0,42.93792153926894,-90.19246928673519,-90.72809434156574,FLAT
2026-10-10T15:52:53.926991+00:00,1,PERP,OP|GATE|OKX,OP,GATE,OKX,0.6619317794998025,-0.057321174654493025,1.0431774287663866,6.65104390418665,-10.961283490577012,12.304669143501368,20.0,23.264396309072062,-61.268857228415456,-60.52588802380704,FLAT
2026-10-10T15:52:54.384862+00:00,1,PERP,APT|BITGET|HTX,APT,BITGET,HTX,-29.288602294599286,-1.8002847057017728,5.602008286859069,19.380607117837826,-54.43627288997277,-4.127533704827435,21.999999999999996,50.45651569920021,-138.49479687603204,-68.72697370751371,FLAT
2026-10-10T15:52:54.648594+00:00,1,SPOT,ARB|BITGET|HTX,ARB,BITGET,HTX,5.662097569272273,0.4519865012904042,-1.4197104826248041,15.668184849943053,-32.61998504430652,43.96671974956634,60.0,76.54335856400311,-173.74363312568482,-187.92978879619426,FLAT
2026-10-10T15:52:55.065605+00:00,1,PERP,DOT|BITGET|HTX,DOT,BITGET,HTX,17.903963761236596,0.3362084254510578,12.42121946501111,16.30757554296811,1.700375051949532,34.120463696589724,21.999999999999996,32.36214244022429,-71.08298685328586,-82.06138667180291,FLAT
2026-10-10T15:52:55.476107+00:00,1,PERP,DOT|HTX|OKX,DOT,HTX,OKX,-11.83158204758894,-0.13435359754207152,-9.762781286968927,15.398179121866743,-25.58363722744317,1.9540652578275974,20.0,27.570281512379076,-69.39113745285331,-65.28712805717561,FLAT
2026-10-10T15:52:55.970339+00:00,1,PERP,AVAX|HTX|OKX,AVAX,HTX,OKX,-1.1806875725062227,0.0329834951988946,-1.3738186697942467,5.855386038484381,-14.213752291971637,11.884122200640501,20.0,26.10091758131816,-64.94085120349555,-65.35885845175291,FLAT
2026-10-10T15:52:56.344800+00:00,1,PERP,OP|GATE|HTX,OP,GATE,HTX,26.85256495793542,0.16520683047169243,24.616211487701865,13.53668891200444,5.91591436220229,47.82327606957626,20.0,41.795103451404934,-86.49540057690452,-91.00216803327933,FLAT
2026-10-10T15:53:06.624498+00:00,2,PERP,OP|GATE|OKX,OP,GATE,OKX,0.7164423028993561,-0.04912539002506956,1.0431774287663866,6.65104390418665,-11.5363332473295,12.992364924704347,20.0,24.526919116525267,-63.10642979262115,-62.47610661246323,FLAT
2026-10-10T15:53:07.012869+00:00,2,PERP,APT|BITGET|HTX,APT,BITGET,HTX,-33.66087413773755,-2.025885060559286,5.602008286859069,19.380607117837826,-60.10641381412274,-7.203769647201597,21.999999999999996,53.08131799519753,-146.78974009617934,-68.27554006113687,FLAT
2026-10-10T15:53:07.273577+00:00,2,SPOT,ARB|BITGET|HTX,ARB,BITGET,HTX,13.805544678795467,0.9717306316740071,-1.4197104826248041,15.668184849943053,-22.011511893352818,49.64532756764007,60.0,71.55804247797582,-158.14984388870383,-188.62308052824068,FLAT
2026-10-10T15:53:07.660090+00:00,2,PERP,DOT|BITGET|HTX,DOT,BITGET,HTX,13.295176281813426,0.0535920753210412,12.42121946501111,16.30757554296811,-5.972593711989216,32.57828685682141,21.999999999999996,38.499688449848314,-84.89350162684863,-86.65675584165861,FLAT
2026-10-10T15:53:08.079849+00:00,2,PERP,DOT|HTX|OKX,DOT,HTX,OKX,-9.567364790400434,0.012690883449393345,-9.762781286968927,15.398179121866743,-26.483498378289116,7.400511498869555,20.0,33.916379901166195,-76.63709699248639,-77.07967268700467,FLAT
2026-10-10T15:53:08.518928+00:00,2,PERP,AVAX|HTX|OKX,AVAX,HTX,OKX,0.8936063952069695,0.38723750237791676,-1.3738186697942467,5.855386038484381,-11.459091004075717,13.27571555073126,20.0,24.73256146425605,-60.81783379853752,-65.38209568478156,FLAT
2026-10-10T15:53:08.952841+00:00,2,PERP,OP|GATE|HTX,OP,GATE,HTX,19.25430980622478,-0.3961014186210714,24.616211487701865,13.53668891200444,-9.254483091576393,47.81645663992195,20.0,56.96121496449283,-116.83190954377108,-106.16146011671292,FLAT
2026-10-10T20:04:40.192314+00:00,0,PERP,OP|GATE|OKX,OP,GATE,OKX,2.7699697234795373,0.17412259038448039,1.6101383798788584,6.661004416713841,-7.991367023126861,13.550110908624458,20.0,21.535496249327217,-57.137001652332934,-59.475468778072816,FLAT
2026-10-10T20:04:40.660849+00:00,0,PERP,APT|BITGET|HTX,APT,BITGET,HTX,-6.699968475539775,-0.6272229146253606,5.686436987835262,19.748011710913687,-31.58681108256345,18.20156089401115,21.999999999999996,49.821748058357564,-115.09499612875626,-90.33687196453344,FLAT
2026-10-10T20:04:41.479133+00:00,0,PERP,DOT|BITGET|HTX,DOT,BITGET,HTX,26.807050755437434,0.8070742235601994,13.686850730497444,16.256497409945293,4.457901795293928,49.17402200342869,21.999999999999996,44.59656287234873,-81.82551180755225,-108.08373414527998,FLAT
2026-10-10T20:04:42.003170+00:00,0,PERP,DOT|HTX|OKX,DOT,HTX,OKX,-23.070143473187255,-0.8035427237171011,-10.699616219827034,15.39498384869383,-42.955400546997865,-3.111922513128196,20.0,39.93547613421375,-98.19126046138459,-73.5231698409126,FLAT
2026-10-10T20:04:42.484944+00:00,0,PERP,AVAX|HTX|OKX,AVAX,HTX,OKX,-0.14446714307059239,0.20388113080742867,-1.3208383300452535,5.769887494325191,-12.89260527951086,12.633952663212433,20.0,25.526890799852424,-63.09865774931803,-65.48168179311011,FLAT
2026-10-10T20:04:42.949976+00:00,0,PERP,OP|GATE|HTX,OP,GATE,HTX,22.846307606816385,-0.0738766827059962,23.837172903783664,13.412422711379472,-0.6658339430765103,46.40375354607151,20.0,46.96225247715852,-97.4652593240187,-95.52883311944638,FLAT
2026-10-10T20:04:53.342503+00:00,1,PERP,OP|GATE|OKX,OP,GATE,OKX,3.7587047171294685,0.3225589119652003,1.6101383798788584,6.661004416713841,-6.7600817210111686,14.295499434806569,20.0,21.047654561966084,-55.41787466285611,-59.733015616893795,FLAT
2026-10-10T20:04:53.832989+00:00,1,PERP,APT|BITGET|HTX,APT,BITGET,HTX,-13.938292026959287,-0.9937572096915962,5.686436987835262,19.748011710913687,-35.84410761595214,7.9802710454157655,21.999999999999996,43.88554390609758,-113.41608850988499,-74.17937796367808,FLAT
2026-10-10T20:04:54.991727+00:00,1,PERP,DOT|BITGET|HTX,DOT,BITGET,HTX,25.727063365195146,0.7406400241746922,13.686850730497444,16.256497409945293,2.2987875625313237,49.17402200342869,21.999999999999996,46.75494026348934,-86.14300343145545,-110.24211153642058,FLAT
2026-10-10T20:04:55.489663+00:00,1,PERP,DOT|HTX|OKX,DOT,HTX,OKX,-24.652536214667677,-0.9063289790995437,-10.699616219827034,15.39498384869383,-45.13802949886126,-4.087438369319019,20.0,41.151886599291174,-101.5902998783254,-73.76406444979919,FLAT
2026-10-10T20:04:56.036183+00:00,1,PERP,AVAX|HTX|OKX,AVAX,HTX,OKX,-0.1464698895203842,0.20353402760103834,-1.3208383300452535,5.769887494325191,-12.790729662978118,12.527824803214571,20.0,25.318889681836513,-62.78878101476937,-65.16755281509633,FLAT
2026-10-10T20:04:56.505859+00:00,1,PERP,OP|GATE|HTX,OP,GATE,HTX,26.11839428701801,0.17008272348133602,23.837172903783664,13.412422711379472,6.181975157062425,46.087479213887676,20.0,39.80152213247025,-83.45671987919148,-88.05182844257425,FLAT
2026-10-10T20:05:06.886627+00:00,2,PERP,OP|GATE|OKX,OP,GATE,OKX,2.280167884483042,0.10058986043049913,1.6101383798788584,6.661004416713841,-8.968504910983333,13.549320252268515,20.0,22.51267326997647,-59.09131656083866,-60.45185514236613,FLAT
2026-10-10T20:05:07.286983+00:00,2,PERP,APT|BITGET|HTX,APT,BITGET,HTX,-10.04224579964963,-0.7964691847327838,5.686436987835262,19.748011710913687,-35.060910207799225,14.993556334153002,21.999999999999996,50.10477712307096,-118.85212431870545,-87.4118964693887,FLAT
2026-10-10T20:05:08.029529+00:00,2,PERP,DOT|BITGET|HTX,DOT,BITGET,HTX,25.584441137069813,0.7318667795741621,13.686850730497444,16.256497409945293,2.2987875625313237,48.88866381334456,21.999999999999996,46.47097545620029,-85.85903862416642,-109.6727885390474,FLAT
2026-10-10T20:05:08.491732+00:00,2,PERP,DOT|HTX|OKX,DOT,HTX,OKX,-26.10891534052029,-1.0009298659966208,-10.699616219827034,15.39498384869383,-46.82211745705267,-5.315814270753227,20.0,41.614801114044035,-103.73730235126968,-72.99860306311786,FLAT
2026-10-10T20:05:08.960473+00:00,2,PERP,AVAX|HTX|OKX,AVAX,HTX,OKX,-0.26365507033943025,0.18322424150307712,-1.3208383300452535,5.769887494325191,-12.641907624741933,12.144000535163624,20.0,24.786526788971795,-62.107596083668476,-64.25136565418067,FLAT
2026-10-10T20:05:09.363148+00:00,2,PERP,OP|GATE|HTX,OP,GATE,HTX,24.307606728128928,0.035074485383325624,23.837172903783664,13.412422711379472,1.0839626110903389,47.57156688190545,20.0,46.37484316205939,-95.12805345475272,-96.10923714018118,FLAT
